Full_(co)spectra
----------------
natural_frequency_[Hz]_->_from_[1/_averaging_interval]_to_[acquisition_frequency_/_2]
normalized_frequency_[#]->_natural_frequency_*_measuring_height_/_wind_speed
y-axis_->_natural_frequency_*_(co)spectrum_/_(co)variance
acquisition_frequency_[Hz]_=_ 10.000
measuring_height_(z-d)_[m]_=_  9.560
wind_speed_[m+1s-1]_=_  1.475
averaging_interval_[min]_=_     30
tapering_window_=_SQUARED_(no_tapering_forced_by_EddyPro._Tapering_is_only_applied_for_binned_(co)spectra)
,,cov(w_ts)
,,-1.4389312010993825E-002
natural_frequency,normalized_frequency,f_nat*cospec(w_ts)
0.610352E-03,0.395610E-02,0.442589E-01
0.122070E-02,0.791221E-02,0.282194E-01
0.183105E-02,0.118683E-01,-0.112055E-01
0.244141E-02,0.158244E-01,-0.297615E-01
0.305176E-02,0.197805E-01,-0.467471E-01
0.366211E-02,0.237366E-01,-0.457133E-01
0.427246E-02,0.276927E-01,0.789596E-01
0.488281E-02,0.316488E-01,0.172506
0.549316E-02,0.356049E-01,0.762865E-01
0.610352E-02,0.395610E-01,0.325576E-01
0.671387E-02,0.435171E-01,0.284941
0.732422E-02,0.474732E-01,0.162799
0.793457E-02,0.514294E-01,0.259234E-01
0.854492E-02,0.553855E-01,0.302815
0.915527E-02,0.593416E-01,0.630435E-03
0.976562E-02,0.632977E-01,0.571934
0.103760E-01,0.672538E-01,0.386619
0.109863E-01,0.712099E-01,-0.217397
0.115967E-01,0.751660E-01,0.139365
0.122070E-01,0.791221E-01,-0.437687E-01
0.128174E-01,0.830782E-01,0.358189E-01
0.134277E-01,0.870343E-01,-0.255592E-01
0.140381E-01,0.909904E-01,-0.154677
0.146484E-01,0.949465E-01,-0.176811E-02
0.152588E-01,0.989026E-01,0.133064E-01
0.158691E-01,0.102859,-0.466420E-01
0.164795E-01,0.106815,0.395800
0.170898E-01,0.110771,-0.450631E-01
0.177002E-01,0.114727,0.125361
0.183105E-01,0.118683,1.07892
0.189209E-01,0.122639,-0.873717E-01
0.195312E-01,0.126595,0.198180E-01
0.201416E-01,0.130551,-0.223493
0.207520E-01,0.134508,-0.354430
0.213623E-01,0.138464,0.554676
0.219727E-01,0.142420,-0.772452E-01
0.225830E-01,0.146376,0.400970
0.231934E-01,0.150332,-0.334244
0.238037E-01,0.154288,1.38634
0.244141E-01,0.158244,0.495096
0.250244E-01,0.162200,-0.452052
0.256348E-01,0.166156,-0.371930
0.262451E-01,0.170112,0.175595
0.268555E-01,0.174069,0.707756
0.274658E-01,0.178025,0.292130
0.280762E-01,0.181981,0.353251
0.286865E-01,0.185937,0.111157
0.292969E-01,0.189893,0.570465
0.299072E-01,0.193849,1.14371
0.305176E-01,0.197805,-0.118649
0.311279E-01,0.201761,0.607450
0.317383E-01,0.205717,1.08111
0.323486E-01,0.209674,0.164804
0.329590E-01,0.213630,0.124522
0.335693E-01,0.217586,0.205012E-01
0.341797E-01,0.221542,0.351516E-01
0.347900E-01,0.225498,0.254004
0.354004E-01,0.229454,0.197765
0.360107E-01,0.233410,0.184275
0.366211E-01,0.237366,0.653357
0.372314E-01,0.241322,-0.520021
0.378418E-01,0.245278,0.435919E-01
0.384521E-01,0.249235,0.154896
0.390625E-01,0.253191,-0.118314
0.396729E-01,0.257147,1.10586
0.402832E-01,0.261103,-0.583685E-02
0.408936E-01,0.265059,2.09416
0.415039E-01,0.269015,0.722550
0.421143E-01,0.272971,0.810302
0.427246E-01,0.276927,-0.145930E-01
0.433350E-01,0.280883,-0.171928
0.439453E-01,0.284839,-0.328749
0.445557E-01,0.288796,-0.882748E-02
0.451660E-01,0.292752,0.599345E-01
0.457764E-01,0.296708,-0.237562
0.463867E-01,0.300664,0.102556E-01
0.469971E-01,0.304620,2.38558
0.476074E-01,0.308576,0.625601
0.482178E-01,0.312532,1.20010
0.488281E-01,0.316488,-0.409725
0.494385E-01,0.320444,0.457070
0.500488E-01,0.324401,1.38937
0.506592E-01,0.328357,0.191954
0.512695E-01,0.332313,0.880035E-01
0.518799E-01,0.336269,0.607542
0.524902E-01,0.340225,-0.573109E-01
0.531006E-01,0.344181,0.399051
0.537109E-01,0.348137,-0.203468E-01
0.543213E-01,0.352093,1.37891
0.549316E-01,0.356049,-0.315369E-01
0.555420E-01,0.360005,0.108826
0.561523E-01,0.363962,-0.190268E-01
0.567627E-01,0.367918,0.165305
0.573730E-01,0.371874,0.547535E-01
0.579834E-01,0.375830,0.670278
0.585938E-01,0.379786,-0.267632
0.592041E-01,0.383742,-0.172493
0.598145E-01,0.387698,0.823236
0.604248E-01,0.391654,0.276295
0.610352E-01,0.395610,0.898535
0.616455E-01,0.399567,-0.546525
0.622559E-01,0.403523,0.227403
0.628662E-01,0.407479,0.157817
0.634766E-01,0.411435,-0.168381E-01
0.640869E-01,0.415391,-0.564030E-01
0.646973E-01,0.419347,0.869289
0.653076E-01,0.423303,0.235294E-01
0.659180E-01,0.427259,0.631643
0.665283E-01,0.431215,0.228246
0.671387E-01,0.435171,2.56086
0.677490E-01,0.439128,0.337224
0.683594E-01,0.443084,0.246912
0.689697E-01,0.447040,0.296882
0.695801E-01,0.450996,0.578319
0.701904E-01,0.454952,1.29083
0.708008E-01,0.458908,0.352848
0.714111E-01,0.462864,-0.133752
0.720215E-01,0.466820,0.158711
0.726318E-01,0.470776,1.15476
0.732422E-01,0.474732,0.883406E-01
0.738525E-01,0.478689,0.193116
0.744629E-01,0.482645,-0.524316E-01
0.750732E-01,0.486601,-0.179995E-02
0.756836E-01,0.490557,0.704435
0.762939E-01,0.494513,0.924601E-01
0.769043E-01,0.498469,0.157090
0.775146E-01,0.502425,2.51638
0.781250E-01,0.506381,0.443202
0.787354E-01,0.510337,1.03530
0.793457E-01,0.514294,-0.286820
0.799561E-01,0.518250,1.13199
0.805664E-01,0.522206,-0.605953E-01
0.811768E-01,0.526162,0.355128
0.817871E-01,0.530118,0.683816
0.823975E-01,0.534074,0.528809E-01
0.830078E-01,0.538030,0.156508
0.836182E-01,0.541986,-0.106044
0.842285E-01,0.545942,0.859166
0.848389E-01,0.549898,-0.571803E-01
0.854492E-01,0.553855,0.416508
0.860596E-01,0.557811,0.152700E-01
0.866699E-01,0.561767,0.262148
0.872803E-01,0.565723,0.998949
0.878906E-01,0.569679,0.362359
0.885010E-01,0.573635,-0.139551
0.891113E-01,0.577591,0.348225
0.897217E-01,0.581547,-0.339309E-01
0.903320E-01,0.585503,1.27994
0.909424E-01,0.589459,-0.286424
0.915527E-01,0.593416,0.410202
0.921631E-01,0.597372,0.739012
0.927734E-01,0.601328,0.770547
0.933838E-01,0.605284,-0.194778
0.939941E-01,0.609240,0.133817
0.946045E-01,0.613196,-0.261957
0.952148E-01,0.617152,0.242797
0.958252E-01,0.621108,0.170393
0.964355E-01,0.625064,-0.892961E-01
0.970459E-01,0.629021,0.266331
0.976562E-01,0.632977,-0.208075
0.982666E-01,0.636933,0.346240
0.988770E-01,0.640889,0.137800
0.994873E-01,0.644845,0.429763
0.100098,0.648801,0.258591
0.100708,0.652757,0.206546E-01
0.101318,0.656713,0.161355
0.101929,0.660669,0.251848
0.102539,0.664625,0.218748
0.103149,0.668582,0.358102
0.103760,0.672538,2.70257
0.104370,0.676494,0.698801E-01
0.104980,0.680450,0.768780E-01
0.105591,0.684406,0.771342
0.106201,0.688362,0.526770
0.106812,0.692318,1.83447
0.107422,0.696274,0.705818
0.108032,0.700230,-0.903754E-01
0.108643,0.704187,0.333616
0.109253,0.708143,0.422086
0.109863,0.712099,0.300901E-01
0.110474,0.716055,0.310736
0.111084,0.720011,0.297399E-01
0.111694,0.723967,-0.265255E-01
0.112305,0.727923,-0.608820
0.112915,0.731879,0.202599
0.113525,0.735835,0.369521
0.114136,0.739791,0.100075E-01
0.114746,0.743748,-0.394644
0.115356,0.747704,-0.699762E-01
0.115967,0.751660,0.588950
0.116577,0.755616,0.343993
0.117188,0.759572,-0.162170E-01
0.117798,0.763528,-0.860151E-01
0.118408,0.767484,0.492807
0.119019,0.771440,0.940146E-01
0.119629,0.775396,0.368627
0.120239,0.779352,-0.192705
0.120850,0.783309,-0.208834
0.121460,0.787265,-0.895245E-01
0.122070,0.791221,-0.210249
0.122681,0.795177,0.632428
0.123291,0.799133,-0.222117E-01
0.123901,0.803089,0.321685
0.124512,0.807045,0.216969
0.125122,0.811001,0.154171
0.125732,0.814957,1.06487
0.126343,0.818914,-0.591560
0.126953,0.822870,0.458945
0.127563,0.826826,0.732144E-01
0.128174,0.830782,-0.183352
0.128784,0.834738,-0.412895
0.129395,0.838694,-0.870292E-01
0.130005,0.842650,0.696094
0.130615,0.846606,0.527001E-01
0.131226,0.850562,0.422125E-01
0.131836,0.854518,-0.180902E-01
0.132446,0.858475,-0.217147
0.133057,0.862431,0.291305
0.133667,0.866387,0.144550
0.134277,0.870343,0.853337
0.134888,0.874299,0.876727
0.135498,0.878255,0.372206
0.136108,0.882211,0.344787
0.136719,0.886167,0.489164
0.137329,0.890123,1.80526
0.137939,0.894080,0.537319
0.138550,0.898036,0.738039
0.139160,0.901992,0.238761
0.139771,0.905948,-0.201128
0.140381,0.909904,0.449460E-01
0.140991,0.913860,0.146415
0.141602,0.917816,0.747827E-01
0.142212,0.921772,-0.366793
0.142822,0.925728,-0.209297
0.143433,0.929684,0.299812
0.144043,0.933641,-0.139092
0.144653,0.937597,0.569427E-01
0.145264,0.941553,-0.252339
0.145874,0.945509,0.371970E-01
0.146484,0.949465,0.406725
0.147095,0.953421,-0.157453
0.147705,0.957377,0.509961
0.148315,0.961333,-0.187512E-01
0.148926,0.965289,1.33361
0.149536,0.969245,-0.364134E-01
0.150146,0.973202,0.464029
0.150757,0.977158,0.378103
0.151367,0.981114,-0.361215E-02
0.151978,0.985070,0.222747
0.152588,0.989026,1.23933
0.153198,0.992982,0.230714
0.153809,0.996938,-0.120820
0.154419,1.00089,0.417221
0.155029,1.00485,0.342013
0.155640,1.00881,-0.957768E-01
0.156250,1.01276,0.367049E-01
0.156860,1.01672,0.110822
0.157471,1.02067,0.894216E-01
0.158081,1.02463,0.876604
0.158691,1.02859,-0.718764E-01
0.159302,1.03254,0.435644
0.159912,1.03650,-0.192128
0.160522,1.04046,0.706510
0.161133,1.04441,0.510386E-01
0.161743,1.04837,-0.460469E-01
0.162354,1.05232,0.725301
0.162964,1.05628,0.346733
0.163574,1.06024,0.135828
0.164185,1.06419,0.381963
0.164795,1.06815,0.363879E-01
0.165405,1.07210,-0.555005
0.166016,1.07606,0.912241E-01
0.166626,1.08002,-0.564333E-01
0.167236,1.08397,0.955583E-02
0.167847,1.08793,0.363230
0.168457,1.09188,0.158546
0.169067,1.09584,-0.484426E-01
0.169678,1.09980,0.141069
0.170288,1.10375,0.288925E-01
0.170898,1.10771,0.373323E-01
0.171509,1.11167,0.777989
0.172119,1.11562,-0.111090
0.172729,1.11958,0.445997
0.173340,1.12353,-0.226497E-02
0.173950,1.12749,-0.562615E-01
0.174561,1.13145,-0.468382E-01
0.175171,1.13540,-0.478822E-01
0.175781,1.13936,-0.134820
0.176392,1.14331,-0.172122
0.177002,1.14727,0.175448
0.177612,1.15123,0.518009
0.178223,1.15518,0.210360
0.178833,1.15914,-0.750028E-01
0.179443,1.16309,0.875312E-01
0.180054,1.16705,0.289314
0.180664,1.17101,-0.169634
0.181274,1.17496,0.521756
0.181885,1.17892,0.477106E-01
0.182495,1.18288,0.117254
0.183105,1.18683,0.619753
0.183716,1.19079,0.349059
0.184326,1.19474,-0.426850E-01
0.184937,1.19870,0.246635
0.185547,1.20266,-0.424468
0.186157,1.20661,0.284778
0.186768,1.21057,0.790361E-02
0.187378,1.21452,0.114436
0.187988,1.21848,0.340963E-01
0.188599,1.22244,-0.538231
0.189209,1.22639,-0.669453E-01
0.189819,1.23035,0.505463
0.190430,1.23430,0.928459E-01
0.191040,1.23826,-0.153078E-01
0.191650,1.24222,0.578589
0.192261,1.24617,0.421249
0.192871,1.25013,-0.205074
0.193481,1.25408,-0.125931E-01
0.194092,1.25804,0.191638
0.194702,1.26200,-0.526634E-02
0.195312,1.26595,0.208421
0.195923,1.26991,0.125869
0.196533,1.27387,-0.312004E-01
0.197144,1.27782,0.133145
0.197754,1.28178,-0.188870
0.198364,1.28573,0.702203E-01
0.198975,1.28969,0.401614
0.199585,1.29365,0.595350
0.200195,1.29760,0.449925
0.200806,1.30156,-0.227843
0.201416,1.30551,-0.602349
0.202026,1.30947,-0.149235
0.202637,1.31343,0.505629E-01
0.203247,1.31738,-0.150950
0.203857,1.32134,0.100345
0.204468,1.32529,-0.226570
0.205078,1.32925,-0.202557
0.205688,1.33321,0.141358
0.206299,1.33716,0.133628
0.206909,1.34112,0.146635
0.207520,1.34508,0.935100E-01
0.208130,1.34903,-0.643469E-01
0.208740,1.35299,0.252751
0.209351,1.35694,-0.211554
0.209961,1.36090,0.962408E-01
0.210571,1.36486,0.251736
0.211182,1.36881,-0.206716
0.211792,1.37277,-0.559290E-01
0.212402,1.37672,-0.114156
0.213013,1.38068,0.450321
0.213623,1.38464,0.461345
0.214233,1.38859,-0.101566E-02
0.214844,1.39255,0.454141
0.215454,1.39650,-0.638242E-01
0.216064,1.40046,-0.443824E-01
0.216675,1.40442,-0.639675E-02
0.217285,1.40837,0.444233E-01
0.217896,1.41233,0.200682
0.218506,1.41629,0.861368E-01
0.219116,1.42024,1.13384
0.219727,1.42420,-0.984049E-01
0.220337,1.42815,-0.152824
0.220947,1.43211,0.424543
0.221558,1.43607,-0.694306
0.222168,1.44002,0.146907
0.222778,1.44398,0.202817
0.223389,1.44793,-0.708524E-01
0.223999,1.45189,0.215414
0.224609,1.45585,0.162425
0.225220,1.45980,0.935297E-01
0.225830,1.46376,0.136214
0.226440,1.46771,-0.512424E-01
0.227051,1.47167,0.674004E-01
0.227661,1.47563,0.426068
0.228271,1.47958,0.652068
0.228882,1.48354,-0.855213E-01
0.229492,1.48750,1.06581
0.230103,1.49145,0.330836
0.230713,1.49541,0.215131
0.231323,1.49936,0.187952
0.231934,1.50332,0.642020E-02
0.232544,1.50728,-0.843231E-01
0.233154,1.51123,0.511562
0.233765,1.51519,-0.437844
0.234375,1.51914,0.889693
0.234985,1.52310,0.914519E-01
0.235596,1.52706,0.189797
0.236206,1.53101,0.222157
0.236816,1.53497,-0.661009E-01
0.237427,1.53892,0.903283E-01
0.238037,1.54288,0.442708E-02
0.238647,1.54684,-0.361091
0.239258,1.55079,-0.249237
0.239868,1.55475,0.150416E-01
0.240479,1.55870,0.327423
0.241089,1.56266,0.109207
0.241699,1.56662,-0.268763E-01
0.242310,1.57057,0.582070
0.242920,1.57453,0.136078E-01
0.243530,1.57849,-0.858591E-02
0.244141,1.58244,-0.846505E-01
0.244751,1.58640,-0.149090E-01
0.245361,1.59035,0.289537
0.245972,1.59431,0.248981
0.246582,1.59827,0.265882
0.247192,1.60222,0.654983
0.247803,1.60618,0.157271E-01
0.248413,1.61013,-0.404154
0.249023,1.61409,-0.129624E-01
0.249634,1.61805,-0.232506
0.250244,1.62200,0.204247
0.250854,1.62596,0.698184E-01
0.251465,1.62991,0.384229E-01
0.252075,1.63387,-0.242062
0.252686,1.63783,0.935455E-01
0.253296,1.64178,0.906240
0.253906,1.64574,0.279645
0.254517,1.64970,-0.180765E-01
0.255127,1.65365,0.192162
0.255737,1.65761,-0.237179
0.256348,1.66156,-0.633507E-01
0.256958,1.66552,0.227778
0.257568,1.66948,0.241134
0.258179,1.67343,0.183949
0.258789,1.67739,0.298316
0.259399,1.68134,0.503882
0.260010,1.68530,0.292577E-01
0.260620,1.68926,0.880528E-01
0.261230,1.69321,-0.206084
0.261841,1.69717,0.926564E-01
0.262451,1.70112,0.894487E-01
0.263062,1.70508,0.226471E-01
0.263672,1.70904,-0.398137
0.264282,1.71299,0.453392E-01
0.264893,1.71695,-0.529083E-01
0.265503,1.72091,-0.363371E-01
0.266113,1.72486,-0.141237
0.266724,1.72882,0.241825
0.267334,1.73277,-0.450999E-01
0.267944,1.73673,-0.515828E-01
0.268555,1.74069,0.625186E-01
0.269165,1.74464,0.207781
0.269775,1.74860,-0.871489E-01
0.270386,1.75255,0.169057E-01
0.270996,1.75651,-0.580405
0.271606,1.76047,0.422072
0.272217,1.76442,0.230256
0.272827,1.76838,0.539023
0.273438,1.77233,0.321440
0.274048,1.77629,-0.105375
0.274658,1.78025,-0.116251
0.275269,1.78420,0.309148
0.275879,1.78816,0.304525
0.276489,1.79212,0.575392
0.277100,1.79607,-0.844536E-02
0.277710,1.80003,0.318116
0.278320,1.80398,0.325305
0.278931,1.80794,0.175714
0.279541,1.81190,0.129734
0.280151,1.81585,-0.709307E-01
0.280762,1.81981,-0.145826
0.281372,1.82376,0.530453
0.281982,1.82772,1.26659
0.282593,1.83168,-0.498378E-01
0.283203,1.83563,0.185326
0.283813,1.83959,-0.468894E-01
0.284424,1.84354,-0.206370
0.285034,1.84750,-0.201618
0.285645,1.85146,-0.981181E-01
0.286255,1.85541,-0.206114E-01
0.286865,1.85937,0.170428
0.287476,1.86332,-0.685724E-01
0.288086,1.86728,-0.188581E-01
0.288696,1.87124,0.232547
0.289307,1.87519,0.577219
0.289917,1.87915,0.402736
0.290527,1.88311,-0.726782E-01
0.291138,1.88706,0.526326E-01
0.291748,1.89102,-0.314563
0.292358,1.89497,-0.513646E-01
0.292969,1.89893,-0.128840
0.293579,1.90289,0.399455
0.294189,1.90684,0.107815
0.294800,1.91080,0.899382E-01
0.295410,1.91475,-0.625837E-01
0.296021,1.91871,0.295777
0.296631,1.92267,0.329954E-01
0.297241,1.92662,-0.734941E-03
0.297852,1.93058,0.161037
0.298462,1.93453,-0.605688E-01
0.299072,1.93849,0.656958
0.299683,1.94245,0.272334
0.300293,1.94640,0.378448E-01
0.300903,1.95036,-0.782443E-01
0.301514,1.95432,0.105712
0.302124,1.95827,-0.273149
0.302734,1.96223,0.148121
0.303345,1.96618,-0.108286
0.303955,1.97014,-0.106411E-01
0.304565,1.97410,-0.228185E-02
0.305176,1.97805,0.477156
0.305786,1.98201,0.125642
0.306396,1.98596,0.243317
0.307007,1.98992,-0.158322
0.307617,1.99388,0.128889
0.308228,1.99783,0.166126
0.308838,2.00179,0.534994E-01
0.309448,2.00574,0.345222E-01
0.310059,2.00970,0.658302
0.310669,2.01366,0.191625
0.311279,2.01761,0.502644
0.311890,2.02157,-0.307844
0.312500,2.02553,-0.289341
0.313110,2.02948,0.439947
0.313721,2.03344,0.110882
0.314331,2.03739,0.292920E-01
0.314941,2.04135,0.336574
0.315552,2.04531,0.490846E-02
0.316162,2.04926,-0.183268E-01
0.316772,2.05322,0.393919
0.317383,2.05717,0.943584E-01
0.317993,2.06113,0.723855E-01
0.318604,2.06509,-0.159829E-01
0.319214,2.06904,0.619485E-01
0.319824,2.07300,-0.332183E-01
0.320435,2.07695,0.213423E-01
0.321045,2.08091,0.524838E-01
0.321655,2.08487,0.245527
0.322266,2.08882,0.174022
0.322876,2.09278,0.523623
0.323486,2.09674,-0.155161E-01
0.324097,2.10069,0.129903
0.324707,2.10465,0.629337
0.325317,2.10860,0.468380E-01
0.325928,2.11256,0.368117
0.326538,2.11652,-0.294544
0.327148,2.12047,-0.931826E-01
0.327759,2.12443,-0.275172
0.328369,2.12838,0.502342
0.328979,2.13234,-0.631673E-01
0.329590,2.13630,0.220890
0.330200,2.14025,0.272309
0.330811,2.14421,0.152705
0.331421,2.14816,-0.603269E-01
0.332031,2.15212,-0.106006
0.332642,2.15608,-0.399099E-01
0.333252,2.16003,0.169830
0.333862,2.16399,0.807103E-01
0.334473,2.16794,0.984552E-01
0.335083,2.17190,-0.235026E-01
0.335693,2.17586,0.342027E-01
0.336304,2.17981,0.174041E-01
0.336914,2.18377,-0.463105E-01
0.337524,2.18773,0.706943E-01
0.338135,2.19168,0.360093E-01
0.338745,2.19564,0.454679E-01
0.339355,2.19959,-0.271142
0.339966,2.20355,0.612626E-01
0.340576,2.20751,-0.523827
0.341187,2.21146,-0.122937E-01
0.341797,2.21542,0.464104E-02
0.342407,2.21937,0.786721E-01
0.343018,2.22333,-0.157028
0.343628,2.22729,-0.543205E-01
0.344238,2.23124,0.759761E-02
0.344849,2.23520,-0.322723E-01
0.345459,2.23915,-0.141561E-01
0.346069,2.24311,-0.900499E-01
0.346680,2.24707,0.503027E-01
0.347290,2.25102,0.103061
0.347900,2.25498,0.399370
0.348511,2.25894,0.968532E-01
0.349121,2.26289,-0.251082E-01
0.349731,2.26685,-0.175361
0.350342,2.27080,-0.111233E-01
0.350952,2.27476,0.573819
0.351562,2.27872,-0.105972
0.352173,2.28267,0.186130
0.352783,2.28663,-0.140813E-01
0.353394,2.29058,-0.939371E-01
0.354004,2.29454,1.73808
0.354614,2.29850,0.384679E-01
0.355225,2.30245,0.831430E-01
0.355835,2.30641,0.107673
0.356445,2.31036,-0.271925E-01
0.357056,2.31432,0.626416
0.357666,2.31828,-0.103167
0.358276,2.32223,-0.465063E-01
0.358887,2.32619,0.948302E-01
0.359497,2.33015,0.102165
0.360107,2.33410,-0.127703
0.360718,2.33806,0.131494
0.361328,2.34201,-0.116215
0.361938,2.34597,0.251933
0.362549,2.34993,-0.812256E-01
0.363159,2.35388,0.287927E-02
0.363770,2.35784,0.214436
0.364380,2.36179,-0.272015
0.364990,2.36575,0.150292
0.365601,2.36971,-0.369178
0.366211,2.37366,-0.373530E-01
0.366821,2.37762,0.128538
0.367432,2.38157,0.270022
0.368042,2.38553,-0.248676
0.368652,2.38949,-0.140730E-01
0.369263,2.39344,-0.147098
0.369873,2.39740,-0.119421
0.370483,2.40136,0.675931
0.371094,2.40531,0.326302
0.371704,2.40927,-0.195742
0.372314,2.41322,0.272739E-01
0.372925,2.41718,-0.260496E-02
0.373535,2.42114,0.454560
0.374146,2.42509,0.572389
0.374756,2.42905,-0.778817E-01
0.375366,2.43300,0.126971
0.375977,2.43696,0.690674E-01
0.376587,2.44092,0.694877E-01
0.377197,2.44487,0.288902
0.377808,2.44883,0.150786
0.378418,2.45278,0.230769
0.379028,2.45674,0.905046E-01
0.379639,2.46070,-0.374674
0.380249,2.46465,0.132822
0.380859,2.46861,-0.247698
0.381470,2.47256,0.370781E-01
0.382080,2.47652,0.217225
0.382690,2.48048,0.142063
0.383301,2.48443,0.506824E-01
0.383911,2.48839,-0.138074E-01
0.384521,2.49235,0.193004
0.385132,2.49630,0.313755
0.385742,2.50026,-0.768459E-02
0.386353,2.50421,0.702304E-01
0.386963,2.50817,0.628051E-01
0.387573,2.51213,-0.114549
0.388184,2.51608,0.315249
0.388794,2.52004,0.276858
0.389404,2.52399,0.186598
0.390015,2.52795,-0.258552E-02
0.390625,2.53191,-0.565422E-01
0.391235,2.53586,0.366546E-01
0.391846,2.53982,0.827791E-01
0.392456,2.54377,0.136551
0.393066,2.54773,-0.770191E-01
0.393677,2.55169,-0.239385E-01
0.394287,2.55564,-0.231169E-01
0.394897,2.55960,-0.318122E-01
0.395508,2.56356,0.105443E-01
0.396118,2.56751,0.645549E-01
0.396729,2.57147,0.214992
0.397339,2.57542,0.277364
0.397949,2.57938,0.109489
0.398560,2.58334,0.427681E-01
0.399170,2.58729,0.937901E-01
0.399780,2.59125,0.403003E-01
0.400391,2.59520,-0.598274
0.401001,2.59916,0.224313E-01
0.401611,2.60312,0.391102E-01
0.402222,2.60707,-0.125786
0.402832,2.61103,0.417828E-01
0.403442,2.61498,0.305235E-01
0.404053,2.61894,0.482289E-01
0.404663,2.62290,0.389493
0.405273,2.62685,-0.516606E-02
0.405884,2.63081,0.244879
0.406494,2.63477,-0.747101E-02
0.407104,2.63872,0.304776E-01
0.407715,2.64268,0.546921E-01
0.408325,2.64663,0.263618
0.408936,2.65059,0.580405E-01
0.409546,2.65455,0.144238
0.410156,2.65850,-0.292301E-01
0.410767,2.66246,-0.120170
0.411377,2.66641,0.179153
0.411987,2.67037,-0.151882
0.412598,2.67433,0.342898E-01
0.413208,2.67828,0.172192E-01
0.413818,2.68224,0.117937E-01
0.414429,2.68619,0.354823E-01
0.415039,2.69015,0.269023
0.415649,2.69411,-0.343908E-01
0.416260,2.69806,0.332125E-01
0.416870,2.70202,0.472828
0.417480,2.70598,0.932854E-02
0.418091,2.70993,0.133045
0.418701,2.71389,0.210893
0.419312,2.71784,0.148070
0.419922,2.72180,0.175617
0.420532,2.72576,-0.852989E-01
0.421143,2.72971,-0.640408E-02
0.421753,2.73367,-0.652998E-01
0.422363,2.73762,-0.192476
0.422974,2.74158,-0.179517
0.423584,2.74554,-0.143750E-02
0.424194,2.74949,0.313014E-01
0.424805,2.75345,-0.797273E-01
0.425415,2.75740,-0.353074E-01
0.426025,2.76136,0.805297E-01
0.426636,2.76532,-0.399933E-01
0.427246,2.76927,0.112936
0.427856,2.77323,-0.502149E-01
0.428467,2.77718,0.368598E-01
0.429077,2.78114,-0.248040E-01
0.429688,2.78510,0.179570E-02
0.430298,2.78905,0.234863
0.430908,2.79301,0.109328
0.431519,2.79697,-0.180166
0.432129,2.80092,0.208315
0.432739,2.80488,0.957895E-01
0.433350,2.80883,-0.220237E-01
0.433960,2.81279,0.146655
0.434570,2.81675,-0.210159
0.435181,2.82070,-0.121081
0.435791,2.82466,-0.536245E-01
0.436401,2.82861,-0.256388
0.437012,2.83257,0.123416
0.437622,2.83653,-0.126082
0.438232,2.84048,-0.185464E-01
0.438843,2.84444,0.112162
0.439453,2.84839,-0.126520E-01
0.440063,2.85235,-0.127982
0.440674,2.85631,0.112473
0.441284,2.86026,-0.898608E-01
0.441895,2.86422,-0.346313E-01
0.442505,2.86818,-0.222759E-01
0.443115,2.87213,-0.263433
0.443726,2.87609,0.199198
0.444336,2.88004,0.372622E-01
0.444946,2.88400,0.200067E-01
0.445557,2.88796,0.137176E-01
0.446167,2.89191,0.506185
0.446777,2.89587,0.465443E-01
0.447388,2.89982,0.782597E-01
0.447998,2.90378,0.168012
0.448608,2.90774,0.633600E-01
0.449219,2.91169,0.430559E-01
0.449829,2.91565,0.218564
0.450439,2.91960,-0.117211E-01
0.451050,2.92356,-0.211746
0.451660,2.92752,-0.115004
0.452271,2.93147,0.115504E-01
0.452881,2.93543,0.207023E-01
0.453491,2.93939,-0.541893E-01
0.454102,2.94334,-0.538443E-02
0.454712,2.94730,0.392677E-01
0.455322,2.95125,-0.839325E-01
0.455933,2.95521,0.909452E-01
0.456543,2.95917,0.199738
0.457153,2.96312,0.629395E-01
0.457764,2.96708,0.395339
0.458374,2.97103,0.773710E-01
0.458984,2.97499,0.115724
0.459595,2.97895,0.459546E-01
0.460205,2.98290,-0.115903
0.460815,2.98686,0.276096
0.461426,2.99081,0.128097
0.462036,2.99477,0.167869
0.462646,2.99873,0.807074E-01
0.463257,3.00268,-0.416617E-02
0.463867,3.00664,-0.174562
0.464478,3.01060,0.164460
0.465088,3.01455,-0.140394
0.465698,3.01851,0.281716E-01
0.466309,3.02246,0.138497
0.466919,3.02642,0.170670
0.467529,3.03038,0.689012E-01
0.468140,3.03433,0.129430E-01
0.468750,3.03829,-0.716477E-01
0.469360,3.04224,0.531790
0.469971,3.04620,0.899069
0.470581,3.05016,0.272081
0.471191,3.05411,0.215772
0.471802,3.05807,-0.210270
0.472412,3.06202,0.374497E-01
0.473022,3.06598,-0.104874
0.473633,3.06994,-0.340246
0.474243,3.07389,-0.421510E-02
0.474854,3.07785,0.143319
0.475464,3.08181,0.137848
0.476074,3.08576,0.496896E-01
0.476685,3.08972,-0.270895
0.477295,3.09367,-0.372931E-01
0.477905,3.09763,-0.193586E-01
0.478516,3.10159,-0.420585E-01
0.479126,3.10554,-0.309578E-02
0.479736,3.10950,0.152437E-01
0.480347,3.11345,0.234888
0.480957,3.11741,0.516922E-01
0.481567,3.12137,-0.185995E-01
0.482178,3.12532,0.199274
0.482788,3.12928,0.888994E-01
0.483398,3.13323,-0.723231E-02
0.484009,3.13719,0.282660E-01
0.484619,3.14115,-0.179383
0.485229,3.14510,-0.318404
0.485840,3.14906,0.176018
0.486450,3.15301,0.278025
0.487061,3.15697,-0.145676E-01
0.487671,3.16093,0.545522
0.488281,3.16488,-0.345533E-01
0.488892,3.16884,0.118661
0.489502,3.17280,0.120118
0.490112,3.17675,-0.437236E-01
0.490723,3.18071,0.122882
0.491333,3.18466,0.185953
0.491943,3.18862,-0.880243E-01
0.492554,3.19258,0.147984E-02
0.493164,3.19653,-0.281707E-01
0.493774,3.20049,-0.310839E-01
0.494385,3.20444,-0.406455
0.494995,3.20840,-0.292662E-01
0.495605,3.21236,0.699511E-01
0.496216,3.21631,-0.461810E-01
0.496826,3.22027,-0.462965E-01
0.497437,3.22422,0.466875E-01
0.498047,3.22818,-0.191496
0.498657,3.23214,-0.588016
0.499268,3.23609,-0.818875E-01
0.499878,3.24005,0.181123
0.500488,3.24401,0.169878
0.501099,3.24796,-0.182715
0.501709,3.25192,-0.128257
0.502319,3.25587,0.443005
0.502930,3.25983,0.160271E-01
0.503540,3.26379,0.473549
0.504150,3.26774,-0.236448
0.504761,3.27170,-0.435436E-01
0.505371,3.27565,0.207654
0.505981,3.27961,-0.423065E-01
0.506592,3.28357,0.900294E-02
0.507202,3.28752,0.182836
0.507812,3.29148,0.797114E-01
0.508423,3.29543,0.456741
0.509033,3.29939,-0.119034
0.509644,3.30335,0.882051E-02
0.510254,3.30730,-0.661248E-01
0.510864,3.31126,-0.617444E-01
0.511475,3.31522,0.275939
0.512085,3.31917,-0.309311
0.512695,3.32313,0.702918E-01
0.513306,3.32708,0.152640
0.513916,3.33104,-0.121214
0.514526,3.33500,0.488560E-01
0.515137,3.33895,-0.522946
0.515747,3.34291,0.170889
0.516357,3.34686,0.381433
0.516968,3.35082,-0.533018E-01
0.517578,3.35478,-0.777663E-01
0.518188,3.35873,-0.467854E-01
0.518799,3.36269,0.100699
0.519409,3.36664,0.177482
0.520020,3.37060,-0.400367
0.520630,3.37456,0.252066E-01
0.521240,3.37851,-0.115676
0.521851,3.38247,-0.158167
0.522461,3.38643,0.323439
0.523071,3.39038,0.308856
0.523682,3.39434,0.190316
0.524292,3.39829,0.431390E-01
0.524902,3.40225,0.444080
0.525513,3.40621,-0.104787
0.526123,3.41016,0.403657E-01
0.526733,3.41412,0.107892
0.527344,3.41807,0.224194E-01
0.527954,3.42203,0.672442E-01
0.528564,3.42599,0.175859E-01
0.529175,3.42994,0.138563
0.529785,3.43390,0.977477E-01
0.530396,3.43785,0.144272E-01
0.531006,3.44181,0.337589E-01
0.531616,3.44577,-0.739281E-01
0.532227,3.44972,0.214764E-02
0.532837,3.45368,-0.378292E-01
0.533447,3.45763,0.734813E-01
0.534058,3.46159,-0.445144
0.534668,3.46555,-0.296719E-01
0.535278,3.46950,-0.233960E-01
0.535889,3.47346,-0.170995E-01
0.536499,3.47742,0.586801E-01
0.537109,3.48137,-0.575242E-01
0.537720,3.48533,0.895660E-01
0.538330,3.48928,-0.492408E-01
0.538940,3.49324,0.161006E-01
0.539551,3.49720,-0.131083
0.540161,3.50115,-0.241425
0.540771,3.50511,-0.409250E-01
0.541382,3.50906,0.586745E-01
0.541992,3.51302,-0.140598
0.542603,3.51698,-0.102252
0.543213,3.52093,-0.262452E-01
0.543823,3.52489,0.135118
0.544434,3.52884,0.296815E-01
0.545044,3.53280,0.909664E-01
0.545654,3.53676,-0.335261
0.546265,3.54071,0.178924
0.546875,3.54467,-0.191656
0.547485,3.54863,-0.162362
0.548096,3.55258,0.157690E-01
0.548706,3.55654,-0.112430
0.549316,3.56049,0.103571E-01
0.549927,3.56445,0.740411E-01
0.550537,3.56841,0.789772E-01
0.551147,3.57236,-0.103973
0.551758,3.57632,0.209230
0.552368,3.58027,0.551399E-01
0.552979,3.58423,0.255941
0.553589,3.58819,-0.130715
0.554199,3.59214,0.431222E-01
0.554810,3.59610,-0.652434E-01
0.555420,3.60005,0.488955E-01
0.556030,3.60401,0.568572E-01
0.556641,3.60797,0.124869
0.557251,3.61192,-0.214789E-01
0.557861,3.61588,-0.276508
0.558472,3.61984,0.181789E-01
0.559082,3.62379,0.133571E-01
0.559692,3.62775,-0.147799
0.560303,3.63170,0.572102E-01
0.560913,3.63566,0.813956E-01
0.561523,3.63962,-0.838808E-01
0.562134,3.64357,0.412730E-01
0.562744,3.64753,0.323286
0.563354,3.65148,0.953133E-02
0.563965,3.65544,0.112641
0.564575,3.65940,0.330295E-01
0.565186,3.66335,-0.881079E-02
0.565796,3.66731,0.122848
0.566406,3.67126,0.581329E-02
0.567017,3.67522,-0.132648E-01
0.567627,3.67918,-0.226508E-01
0.568237,3.68313,-0.409865E-01
0.568848,3.68709,0.343448
0.569458,3.69105,0.205513
0.570068,3.69500,-0.463473E-02
0.570679,3.69896,0.411483E-01
0.571289,3.70291,-0.216928
0.571899,3.70687,-0.970562E-01
0.572510,3.71083,0.805060E-01
0.573120,3.71478,-0.141084
0.573730,3.71874,-0.389240E-01
0.574341,3.72269,-0.122916
0.574951,3.72665,-0.146050
0.575562,3.73061,-0.346128E-01
0.576172,3.73456,-0.111344
0.576782,3.73852,-0.880454E-02
0.577393,3.74247,0.819199E-02
0.578003,3.74643,0.145406
0.578613,3.75039,-0.112688E-01
0.579224,3.75434,0.490285E-01
0.579834,3.75830,-0.107687
0.580444,3.76225,-0.639578E-02
0.581055,3.76621,0.772642E-01
0.581665,3.77017,0.330989
0.582275,3.77412,-0.574351E-02
0.582886,3.77808,-0.593494E-01
0.583496,3.78204,0.115623
0.584106,3.78599,-0.483088E-01
0.584717,3.78995,-0.408258E-01
0.585327,3.79390,-0.165899E-01
0.585938,3.79786,-0.154707E-02
0.586548,3.80182,0.174231E-01
0.587158,3.80577,0.208981
0.587769,3.80973,0.171651
0.588379,3.81368,-0.592626E-01
0.588989,3.81764,-0.148456E-01
0.589600,3.82160,0.400506
0.590210,3.82555,0.704659E-01
0.590820,3.82951,-0.246117E-01
0.591431,3.83346,0.746380E-01
0.592041,3.83742,-0.891729E-01
0.592651,3.84138,0.250566
0.593262,3.84533,-0.751316E-02
0.593872,3.84929,-0.319592E-01
0.594482,3.85325,-0.784114E-01
0.595093,3.85720,-0.272155E-01
0.595703,3.86116,0.275577
0.596313,3.86511,0.570756E-01
0.596924,3.86907,0.284678
0.597534,3.87303,-0.107638E-02
0.598145,3.87698,-0.123351
0.598755,3.88094,0.258566
0.599365,3.88489,-0.179299
0.599976,3.88885,0.824091E-01
0.600586,3.89281,-0.209835
0.601196,3.89676,0.361122E-01
0.601807,3.90072,0.105928
0.602417,3.90467,0.249901
0.603027,3.90863,0.158277
0.603638,3.91259,-0.247447
0.604248,3.91654,-0.509248E-01
0.604858,3.92050,0.528971E-01
0.605469,3.92446,-0.241594E-01
0.606079,3.92841,-0.369688E-01
0.606689,3.93237,-0.325134E-01
0.607300,3.93632,0.754731E-01
0.607910,3.94028,0.528281E-01
0.608521,3.94424,0.319441E-01
0.609131,3.94819,0.112173
0.609741,3.95215,0.431215E-01
0.610352,3.95610,0.385659E-01
0.610962,3.96006,0.303748
0.611572,3.96402,-0.200048
0.612183,3.96797,0.820973E-01
0.612793,3.97193,0.824542E-01
0.613403,3.97588,-0.118396
0.614014,3.97984,-0.688604E-02
0.614624,3.98380,-0.554605E-01
0.615234,3.98775,0.105822
0.615845,3.99171,0.186431
0.616455,3.99567,0.305430E-01
0.617065,3.99962,0.320161E-01
0.617676,4.00358,0.232282
0.618286,4.00753,0.208151E-01
0.618896,4.01149,0.239836
0.619507,4.01545,0.113989E-01
0.620117,4.01940,-0.458599E-01
0.620728,4.02336,-0.602923E-02
0.621338,4.02731,-0.106436
0.621948,4.03127,0.626929E-01
0.622559,4.03523,-0.105080
0.623169,4.03918,0.156729E-01
0.623779,4.04314,0.501995E-01
0.624390,4.04709,-0.863037E-01
0.625000,4.05105,0.792178E-02
0.625610,4.05501,0.122699
0.626221,4.05896,0.117341
0.626831,4.06292,-0.157708E-01
0.627441,4.06687,-0.120564E-01
0.628052,4.07083,-0.552276E-01
0.628662,4.07479,0.649816E-01
0.629272,4.07874,0.120152
0.629883,4.08270,0.420591
0.630493,4.08666,0.209013E-01
0.631104,4.09061,-0.765436E-01
0.631714,4.09457,0.976576E-01
0.632324,4.09852,0.287885
0.632935,4.10248,0.122782E-01
0.633545,4.10644,0.999415E-01
0.634155,4.11039,-0.134107E-01
0.634766,4.11435,0.606394E-01
0.635376,4.11830,-0.157765
0.635986,4.12226,0.147771
0.636597,4.12622,0.490992E-01
0.637207,4.13017,-0.382744
0.637817,4.13413,-0.226600E-01
0.638428,4.13808,-0.793600E-01
0.639038,4.14204,0.105525
0.639648,4.14600,0.118346
0.640259,4.14995,-0.629835E-01
0.640869,4.15391,0.332292E-01
0.641479,4.15787,0.106256
0.642090,4.16182,-0.870461E-02
0.642700,4.16578,0.769184E-01
0.643311,4.16973,-0.144566
0.643921,4.17369,-0.458038E-02
0.644531,4.17765,0.794127E-01
0.645142,4.18160,0.323647E-01
0.645752,4.18556,0.228381E-01
0.646362,4.18951,-0.221793
0.646973,4.19347,0.107920E-01
0.647583,4.19743,0.338961E-01
0.648193,4.20138,-0.738723E-01
0.648804,4.20534,0.184361
0.649414,4.20929,-0.111731
0.650024,4.21325,0.655840E-01
0.650635,4.21721,0.344959
0.651245,4.22116,-0.109733
0.651855,4.22512,-0.171395
0.652466,4.22908,0.527696E-01
0.653076,4.23303,0.195722E-01
0.653687,4.23699,0.140463E-02
0.654297,4.24094,0.471094E-01
0.654907,4.24490,-0.842878E-01
0.655518,4.24886,0.166021
0.656128,4.25281,-0.574939E-01
0.656738,4.25677,-0.850537E-01
0.657349,4.26072,0.162714E-01
0.657959,4.26468,0.271391
0.658569,4.26864,0.505504E-01
0.659180,4.27259,-0.140521E-03
0.659790,4.27655,0.148678
0.660400,4.28050,0.617601E-01
0.661011,4.28446,-0.135550
0.661621,4.28842,0.442686E-01
0.662231,4.29237,0.557660E-01
0.662842,4.29633,-0.373680E-01
0.663452,4.30029,-0.380523E-01
0.664062,4.30424,-0.174204
0.664673,4.30820,0.212714E-01
0.665283,4.31215,-0.153398E-02
0.665894,4.31611,-0.112369
0.666504,4.32007,0.380072E-01
0.667114,4.32402,0.254501
0.667725,4.32798,-0.380029E-01
0.668335,4.33193,0.674538E-01
0.668945,4.33589,-0.191578
0.669556,4.33985,-0.642850E-02
0.670166,4.34380,0.182575E-02
0.670776,4.34776,-0.144963
0.671387,4.35171,0.283444E-01
0.671997,4.35567,0.238361
0.672607,4.35963,0.378076E-01
0.673218,4.36358,0.151469
0.673828,4.36754,0.195507
0.674438,4.37149,0.372870E-01
0.675049,4.37545,0.773776E-01
0.675659,4.37941,0.286423E-01
0.676270,4.38336,0.116227
0.676880,4.38732,-0.303964E-01
0.677490,4.39128,0.261914
0.678101,4.39523,-0.679854E-01
0.678711,4.39919,0.650849E-01
0.679321,4.40314,-0.793769E-01
0.679932,4.40710,0.151772
0.680542,4.41106,0.545799E-01
0.681152,4.41501,-0.260079E-01
0.681763,4.41897,-0.163576
0.682373,4.42292,0.286566
0.682983,4.42688,0.202128E-01
0.683594,4.43084,-0.922825E-01
0.684204,4.43479,0.432735E-01
0.684814,4.43875,0.223983
0.685425,4.44270,0.183500E-01
0.686035,4.44666,0.200974
0.686646,4.45062,-0.690694E-02
0.687256,4.45457,-0.557689E-01
0.687866,4.45853,-0.114606
0.688477,4.46249,0.646848E-01
0.689087,4.46644,-0.361296E-01
0.689697,4.47040,0.866859E-01
0.690308,4.47435,0.191817E-01
0.690918,4.47831,-0.464703
0.691528,4.48227,0.166931E-01
0.692139,4.48622,0.660041E-02
0.692749,4.49018,0.583062E-01
0.693359,4.49413,0.123891
0.693970,4.49809,0.208861
0.694580,4.50205,-0.349886E-01
0.695190,4.50600,0.147277
0.695801,4.50996,0.488168E-01
0.696411,4.51391,-0.530054E-03
0.697021,4.51787,-0.177159
0.697632,4.52183,-0.249771E-01
0.698242,4.52578,0.449062
0.698853,4.52974,-0.917121E-01
0.699463,4.53370,0.150604E-01
0.700073,4.53765,-0.162879E-01
0.700684,4.54161,-0.100211
0.701294,4.54556,-0.196930
0.701904,4.54952,-0.208911E-01
0.702515,4.55348,0.266318
0.703125,4.55743,-0.572341E-01
0.703735,4.56139,-0.131311
0.704346,4.56534,0.133479
0.704956,4.56930,0.282286E-01
0.705566,4.57326,0.578874E-01
0.706177,4.57721,0.138652
0.706787,4.58117,0.276258E-01
0.707397,4.58512,-0.919097E-01
0.708008,4.58908,-0.131989
0.708618,4.59304,-0.579956E-02
0.709229,4.59699,0.117121
0.709839,4.60095,0.434154E-01
0.710449,4.60491,-0.124486E-01
0.711060,4.60886,0.585216E-01
0.711670,4.61282,-0.446435E-01
0.712280,4.61677,-0.198324
0.712891,4.62073,0.387991
0.713501,4.62469,0.315086
0.714111,4.62864,0.333025E-01
0.714722,4.63260,-0.155513
0.715332,4.63655,0.103793
0.715942,4.64051,0.105553E-01
0.716553,4.64447,0.204343
0.717163,4.64842,0.875889E-01
0.717773,4.65238,-0.866313E-01
0.718384,4.65633,0.833653E-01
0.718994,4.66029,-0.389884E-01
0.719604,4.66425,0.137235
0.720215,4.66820,0.164152
0.720825,4.67216,0.291421
0.721436,4.67611,0.217673
0.722046,4.68007,0.623370E-01
0.722656,4.68403,-0.560172E-01
0.723267,4.68798,0.543512E-01
0.723877,4.69194,-0.550342E-01
0.724487,4.69590,0.600011E-01
0.725098,4.69985,0.320768E-01
0.725708,4.70381,-0.538876E-01
0.726318,4.70776,0.257437
0.726929,4.71172,-0.479903E-01
0.727539,4.71568,0.124357
0.728149,4.71963,0.124439
0.728760,4.72359,-0.954394E-01
0.729370,4.72754,0.181532
0.729980,4.73150,0.643378
0.730591,4.73546,0.852118E-01
0.731201,4.73941,0.159673
0.731812,4.74337,0.601375E-01
0.732422,4.74732,0.655271E-01
0.733032,4.75128,0.522770E-01
0.733643,4.75524,0.153402
0.734253,4.75919,0.403494E-01
0.734863,4.76315,-0.444952E-01
0.735474,4.76711,0.116099
0.736084,4.77106,0.113339E-01
0.736694,4.77502,-0.277679
0.737305,4.77897,0.192208
0.737915,4.78293,0.731739E-01
0.738525,4.78689,0.153598
0.739136,4.79084,0.297642
0.739746,4.79480,0.332736E-03
0.740356,4.79875,0.165162E-01
0.740967,4.80271,-0.507539E-01
0.741577,4.80667,0.709883E-01
0.742188,4.81062,-0.122341E-02
0.742798,4.81458,0.130019
0.743408,4.81853,0.611170E-01
0.744019,4.82249,0.125447
0.744629,4.82645,-0.206646
0.745239,4.83040,-0.136444
0.745850,4.83436,0.613386E-01
0.746460,4.83832,-0.184949E-01
0.747070,4.84227,-0.112211E-02
0.747681,4.84623,-0.380173E-01
0.748291,4.85018,0.106933E-01
0.748901,4.85414,-0.171621E-01
0.749512,4.85810,0.466034E-01
0.750122,4.86205,-0.170865
0.750732,4.86601,0.841810E-01
0.751343,4.86996,0.121104E-01
0.751953,4.87392,0.652439E-01
0.752563,4.87788,0.873820E-01
0.753174,4.88183,-0.113157
0.753784,4.88579,-0.238940
0.754395,4.88974,-0.939679E-01
0.755005,4.89370,0.350301E-01
0.755615,4.89766,0.177245
0.756226,4.90161,-0.143442E-01
0.756836,4.90557,-0.391939E-02
0.757446,4.90953,0.323508
0.758057,4.91348,0.176505
0.758667,4.91744,0.162438
0.759277,4.92139,0.185451E-01
0.759888,4.92535,-0.114969
0.760498,4.92931,0.562008E-01
0.761108,4.93326,-0.370723E-01
0.761719,4.93722,-0.389631E-01
0.762329,4.94117,-0.137288E-01
0.762939,4.94513,-0.756309E-02
0.763550,4.94909,0.131215
0.764160,4.95304,0.398356
0.764771,4.95700,0.155532
0.765381,4.96095,0.201982
0.765991,4.96491,0.135974
0.766602,4.96887,-0.360430E-01
0.767212,4.97282,0.809381E-01
0.767822,4.97678,0.174662
0.768433,4.98073,0.242109E-01
0.769043,4.98469,-0.107443
0.769653,4.98865,-0.214720
0.770264,4.99260,0.131373
0.770874,4.99656,0.181275E-01
0.771484,5.00052,0.143026
0.772095,5.00447,0.629613E-01
0.772705,5.00843,0.635134E-02
0.773315,5.01238,0.165523
0.773926,5.01634,0.203310E-01
0.774536,5.02030,-0.698106E-01
0.775146,5.02425,0.348260E-01
0.775757,5.02821,0.461204E-01
0.776367,5.03216,-0.240690E-01
0.776978,5.03612,0.912413E-01
0.777588,5.04008,-0.814099E-01
0.778198,5.04403,-0.734249E-03
0.778809,5.04799,-0.987637E-01
0.779419,5.05194,0.559629E-01
0.780029,5.05590,-0.445669E-02
0.780640,5.05986,0.612852
0.781250,5.06381,0.143509
0.781860,5.06777,0.154787E-01
0.782471,5.07173,0.185312
0.783081,5.07568,-0.463520E-01
0.783691,5.07964,0.116918
0.784302,5.08359,-0.191820E-01
0.784912,5.08755,-0.153908
0.785522,5.09151,-0.200103E-01
0.786133,5.09546,-0.257407
0.786743,5.09942,0.441496E-01
0.787354,5.10337,0.151339E-02
0.787964,5.10733,-0.415690E-01
0.788574,5.11129,0.105127
0.789185,5.11524,-0.273658E-01
0.789795,5.11920,0.108133
0.790405,5.12315,0.128496
0.791016,5.12711,-0.445335E-01
0.791626,5.13107,-0.226398E-01
0.792236,5.13502,0.233651
0.792847,5.13898,0.599937E-01
0.793457,5.14294,0.156650
0.794067,5.14689,0.161863
0.794678,5.15085,-0.143557E-01
0.795288,5.15480,0.860027E-02
0.795898,5.15876,0.690599E-01
0.796509,5.16272,0.969345E-01
0.797119,5.16667,0.387008E-01
0.797729,5.17063,-0.238765
0.798340,5.17458,-0.114378
0.798950,5.17854,-0.145667E-01
0.799561,5.18250,-0.624648E-01
0.800171,5.18645,0.211012
0.800781,5.19041,0.183953E-01
0.801392,5.19436,0.247017E-02
0.802002,5.19832,0.901327E-02
0.802612,5.20228,-0.519041E-01
0.803223,5.20623,-0.114912
0.803833,5.21019,0.571675
0.804443,5.21415,0.257739
0.805054,5.21810,-0.164917
0.805664,5.22206,-0.166102
0.806274,5.22601,-0.225053E-01
0.806885,5.22997,0.296807
0.807495,5.23393,0.950778E-01
0.808105,5.23788,0.100361
0.808716,5.24184,-0.187320
0.809326,5.24579,-0.208190
0.809937,5.24975,-0.401622E-01
0.810547,5.25371,0.153503E-01
0.811157,5.25766,-0.581621E-01
0.811768,5.26162,-0.193036
0.812378,5.26557,-0.331115E-01
0.812988,5.26953,-0.277769
0.813599,5.27349,0.111374
0.814209,5.27744,-0.188158E-02
0.814819,5.28140,0.232800
0.815430,5.28535,-0.992771E-01
0.816040,5.28931,0.142380
0.816650,5.29327,0.631923E-01
0.817261,5.29722,0.214440
0.817871,5.30118,-0.354723E-01
0.818481,5.30514,-0.918856E-01
0.819092,5.30909,-0.105658
0.819702,5.31305,-0.174466
0.820312,5.31700,0.559302E-02
0.820923,5.32096,0.226356E-01
0.821533,5.32492,0.163306
0.822144,5.32887,0.864831E-01
0.822754,5.33283,-0.187300
0.823364,5.33678,-0.897701E-03
0.823975,5.34074,0.119228
0.824585,5.34470,-0.302354E-02
0.825195,5.34865,-0.904639E-02
0.825806,5.35261,0.228834E-01
0.826416,5.35656,0.194797E-01
0.827026,5.36052,-0.655312E-01
0.827637,5.36448,-0.718054E-01
0.828247,5.36843,0.222547
0.828857,5.37239,-0.104712
0.829468,5.37635,0.484159E-01
0.830078,5.38030,-0.511128E-01
0.830688,5.38426,-0.287483
0.831299,5.38821,0.181182
0.831909,5.39217,-0.393122E-01
0.832520,5.39613,0.268101
0.833130,5.40008,0.499884
0.833740,5.40404,-0.375140E-01
0.834351,5.40799,-0.183803E-01
0.834961,5.41195,-0.951186E-02
0.835571,5.41591,0.270848E-01
0.836182,5.41986,-0.111888
0.836792,5.42382,-0.608604E-01
0.837402,5.42777,0.327544E-01
0.838013,5.43173,0.134064E-02
0.838623,5.43569,-0.101403
0.839233,5.43964,-0.537481E-01
0.839844,5.44360,0.525701E-01
0.840454,5.44756,0.174338
0.841064,5.45151,0.118421
0.841675,5.45547,-0.683141E-02
0.842285,5.45942,0.115493
0.842896,5.46338,0.133300E-01
0.843506,5.46734,-0.417076E-01
0.844116,5.47129,0.989039E-01
0.844727,5.47525,-0.711495E-02
0.845337,5.47920,0.260626
0.845947,5.48316,0.151523
0.846558,5.48712,0.106644
0.847168,5.49107,0.108324
0.847778,5.49503,0.231120E-01
0.848389,5.49898,-0.237512E-01
0.848999,5.50294,-0.561699E-02
0.849609,5.50690,-0.781717E-01
0.850220,5.51085,-0.124325E-01
0.850830,5.51481,0.252678E-02
0.851440,5.51877,-0.208640E-01
0.852051,5.52272,-0.936779E-01
0.852661,5.52668,0.101445
0.853271,5.53063,0.213428
0.853882,5.53459,0.695668E-01
0.854492,5.53855,0.697381E-01
0.855103,5.54250,0.624578E-01
0.855713,5.54646,0.299681
0.856323,5.55041,0.200750
0.856934,5.55437,-0.220615E-01
0.857544,5.55833,-0.123531
0.858154,5.56228,-0.124550E-01
0.858765,5.56624,0.116750E-01
0.859375,5.57019,-0.355900E-01
0.859985,5.57415,-0.205785E-01
0.860596,5.57811,0.285609E-02
0.861206,5.58206,-0.612939E-01
0.861816,5.58602,0.259753
0.862427,5.58997,0.163953
0.863037,5.59393,0.524803E-01
0.863647,5.59789,0.127622
0.864258,5.60184,0.339762E-02
0.864868,5.60580,0.596749E-01
0.865479,5.60976,-0.665365E-02
0.866089,5.61371,0.188427
0.866699,5.61767,-0.698095E-02
0.867310,5.62162,0.124691
0.867920,5.62558,-0.587414E-01
0.868530,5.62954,0.581013E-02
0.869141,5.63349,-0.294411E-01
0.869751,5.63745,0.770048E-01
0.870361,5.64140,0.166944
0.870972,5.64536,0.176821
0.871582,5.64932,0.384210E-01
0.872192,5.65327,-0.560341E-01
0.872803,5.65723,0.818444E-01
0.873413,5.66118,-0.205374E-01
0.874023,5.66514,-0.138804E-01
0.874634,5.66910,-0.154291
0.875244,5.67305,0.717106E-03
0.875854,5.67701,-0.161604
0.876465,5.68097,-0.362066E-02
0.877075,5.68492,-0.491121E-01
0.877686,5.68888,0.217428
0.878296,5.69283,-0.194385
0.878906,5.69679,-0.166627E-02
0.879517,5.70075,0.123394
0.880127,5.70470,0.990200E-01
0.880737,5.70866,-0.537889E-01
0.881348,5.71261,0.841944
0.881958,5.71657,0.300256
0.882568,5.72053,0.470860E-01
0.883179,5.72448,-0.648703E-01
0.883789,5.72844,0.298130
0.884399,5.73239,0.299362E-01
0.885010,5.73635,0.297565
0.885620,5.74031,-0.117194
0.886230,5.74426,0.350316E-02
0.886841,5.74822,-0.398688E-01
0.887451,5.75218,-0.187589E-01
0.888062,5.75613,-0.120011
0.888672,5.76009,0.322088E-01
0.889282,5.76404,-0.596269E-01
0.889893,5.76800,-0.566340E-01
0.890503,5.77196,0.751920E-02
0.891113,5.77591,-0.149897E-01
0.891724,5.77987,0.122604
0.892334,5.78382,0.350625E-01
0.892944,5.78778,-0.111343
0.893555,5.79174,0.105045
0.894165,5.79569,-0.159206
0.894775,5.79965,-0.122757
0.895386,5.80360,-0.632053E-02
0.895996,5.80756,0.362882E-01
0.896606,5.81152,0.198145
0.897217,5.81547,0.231001
0.897827,5.81943,0.379951
0.898438,5.82339,0.218328
0.899048,5.82734,-0.116874
0.899658,5.83130,0.165619E-01
0.900269,5.83525,-0.100678E-01
0.900879,5.83921,0.652219E-01
0.901489,5.84317,0.887154E-01
0.902100,5.84712,0.428696
0.902710,5.85108,-0.614948E-01
0.903320,5.85503,-0.298512E-01
0.903931,5.85899,-0.205480
0.904541,5.86295,0.349923E-03
0.905151,5.86690,-0.713393E-01
0.905762,5.87086,0.278833E-01
0.906372,5.87481,-0.749095E-01
0.906982,5.87877,-0.612846E-01
0.907593,5.88273,0.129237
0.908203,5.88668,-0.183621
0.908813,5.89064,-0.203698E-01
0.909424,5.89459,0.426798
0.910034,5.89855,-0.138339E-01
0.910645,5.90251,0.344105E-01
0.911255,5.90646,0.513771
0.911865,5.91042,-0.112847
0.912476,5.91438,0.144835
0.913086,5.91833,0.951651E-02
0.913696,5.92229,-0.324679E-01
0.914307,5.92624,-0.133609
0.914917,5.93020,-0.477834E-01
0.915527,5.93416,-0.169650
0.916138,5.93811,0.191745
0.916748,5.94207,-0.874301E-02
0.917358,5.94602,-0.403594E-01
0.917969,5.94998,-0.223591E-01
0.918579,5.95394,-0.433516E-01
0.919189,5.95789,0.123378E-01
0.919800,5.96185,0.163296
0.920410,5.96580,0.157766
0.921021,5.96976,-0.464089E-01
0.921631,5.97372,0.136867
0.922241,5.97767,-0.130856
0.922852,5.98163,0.370578E-01
0.923462,5.98559,0.174787E-01
0.924072,5.98954,-0.263814
0.924683,5.99350,-0.313741E-01
0.925293,5.99745,0.159185E-01
0.925903,6.00141,0.498970E-01
0.926514,6.00537,0.235073E-01
0.927124,6.00932,0.176383
0.927734,6.01328,0.198599E-01
0.928345,6.01723,0.188147
0.928955,6.02119,-0.967226E-01
0.929565,6.02515,-0.309103E-01
0.930176,6.02910,0.463082E-01
0.930786,6.03306,-0.478490E-01
0.931396,6.03701,0.140563E-01
0.932007,6.04097,0.455898E-01
0.932617,6.04493,0.355880E-01
0.933228,6.04888,0.454013
0.933838,6.05284,-0.437791E-01
0.934448,6.05680,0.343517E-02
0.935059,6.06075,0.387363E-01
0.935669,6.06471,-0.161237E-01
0.936279,6.06866,-0.105938E-02
0.936890,6.07262,0.260732
0.937500,6.07658,0.327227E-01
0.938110,6.08053,-0.116277E-01
0.938721,6.08449,0.208962E-01
0.939331,6.08844,0.283636
0.939941,6.09240,-0.202247E-01
0.940552,6.09636,0.188105
0.941162,6.10031,0.628058E-01
0.941772,6.10427,0.171639
0.942383,6.10822,0.719204E-01
0.942993,6.11218,0.930490E-01
0.943604,6.11614,0.263771E-03
0.944214,6.12009,0.475439E-01
0.944824,6.12405,-0.189497
0.945435,6.12801,-0.655647E-02
0.946045,6.13196,0.144990
0.946655,6.13592,0.163534E-01
0.947266,6.13987,-0.700402E-01
0.947876,6.14383,0.482918E-01
0.948486,6.14779,-0.655579E-01
0.949097,6.15174,-0.201772E-01
0.949707,6.15570,0.104198
0.950317,6.15965,-0.108700
0.950928,6.16361,-0.730883E-01
0.951538,6.16757,-0.137472
0.952148,6.17152,0.152117
0.952759,6.17548,0.129299
0.953369,6.17943,0.142805
0.953979,6.18339,0.510635E-01
0.954590,6.18735,-0.111810
0.955200,6.19130,0.290646E-01
0.955811,6.19526,-0.205187
0.956421,6.19921,0.724348E-01
0.957031,6.20317,-0.390432E-01
0.957642,6.20713,-0.567948E-01
0.958252,6.21108,-0.812592E-01
0.958862,6.21504,0.155014
0.959473,6.21900,0.143363E-01
0.960083,6.22295,0.517726E-01
0.960693,6.22691,-0.990216E-01
0.961304,6.23086,0.982018E-01
0.961914,6.23482,-0.139498E-01
0.962524,6.23878,0.429025
0.963135,6.24273,-0.514604E-01
0.963745,6.24669,-0.840771E-01
0.964355,6.25064,0.134760
0.964966,6.25460,-0.229408
0.965576,6.25856,0.210881
0.966187,6.26251,0.982447E-01
0.966797,6.26647,-0.141625E-01
0.967407,6.27042,0.913565E-02
0.968018,6.27438,-0.524926E-01
0.968628,6.27834,0.457706E-01
0.969238,6.28229,-0.905596E-01
0.969849,6.28625,0.273431
0.970459,6.29021,-0.518012E-01
0.971069,6.29416,0.828464E-01
0.971680,6.29812,0.729643E-01
0.972290,6.30207,-0.179533
0.972900,6.30603,-0.102924E-01
0.973511,6.30999,0.262094E-01
0.974121,6.31394,0.495725E-01
0.974731,6.31790,0.802710E-02
0.975342,6.32185,-0.853442E-01
0.975952,6.32581,0.752806E-01
0.976562,6.32977,0.150049
0.977173,6.33372,0.671482E-01
0.977783,6.33768,0.214151E-01
0.978394,6.34163,-0.761743E-01
0.979004,6.34559,0.174807
0.979614,6.34955,-0.639564E-01
0.980225,6.35350,-0.723789E-01
0.980835,6.35746,-0.923561E-01
0.981445,6.36142,-0.578964E-02
0.982056,6.36537,0.707799E-01
0.982666,6.36933,-0.150785
0.983276,6.37328,0.111050
0.983887,6.37724,0.748181E-03
0.984497,6.38120,0.106648
0.985107,6.38515,0.658689E-01
0.985718,6.38911,0.176808E-01
0.986328,6.39306,0.852341E-01
0.986938,6.39702,0.767219E-01
0.987549,6.40098,-0.801981E-02
0.988159,6.40493,0.415243E-02
0.988770,6.40889,-0.833458E-01
0.989380,6.41284,-0.886668E-01
0.989990,6.41680,-0.268129E-01
0.990601,6.42076,0.118207E-01
0.991211,6.42471,0.119144
0.991821,6.42867,-0.642221E-01
0.992432,6.43263,-0.100153
0.993042,6.43658,0.160466
0.993652,6.44054,-0.147861
0.994263,6.44449,0.866068E-01
0.994873,6.44845,0.533892
0.995483,6.45241,0.646739E-01
0.996094,6.45636,-0.117058
0.996704,6.46032,-0.945849E-02
0.997314,6.46427,-0.326252E-01
0.997925,6.46823,0.912502E-01
0.998535,6.47219,0.103301
0.999146,6.47614,-0.218693
0.999756,6.48010,0.300331
1.00037,6.48405,0.501814E-01
1.00098,6.48801,-0.623694E-01
1.00159,6.49197,0.213107
1.00220,6.49592,-0.230733E-01
1.00281,6.49988,-0.938771E-01
1.00342,6.50383,-0.514412E-01
1.00403,6.50779,0.640577E-01
1.00464,6.51175,0.138058E-02
1.00525,6.51570,-0.636634E-01
1.00586,6.51966,-0.209892
1.00647,6.52362,-0.699308E-01
1.00708,6.52757,-0.921064E-02
1.00769,6.53153,-0.198021E-01
1.00830,6.53548,0.192276E-01
1.00891,6.53944,-0.157686
1.00952,6.54340,-0.997867E-01
1.01013,6.54735,-0.254344E-01
1.01074,6.55131,0.276632
1.01135,6.55526,0.106585E-01
1.01196,6.55922,0.432027E-01
1.01257,6.56318,0.313686
1.01318,6.56713,0.617164E-02
1.01379,6.57109,0.196683E-01
1.01440,6.57504,0.459652E-02
1.01501,6.57900,0.250635
1.01562,6.58296,-0.637325E-02
1.01624,6.58691,0.123288
1.01685,6.59087,-0.177491E-02
1.01746,6.59483,0.139894
1.01807,6.59878,0.176117E-01
1.01868,6.60274,-0.170367E-01
1.01929,6.60669,-0.111745
1.01990,6.61065,-0.519715E-01
1.02051,6.61461,0.185310
1.02112,6.61856,-0.182951E-01
1.02173,6.62252,0.635894E-01
1.02234,6.62647,0.152152
1.02295,6.63043,0.480866E-01
1.02356,6.63439,-0.665078E-02
1.02417,6.63834,0.527165E-01
1.02478,6.64230,0.306101E-01
1.02539,6.64625,-0.311535E-01
1.02600,6.65021,-0.158200E-01
1.02661,6.65417,0.233413
1.02722,6.65812,-0.410515E-01
1.02783,6.66208,-0.329599E-01
1.02844,6.66604,-0.331968E-01
1.02905,6.66999,0.180677E-01
1.02966,6.67395,0.104240
1.03027,6.67790,-0.257112
1.03088,6.68186,0.113679
1.03149,6.68582,0.828367E-01
1.03210,6.68977,-0.641346E-01
1.03271,6.69373,-0.517192E-01
1.03333,6.69768,0.896136E-01
1.03394,6.70164,0.287415
1.03455,6.70560,0.848637E-03
1.03516,6.70955,-0.215592E-02
1.03577,6.71351,-0.707539E-01
1.03638,6.71746,-0.508765E-01
1.03699,6.72142,-0.369384E-01
1.03760,6.72538,-0.552289E-01
1.03821,6.72933,0.143144E-01
1.03882,6.73329,-0.669823E-03
1.03943,6.73725,0.797290E-01
1.04004,6.74120,-0.215342E-01
1.04065,6.74516,0.179863
1.04126,6.74911,-0.254131E-01
1.04187,6.75307,0.169501
1.04248,6.75703,-0.231454
1.04309,6.76098,0.173482E-01
1.04370,6.76494,-0.230278
1.04431,6.76889,0.316084
1.04492,6.77285,0.662288
1.04553,6.77681,-0.479016E-01
1.04614,6.78076,0.603276E-01
1.04675,6.78472,-0.278391E-01
1.04736,6.78867,0.183243
1.04797,6.79263,-0.151135
1.04858,6.79659,-0.144156
1.04919,6.80054,0.926988E-01
1.04980,6.80450,-0.554627E-01
1.05042,6.80845,0.159168E-01
1.05103,6.81241,0.206739E-01
1.05164,6.81637,0.562194E-01
1.05225,6.82032,0.316759E-01
1.05286,6.82428,-0.589101E-01
1.05347,6.82824,0.345081E-01
1.05408,6.83219,0.123563
1.05469,6.83615,-0.359231
1.05530,6.84010,0.101074
1.05591,6.84406,-0.272032E-02
1.05652,6.84802,-0.618356E-01
1.05713,6.85197,0.936744E-01
1.05774,6.85593,0.129640E-01
1.05835,6.85988,-0.888991E-01
1.05896,6.86384,-0.116179
1.05957,6.86780,0.177602E-01
1.06018,6.87175,0.197892E-01
1.06079,6.87571,0.899542E-01
1.06140,6.87966,-0.458215E-01
1.06201,6.88362,-0.336316E-01
1.06262,6.88758,0.584312E-01
1.06323,6.89153,-0.160966E-01
1.06384,6.89549,-0.419874E-02
1.06445,6.89945,-0.611397E-01
1.06506,6.90340,-0.793285E-01
1.06567,6.90736,-0.104475E-01
1.06628,6.91131,-0.565320E-01
1.06689,6.91527,0.585523E-01
1.06750,6.91923,0.202505
1.06812,6.92318,-0.967082E-01
1.06873,6.92714,-0.133005E-01
1.06934,6.93109,-0.443556E-01
1.06995,6.93505,-0.103844
1.07056,6.93901,0.133172
1.07117,6.94296,-0.162901E-02
1.07178,6.94692,-0.286129E-01
1.07239,6.95087,-0.826016E-02
1.07300,6.95483,-0.827150E-01
1.07361,6.95879,-0.269356E-01
1.07422,6.96274,-0.892051E-02
1.07483,6.96670,-0.608321E-01
1.07544,6.97066,0.284046E-01
1.07605,6.97461,0.294078E-02
1.07666,6.97857,0.798595E-01
1.07727,6.98252,-0.381348E-01
1.07788,6.98648,-0.198387
1.07849,6.99044,-0.179373E-01
1.07910,6.99439,0.337477E-01
1.07971,6.99835,-0.669195E-01
1.08032,7.00230,0.194649
1.08093,7.00626,0.315960E-03
1.08154,7.01022,-0.155023E-01
1.08215,7.01417,0.364747E-01
1.08276,7.01813,0.643512E-01
1.08337,7.02208,-0.121087
1.08398,7.02604,0.151186E-01
1.08459,7.03000,0.361932E-01
1.08521,7.03395,0.526048E-01
1.08582,7.03791,0.233019
1.08643,7.04187,-0.410166E-01
1.08704,7.04582,0.273810E-01
1.08765,7.04978,0.756515E-01
1.08826,7.05373,0.113195E-01
1.08887,7.05769,0.967542E-01
1.08948,7.06165,0.278169
1.09009,7.06560,-0.507347E-01
1.09070,7.06956,-0.680641E-01
1.09131,7.07351,0.402548E-01
1.09192,7.07747,-0.219877E-01
1.09253,7.08143,0.299032
1.09314,7.08538,-0.247664E-01
1.09375,7.08934,-0.231840E-01
1.09436,7.09329,0.417102E-01
1.09497,7.09725,0.106743
1.09558,7.10121,0.352332E-01
1.09619,7.10516,0.735209E-01
1.09680,7.10912,0.173327E-01
1.09741,7.11307,0.316999E-01
1.09802,7.11703,0.148375E-01
1.09863,7.12099,0.106894E-01
1.09924,7.12494,-0.671227E-01
1.09985,7.12890,-0.606858E-01
1.10046,7.13286,-0.477113E-01
1.10107,7.13681,-0.522365E-01
1.10168,7.14077,0.132929
1.10229,7.14472,0.403694
1.10291,7.14868,-0.268246E-01
1.10352,7.15264,0.785836E-01
1.10413,7.15659,-0.107496E-01
1.10474,7.16055,0.115368E-01
1.10535,7.16450,-0.470000E-01
1.10596,7.16846,0.236503
1.10657,7.17242,-0.718226E-01
1.10718,7.17637,-0.322091E-01
1.10779,7.18033,-0.348214E-02
1.10840,7.18428,0.297347E-01
1.10901,7.18824,-0.225489
1.10962,7.19220,-0.763174E-02
1.11023,7.19615,-0.224587
1.11084,7.20011,0.261667
1.11145,7.20407,-0.743179E-01
1.11206,7.20802,0.150250
1.11267,7.21198,0.170412E-01
1.11328,7.21593,0.941549E-01
1.11389,7.21989,-0.258298E-01
1.11450,7.22385,0.156217
1.11511,7.22780,-0.102182
1.11572,7.23176,0.270791
1.11633,7.23571,-0.542579E-02
1.11694,7.23967,0.162897E-01
1.11755,7.24363,0.226135E-01
1.11816,7.24758,0.225269E-01
1.11877,7.25154,0.902797E-01
1.11938,7.25549,0.170783
1.12000,7.25945,0.125478
1.12061,7.26341,-0.979024E-02
1.12122,7.26736,-0.802413E-01
1.12183,7.27132,0.176148
1.12244,7.27528,0.484307E-01
1.12305,7.27923,-0.659875E-01
1.12366,7.28319,-0.260601E-01
1.12427,7.28714,0.675537E-01
1.12488,7.29110,-0.111087
1.12549,7.29506,0.400785E-03
1.12610,7.29901,0.813472E-01
1.12671,7.30297,0.131062E-01
1.12732,7.30692,-0.535995E-01
1.12793,7.31088,-0.466011E-01
1.12854,7.31484,-0.160113E-01
1.12915,7.31879,0.275251E-01
1.12976,7.32275,0.284630
1.13037,7.32670,-0.829111E-01
1.13098,7.33066,-0.283622E-01
1.13159,7.33462,-0.139525
1.13220,7.33857,-0.606990E-01
1.13281,7.34253,-0.103494
1.13342,7.34649,0.465684E-01
1.13403,7.35044,-0.413556E-01
1.13464,7.35440,-0.874012E-01
1.13525,7.35835,0.427019E-01
1.13586,7.36231,-0.237509E-01
1.13647,7.36627,0.409786E-01
1.13708,7.37022,0.940949E-01
1.13770,7.37418,-0.403110E-01
1.13831,7.37813,0.909537E-03
1.13892,7.38209,-0.190464
1.13953,7.38605,-0.589426E-01
1.14014,7.39000,-0.364001E-01
1.14075,7.39396,0.382832E-01
1.14136,7.39791,0.327335E-01
1.14197,7.40187,0.286796E-01
1.14258,7.40583,0.100508
1.14319,7.40978,0.224688E-01
1.14380,7.41374,-0.103503E-02
1.14441,7.41769,0.662249E-02
1.14502,7.42165,-0.454312E-01
1.14563,7.42561,0.108349E-01
1.14624,7.42956,0.350940E-02
1.14685,7.43352,0.115209
1.14746,7.43748,0.853375E-01
1.14807,7.44143,0.660490E-01
1.14868,7.44539,0.349536E-01
1.14929,7.44934,-0.104624
1.14990,7.45330,-0.108285
1.15051,7.45726,0.926314E-03
1.15112,7.46121,-0.406205E-01
1.15173,7.46517,-0.492259E-01
1.15234,7.46912,-0.130005
1.15295,7.47308,0.105825
1.15356,7.47704,0.112588
1.15417,7.48099,0.319570
1.15479,7.48495,0.105768E-01
1.15540,7.48890,-0.106047E-01
1.15601,7.49286,-0.265317E-01
1.15662,7.49682,0.428494E-01
1.15723,7.50077,0.144994E-02
1.15784,7.50473,0.204825E-01
1.15845,7.50869,-0.215084E-01
1.15906,7.51264,0.461292E-01
1.15967,7.51660,0.295761
1.16028,7.52055,0.124825
1.16089,7.52451,0.133938
1.16150,7.52847,-0.323677
1.16211,7.53242,-0.647548E-01
1.16272,7.53638,-0.538007E-03
1.16333,7.54033,0.275307
1.16394,7.54429,-0.184138E-03
1.16455,7.54825,0.641643E-01
1.16516,7.55220,0.839691E-01
1.16577,7.55616,-0.105357
1.16638,7.56011,-0.277420E-01
1.16699,7.56407,-0.208940
1.16760,7.56803,0.129784
1.16821,7.57198,-0.158340
1.16882,7.57594,0.116574
1.16943,7.57990,0.552897E-01
1.17004,7.58385,-0.619309E-01
1.17065,7.58781,0.107128
1.17126,7.59176,0.321786
1.17188,7.59572,0.351620E-01
1.17249,7.59968,-0.305687
1.17310,7.60363,0.831240E-01
1.17371,7.60759,-0.422447E-01
1.17432,7.61154,0.233349E-01
1.17493,7.61550,-0.186230E-01
1.17554,7.61946,-0.149073
1.17615,7.62341,0.247187E-01
1.17676,7.62737,0.527497E-01
1.17737,7.63132,-0.300825E-02
1.17798,7.63528,0.324287E-01
1.17859,7.63924,-0.176089
1.17920,7.64319,-0.345814
1.17981,7.64715,-0.119433E-01
1.18042,7.65111,0.862405E-02
1.18103,7.65506,-0.505181E-01
1.18164,7.65902,-0.174063
1.18225,7.66297,0.732575E-01
1.18286,7.66693,0.117023
1.18347,7.67089,0.280903E-01
1.18408,7.67484,0.387192E-01
1.18469,7.67880,0.167034
1.18530,7.68275,0.159484
1.18591,7.68671,0.121184
1.18652,7.69067,0.265290E-01
1.18713,7.69462,0.562802E-01
1.18774,7.69858,0.871920E-01
1.18835,7.70253,-0.248012E-01
1.18896,7.70649,0.341191E-01
1.18958,7.71045,0.551549E-01
1.19019,7.71440,0.108576
1.19080,7.71836,0.123135
1.19141,7.72231,-0.208315E-01
1.19202,7.72627,0.130790E-01
1.19263,7.73023,0.225345
1.19324,7.73418,0.934288E-01
1.19385,7.73814,-0.227593
1.19446,7.74210,-0.157977
1.19507,7.74605,0.161302
1.19568,7.75001,-0.108121E-01
1.19629,7.75396,0.212286
1.19690,7.75792,0.439407E-01
1.19751,7.76188,0.449747E-01
1.19812,7.76583,-0.981875E-03
1.19873,7.76979,0.684875E-01
1.19934,7.77374,-0.284747E-01
1.19995,7.77770,-0.892747E-01
1.20056,7.78166,-0.425101E-01
1.20117,7.78561,-0.785315E-01
1.20178,7.78957,-0.821303E-01
1.20239,7.79352,0.242951E-01
1.20300,7.79748,0.100295
1.20361,7.80144,0.191457E-01
1.20422,7.80539,0.967935E-01
1.20483,7.80935,0.870448E-01
1.20544,7.81331,-0.201064
1.20605,7.81726,-0.327442E-01
1.20667,7.82122,-0.456320E-01
1.20728,7.82517,-0.116099E-01
1.20789,7.82913,0.677923E-01
1.20850,7.83309,0.124543E-01
1.20911,7.83704,-0.154179E-01
1.20972,7.84100,-0.956087E-01
1.21033,7.84495,-0.479445E-01
1.21094,7.84891,0.244502E-01
1.21155,7.85287,-0.793712E-01
1.21216,7.85682,0.272389E-01
1.21277,7.86078,-0.501606E-01
1.21338,7.86473,0.214256E-01
1.21399,7.86869,-0.143960
1.21460,7.87265,0.333534E-01
1.21521,7.87660,0.102814E-01
1.21582,7.88056,-0.404539
1.21643,7.88452,-0.505280E-01
1.21704,7.88847,0.889139E-01
1.21765,7.89243,-0.168352
1.21826,7.89638,0.378907E-01
1.21887,7.90034,0.433775E-01
1.21948,7.90430,0.146457E-01
1.22009,7.90825,0.153910
1.22070,7.91221,0.786838E-01
1.22131,7.91616,0.118366
1.22192,7.92012,-0.151742E-01
1.22253,7.92408,0.217863E-01
1.22314,7.92803,0.839500E-01
1.22375,7.93199,0.921124E-02
1.22437,7.93594,-0.123357E-01
1.22498,7.93990,0.682318E-01
1.22559,7.94386,0.518326E-01
1.22620,7.94781,0.379265E-01
1.22681,7.95177,-0.269278E-01
1.22742,7.95573,0.565947E-01
1.22803,7.95968,0.468459E-01
1.22864,7.96364,-0.183629
1.22925,7.96759,-0.689535E-02
1.22986,7.97155,0.910237E-01
1.23047,7.97551,-0.234467E-01
1.23108,7.97946,0.512242E-01
1.23169,7.98342,-0.127052
1.23230,7.98737,-0.870050E-01
1.23291,7.99133,0.390284E-01
1.23352,7.99529,-0.138641
1.23413,7.99924,0.172753
1.23474,8.00320,-0.596042E-03
1.23535,8.00715,0.291826E-01
1.23596,8.01111,0.615355E-01
1.23657,8.01507,0.193095E-01
1.23718,8.01902,-0.146073
1.23779,8.02298,-0.347406E-01
1.23840,8.02693,-0.362223E-01
1.23901,8.03089,0.224823E-02
1.23962,8.03485,-0.477014E-01
1.24023,8.03880,-0.305244E-02
1.24084,8.04276,-0.287991E-02
1.24146,8.04672,-0.981851E-01
1.24207,8.05067,-0.142665E-01
1.24268,8.05463,-0.586822E-01
1.24329,8.05858,0.188872E-01
1.24390,8.06254,0.789525E-01
1.24451,8.06650,0.767644E-01
1.24512,8.07045,0.239356E-01
1.24573,8.07441,-0.157671E-01
1.24634,8.07836,0.935450E-01
1.24695,8.08232,-0.665262E-01
1.24756,8.08628,0.686544E-01
1.24817,8.09023,0.489013E-01
1.24878,8.09419,-0.855533E-01
1.24939,8.09814,-0.686482E-01
1.25000,8.10210,0.431717E-01
1.25061,8.10606,0.100689
1.25122,8.11001,0.419965E-01
1.25183,8.11397,0.572562E-01
1.25244,8.11793,0.456410E-01
1.25305,8.12188,-0.587766E-01
1.25366,8.12584,-0.183323E-01
1.25427,8.12979,0.551330E-01
1.25488,8.13375,-0.550608E-01
1.25549,8.13771,0.104025
1.25610,8.14166,-0.977599E-01
1.25671,8.14562,0.745389E-01
1.25732,8.14957,-0.484107E-01
1.25793,8.15353,-0.530657E-01
1.25854,8.15749,-0.114639
1.25916,8.16144,-0.148021
1.25977,8.16540,0.191573E-01
1.26038,8.16935,-0.379980E-01
1.26099,8.17331,-0.855067E-02
1.26160,8.17727,-0.415151E-01
1.26221,8.18122,-0.331411E-02
1.26282,8.18518,0.131694
1.26343,8.18914,-0.159020E-01
1.26404,8.19309,0.160539E-01
1.26465,8.19705,-0.621188E-01
1.26526,8.20100,0.205167
1.26587,8.20496,-0.525086E-01
1.26648,8.20892,0.259871E-01
1.26709,8.21287,0.651060E-01
1.26770,8.21683,-0.100869
1.26831,8.22078,-0.374830E-01
1.26892,8.22474,0.897553E-01
1.26953,8.22870,-0.239105E-01
1.27014,8.23265,0.475218E-01
1.27075,8.23661,-0.207551E-02
1.27136,8.24056,0.140368
1.27197,8.24452,0.146975
1.27258,8.24848,-0.141261E-01
1.27319,8.25243,0.159937
1.27380,8.25639,-0.859305E-01
1.27441,8.26035,-0.457190E-01
1.27502,8.26430,-0.815629E-02
1.27563,8.26826,-0.132850E-01
1.27625,8.27221,0.599585E-01
1.27686,8.27617,0.408748
1.27747,8.28013,0.189546E-01
1.27808,8.28408,0.967135E-01
1.27869,8.28804,0.195923
1.27930,8.29199,0.236820
1.27991,8.29595,-0.148578E-01
1.28052,8.29991,0.333938E-01
1.28113,8.30386,-0.970454E-01
1.28174,8.30782,0.146275
1.28235,8.31177,0.825545E-01
1.28296,8.31573,-0.685761E-01
1.28357,8.31969,0.322698E-01
1.28418,8.32364,-0.338838E-03
1.28479,8.32760,0.742983E-01
1.28540,8.33155,-0.728406E-01
1.28601,8.33551,0.208772E-01
1.28662,8.33947,0.109299
1.28723,8.34342,0.180918
1.28784,8.34738,0.219118
1.28845,8.35134,-0.120535E-02
1.28906,8.35529,-0.590450E-02
1.28967,8.35925,0.552077E-02
1.29028,8.36320,-0.596795E-02
1.29089,8.36716,-0.203039E-01
1.29150,8.37112,-0.106324
1.29211,8.37507,-0.844948E-01
1.29272,8.37903,-0.159054E-01
1.29333,8.38298,0.130118E-01
1.29395,8.38694,0.573348E-01
1.29456,8.39090,0.177618E-01
1.29517,8.39485,-0.792187E-02
1.29578,8.39881,0.645609E-01
1.29639,8.40276,-0.567898E-01
1.29700,8.40672,0.285773E-01
1.29761,8.41068,0.264794E-01
1.29822,8.41463,-0.375552E-01
1.29883,8.41859,0.109121E-01
1.29944,8.42255,-0.138197E-02
1.30005,8.42650,-0.679522E-01
1.30066,8.43046,0.125446
1.30127,8.43441,-0.427792E-01
1.30188,8.43837,-0.216240E-01
1.30249,8.44233,0.131410E-02
1.30310,8.44628,-0.948225E-01
1.30371,8.45024,0.714894E-01
1.30432,8.45419,0.417838E-01
1.30493,8.45815,-0.270181E-01
1.30554,8.46211,0.133815
1.30615,8.46606,0.118711
1.30676,8.47002,-0.188974
1.30737,8.47397,-0.147051
1.30798,8.47793,0.506047E-01
1.30859,8.48189,0.195024E-01
1.30920,8.48584,-0.100685
1.30981,8.48980,-0.156421
1.31042,8.49376,0.138483
1.31104,8.49771,0.133709
1.31165,8.50167,0.119628
1.31226,8.50562,-0.599118E-01
1.31287,8.50958,0.141103
1.31348,8.51354,-0.371365E-01
1.31409,8.51749,0.288703E-01
1.31470,8.52145,0.193127E-01
1.31531,8.52540,0.422095E-01
1.31592,8.52936,0.295744E-01
1.31653,8.53332,-0.294582E-02
1.31714,8.53727,0.934375E-01
1.31775,8.54123,0.407443E-01
1.31836,8.54518,-0.273242E-01
1.31897,8.54914,-0.991290E-02
1.31958,8.55310,-0.271666E-01
1.32019,8.55705,-0.482603E-01
1.32080,8.56101,-0.471541E-01
1.32141,8.56497,0.803014E-01
1.32202,8.56892,-0.409860E-01
1.32263,8.57288,-0.584656E-01
1.32324,8.57683,0.656737E-01
1.32385,8.58079,-0.604219E-01
1.32446,8.58475,0.267464E-02
1.32507,8.58870,0.565365E-01
1.32568,8.59266,-0.131590E-01
1.32629,8.59661,0.121634
1.32690,8.60057,0.183889E-02
1.32751,8.60453,0.368384E-02
1.32812,8.60848,0.571647E-01
1.32874,8.61244,-0.647895E-01
1.32935,8.61639,0.205063E-01
1.32996,8.62035,0.729710E-02
1.33057,8.62431,-0.447025E-01
1.33118,8.62826,-0.241973E-01
1.33179,8.63222,0.108134E-01
1.33240,8.63618,0.120382
1.33301,8.64013,-0.361783E-01
1.33362,8.64409,-0.568666E-01
1.33423,8.64804,0.687639E-01
1.33484,8.65200,0.206505E-01
1.33545,8.65596,-0.111096E-01
1.33606,8.65991,-0.472031E-01
1.33667,8.66387,0.291272E-01
1.33728,8.66782,-0.124928
1.33789,8.67178,0.205614E-01
1.33850,8.67574,0.106554
1.33911,8.67969,0.251764
1.33972,8.68365,0.411522E-01
1.34033,8.68760,-0.613498E-01
1.34094,8.69156,0.792769E-02
1.34155,8.69552,-0.276251E-01
1.34216,8.69947,0.242750E-01
1.34277,8.70343,-0.979851E-02
1.34338,8.70738,0.165946E-01
1.34399,8.71134,0.985557E-01
1.34460,8.71530,0.107626
1.34521,8.71925,-0.154875
1.34583,8.72321,0.858798E-01
1.34644,8.72717,0.108167
1.34705,8.73112,0.523924E-02
1.34766,8.73508,0.286497E-01
1.34827,8.73903,0.209365
1.34888,8.74299,-0.165402
1.34949,8.74695,0.430091E-01
1.35010,8.75090,0.777340E-02
1.35071,8.75486,0.116223
1.35132,8.75881,-0.556152E-02
1.35193,8.76277,-0.606260E-01
1.35254,8.76673,0.238333E-01
1.35315,8.77068,0.575062E-01
1.35376,8.77464,0.753832E-01
1.35437,8.77859,0.534649E-01
1.35498,8.78255,-0.490618E-01
1.35559,8.78651,0.159502
1.35620,8.79046,0.183913E-01
1.35681,8.79442,-0.126507E-01
1.35742,8.79838,-0.175444E-01
1.35803,8.80233,-0.608790E-01
1.35864,8.80629,0.361572E-01
1.35925,8.81024,0.100149E-03
1.35986,8.81420,-0.123949
1.36047,8.81816,-0.686261E-01
1.36108,8.82211,-0.784574E-01
1.36169,8.82607,0.947815E-01
1.36230,8.83002,-0.379259E-01
1.36292,8.83398,0.221773
1.36353,8.83794,0.101017E-01
1.36414,8.84189,-0.333650E-01
1.36475,8.84585,0.542511E-01
1.36536,8.84980,0.232565E-01
1.36597,8.85376,0.507516E-01
1.36658,8.85772,-0.147579E-01
1.36719,8.86167,-0.213063E-01
1.36780,8.86563,0.994127E-01
1.36841,8.86959,-0.117565
1.36902,8.87354,0.382440E-01
1.36963,8.87750,0.759494E-02
1.37024,8.88145,0.707014E-02
1.37085,8.88541,0.108204E-01
1.37146,8.88937,0.279084
1.37207,8.89332,-0.932337E-01
1.37268,8.89728,-0.545347E-01
1.37329,8.90123,0.763536E-01
1.37390,8.90519,0.527282E-01
1.37451,8.90915,-0.175540E-01
1.37512,8.91310,0.126468
1.37573,8.91706,-0.153431E-03
1.37634,8.92101,-0.158947
1.37695,8.92497,-0.368322E-01
1.37756,8.92893,0.307402E-01
1.37817,8.93288,-0.272472E-01
1.37878,8.93684,0.167392
1.37939,8.94080,0.460701E-01
1.38000,8.94475,0.459688E-01
1.38062,8.94871,-0.881253E-02
1.38123,8.95266,-0.889353E-01
1.38184,8.95662,0.449088E-01
1.38245,8.96058,0.782738E-01
1.38306,8.96453,0.991904E-01
1.38367,8.96849,-0.616534E-01
1.38428,8.97244,0.122032
1.38489,8.97640,-0.542426E-01
1.38550,8.98036,0.507103E-01
1.38611,8.98431,0.378463E-01
1.38672,8.98827,-0.466173E-01
1.38733,8.99222,-0.109722E-01
1.38794,8.99618,-0.404070E-01
1.38855,9.00014,-0.419448E-01
1.38916,9.00409,0.277616
1.38977,9.00805,0.114586E-01
1.39038,9.01200,0.190549E-01
1.39099,9.01596,0.366820E-01
1.39160,9.01992,0.160456
1.39221,9.02387,-0.214495E-01
1.39282,9.02783,-0.239986E-01
1.39343,9.03179,-0.832810E-01
1.39404,9.03574,0.314467E-01
1.39465,9.03970,0.375371E-01
1.39526,9.04365,0.380831E-01
1.39587,9.04761,0.931527E-01
1.39648,9.05157,-0.725549E-01
1.39709,9.05552,-0.613700E-01
1.39771,9.05948,-0.318842E-01
1.39832,9.06343,0.812671E-01
1.39893,9.06739,0.813586E-01
1.39954,9.07135,-0.682603E-01
1.40015,9.07530,0.571450E-01
1.40076,9.07926,-0.837644E-02
1.40137,9.08321,0.132511
1.40198,9.08717,0.709389E-01
1.40259,9.09113,-0.368070E-01
1.40320,9.09508,0.175143
1.40381,9.09904,0.555156E-01
1.40442,9.10300,-0.122111
1.40503,9.10695,-0.196677E-02
1.40564,9.11091,0.238621E-01
1.40625,9.11486,0.497395E-01
1.40686,9.11882,0.282785E-01
1.40747,9.12278,-0.453706E-01
1.40808,9.12673,-0.823412E-03
1.40869,9.13069,-0.232898E-01
1.40930,9.13464,0.426722
1.40991,9.13860,-0.617290E-01
1.41052,9.14256,0.711344E-01
1.41113,9.14651,-0.166596
1.41174,9.15047,-0.103010E-01
1.41235,9.15442,0.417791E-02
1.41296,9.15838,-0.649970E-01
1.41357,9.16234,0.650174E-01
1.41418,9.16629,0.258901
1.41479,9.17025,-0.136296
1.41541,9.17421,0.124513E-01
1.41602,9.17816,-0.122359
1.41663,9.18212,0.869418E-01
1.41724,9.18607,-0.217224E-01
1.41785,9.19003,-0.845755E-01
1.41846,9.19399,-0.136838E-01
1.41907,9.19794,0.193756
1.41968,9.20190,-0.815448E-01
1.42029,9.20585,0.737490E-01
1.42090,9.20981,-0.347415E-01
1.42151,9.21377,0.254713
1.42212,9.21772,0.801072E-02
1.42273,9.22168,0.557004E-01
1.42334,9.22563,0.550829E-02
1.42395,9.22959,-0.158038E-01
1.42456,9.23355,-0.145994
1.42517,9.23750,-0.122720
1.42578,9.24146,-0.448788E-01
1.42639,9.24542,0.513216E-01
1.42700,9.24937,0.409432E-01
1.42761,9.25333,0.142334E-01
1.42822,9.25728,0.524303E-02
1.42883,9.26124,0.114122
1.42944,9.26520,-0.295852E-01
1.43005,9.26915,-0.828638E-02
1.43066,9.27311,0.232295E-01
1.43127,9.27706,0.546150E-01
1.43188,9.28102,-0.602881E-01
1.43250,9.28498,-0.667834E-01
1.43311,9.28893,0.140795E-01
1.43372,9.29289,0.150171E-01
1.43433,9.29684,0.527151E-01
1.43494,9.30080,0.609562E-01
1.43555,9.30476,-0.122158
1.43616,9.30871,-0.318886E-01
1.43677,9.31267,0.197173
1.43738,9.31662,-0.101826
1.43799,9.32058,0.600033E-01
1.43860,9.32454,-0.764363E-01
1.43921,9.32849,0.120682
1.43982,9.33245,-0.494839E-01
1.44043,9.33641,-0.308535E-02
1.44104,9.34036,0.413706E-01
1.44165,9.34432,0.476163E-01
1.44226,9.34827,-0.240279E-01
1.44287,9.35223,-0.302370E-01
1.44348,9.35619,-0.119344
1.44409,9.36014,0.512825E-01
1.44470,9.36410,0.633824E-01
1.44531,9.36805,-0.356769E-01
1.44592,9.37201,-0.958299E-01
1.44653,9.37597,-0.760119E-02
1.44714,9.37992,0.791951E-01
1.44775,9.38388,0.148279E-01
1.44836,9.38783,0.563725E-01
1.44897,9.39179,-0.521829E-02
1.44958,9.39575,-0.134806
1.45020,9.39970,0.163904
1.45081,9.40366,0.223821
1.45142,9.40762,-0.111353E-01
1.45203,9.41157,-0.254675E-02
1.45264,9.41553,-0.584153E-02
1.45325,9.41948,0.290295E-01
1.45386,9.42344,0.334702
1.45447,9.42740,-0.214265E-01
1.45508,9.43135,0.194082E-01
1.45569,9.43531,0.150531
1.45630,9.43926,0.343813E-01
1.45691,9.44322,0.620497E-01
1.45752,9.44718,0.369757
1.45813,9.45113,-0.805432E-01
1.45874,9.45509,0.304704E-01
1.45935,9.45904,-0.178368
1.45996,9.46300,-0.234079
1.46057,9.46696,-0.309441E-01
1.46118,9.47091,0.136170E-01
1.46179,9.47487,0.401878E-01
1.46240,9.47883,0.114044
1.46301,9.48278,0.993198E-01
1.46362,9.48674,-0.467687E-01
1.46423,9.49069,0.508748E-01
1.46484,9.49465,-0.143210E-01
1.46545,9.49861,0.140932E-01
1.46606,9.50256,-0.482146E-02
1.46667,9.50652,0.335224E-01
1.46729,9.51047,-0.506772E-01
1.46790,9.51443,-0.339299E-01
1.46851,9.51839,0.426684E-01
1.46912,9.52234,0.540494E-01
1.46973,9.52630,0.212337E-01
1.47034,9.53025,-0.634051E-01
1.47095,9.53421,0.537039E-01
1.47156,9.53817,0.283236E-02
1.47217,9.54212,-0.863706E-02
1.47278,9.54608,-0.631436E-01
1.47339,9.55004,0.453193E-02
1.47400,9.55399,0.124919E-01
1.47461,9.55795,0.210171E-01
1.47522,9.56190,-0.483879E-01
1.47583,9.56586,-0.178617E-01
1.47644,9.56982,-0.123918
1.47705,9.57377,0.699878E-01
1.47766,9.57773,0.108960
1.47827,9.58168,-0.874144E-01
1.47888,9.58564,-0.134968E-01
1.47949,9.58960,0.482790E-01
1.48010,9.59355,0.969058E-01
1.48071,9.59751,-0.366098E-01
1.48132,9.60146,-0.989151E-01
1.48193,9.60542,-0.470498E-01
1.48254,9.60938,-0.634515E-01
1.48315,9.61333,0.577143E-01
1.48376,9.61729,-0.126823E-02
1.48438,9.62124,-0.138743E-02
1.48499,9.62520,0.566081E-01
1.48560,9.62916,0.976539E-01
1.48621,9.63311,-0.173799E-01
1.48682,9.63707,-0.368361E-01
1.48743,9.64103,-0.262394E-02
1.48804,9.64498,0.145466
1.48865,9.64894,-0.400032E-01
1.48926,9.65289,0.193735
1.48987,9.65685,-0.969810E-01
1.49048,9.66081,-0.210836E-01
1.49109,9.66476,-0.104179E-01
1.49170,9.66872,0.223757E-01
1.49231,9.67267,-0.155611E-01
1.49292,9.67663,0.174613E-01
1.49353,9.68059,-0.431921E-01
1.49414,9.68454,0.120382
1.49475,9.68850,-0.612089E-01
1.49536,9.69245,0.326019E-01
1.49597,9.69641,-0.383603E-02
1.49658,9.70037,0.134014E-01
1.49719,9.70432,0.890030E-02
1.49780,9.70828,0.509137E-01
1.49841,9.71224,0.495582E-01
1.49902,9.71619,0.222110E-01
1.49963,9.72015,-0.131299
1.50024,9.72410,0.180020E-01
1.50085,9.72806,-0.753366E-01
1.50146,9.73202,0.408997E-02
1.50208,9.73597,0.666749E-01
1.50269,9.73993,-0.122686
1.50330,9.74388,-0.126137
1.50391,9.74784,0.598781E-02
1.50452,9.75180,-0.172969E-01
1.50513,9.75575,0.104096E-01
1.50574,9.75971,-0.660397E-01
1.50635,9.76366,0.759239E-02
1.50696,9.76762,-0.222714E-02
1.50757,9.77158,0.820958E-02
1.50818,9.77553,-0.721961E-02
1.50879,9.77949,0.400363E-01
1.50940,9.78345,-0.603215E-01
1.51001,9.78740,-0.250749E-01
1.51062,9.79136,-0.151999E-01
1.51123,9.79531,0.307584E-01
1.51184,9.79927,-0.177512E-01
1.51245,9.80323,0.110491
1.51306,9.80718,0.465995E-01
1.51367,9.81114,-0.203142
1.51428,9.81509,0.854450E-02
1.51489,9.81905,0.461280
1.51550,9.82301,0.188356E-01
1.51611,9.82696,0.360282E-02
1.51672,9.83092,-0.126507
1.51733,9.83487,0.160142
1.51794,9.83883,0.889015E-01
1.51855,9.84279,0.146835
1.51917,9.84674,0.814051E-02
1.51978,9.85070,-0.196360E-01
1.52039,9.85466,0.903701E-03
1.52100,9.85861,-0.963935E-02
1.52161,9.86257,0.814409E-01
1.52222,9.86652,0.271687
1.52283,9.87048,0.511547E-01
1.52344,9.87444,0.187562E-01
1.52405,9.87839,0.208429E-01
1.52466,9.88235,0.476662
1.52527,9.88630,0.300632E-01
1.52588,9.89026,-0.106063
1.52649,9.89422,-0.606536E-01
1.52710,9.89817,0.558526E-01
1.52771,9.90213,0.311386
1.52832,9.90608,0.149771
1.52893,9.91004,-0.110493
1.52954,9.91400,0.182133
1.53015,9.91795,0.817334E-01
1.53076,9.92191,-0.388128E-01
1.53137,9.92586,-0.601726E-01
1.53198,9.92982,0.580308E-01
1.53259,9.93378,0.844883E-01
1.53320,9.93773,0.687974E-01
1.53381,9.94169,-0.325389E-01
1.53442,9.94565,0.376803E-01
1.53503,9.94960,0.997265E-01
1.53564,9.95356,0.294045E-01
1.53625,9.95751,0.483782E-01
1.53687,9.96147,0.562323E-01
1.53748,9.96543,0.143612
1.53809,9.96938,-0.217450
1.53870,9.97334,0.146287
1.53931,9.97729,-0.108794
1.53992,9.98125,0.328857E-01
1.54053,9.98521,0.573799E-01
1.54114,9.98916,-0.453551E-02
1.54175,9.99312,0.525011E-01
1.54236,9.99707,0.818879E-02
1.54297,10.0010,0.200172E-01
1.54358,10.0050,0.512519E-01
1.54419,10.0089,-0.189681
1.54480,10.0129,0.671013E-02
1.54541,10.0169,0.121516
1.54602,10.0208,0.508621E-01
1.54663,10.0248,-0.713333E-01
1.54724,10.0287,-0.205867
1.54785,10.0327,-0.651544E-01
1.54846,10.0366,0.180810
1.54907,10.0406,-0.116307E-01
1.54968,10.0445,-0.646847E-01
1.55029,10.0485,0.632720E-01
1.55090,10.0525,0.181390E-01
1.55151,10.0564,0.169065E-01
1.55212,10.0604,-0.303191E-01
1.55273,10.0643,-0.681794E-01
1.55334,10.0683,0.255400
1.55396,10.0722,-0.141326
1.55457,10.0762,0.107019
1.55518,10.0802,-0.534751E-01
1.55579,10.0841,-0.105752E-01
1.55640,10.0881,0.272653E-01
1.55701,10.0920,-0.537171E-02
1.55762,10.0960,-0.178337E-01
1.55823,10.0999,0.683933E-01
1.55884,10.1039,0.149196
1.55945,10.1078,0.156974
1.56006,10.1118,0.138407
1.56067,10.1158,0.737266E-01
1.56128,10.1197,-0.705082E-01
1.56189,10.1237,-0.314703E-01
1.56250,10.1276,-0.224488E-01
1.56311,10.1316,0.997485E-01
1.56372,10.1355,0.308600E-01
1.56433,10.1395,0.744252E-01
1.56494,10.1435,0.205417
1.56555,10.1474,0.639703E-01
1.56616,10.1514,0.528832E-01
1.56677,10.1553,-0.215542E-02
1.56738,10.1593,0.806815E-01
1.56799,10.1632,0.536074E-01
1.56860,10.1672,0.121726
1.56921,10.1711,0.202928
1.56982,10.1751,0.822694E-02
1.57043,10.1791,-0.113467
1.57104,10.1830,0.448427E-01
1.57166,10.1870,0.318366E-01
1.57227,10.1909,-0.116604E-01
1.57288,10.1949,0.531969E-01
1.57349,10.1988,0.909625E-01
1.57410,10.2028,0.958524E-03
1.57471,10.2067,-0.849042E-02
1.57532,10.2107,-0.227974E-02
1.57593,10.2147,0.389586
1.57654,10.2186,0.327261E-01
1.57715,10.2226,-0.160287E-01
1.57776,10.2265,0.100546
1.57837,10.2305,-0.127261E-01
1.57898,10.2344,0.985370E-01
1.57959,10.2384,0.112928E-02
1.58020,10.2424,0.759256E-01
1.58081,10.2463,0.224829
1.58142,10.2503,0.448381E-01
1.58203,10.2542,0.941061E-01
1.58264,10.2582,-0.900073E-01
1.58325,10.2621,-0.899282E-02
1.58386,10.2661,0.141784E-01
1.58447,10.2700,0.276645E-02
1.58508,10.2740,0.251766
1.58569,10.2780,-0.547413E-01
1.58630,10.2819,0.303188E-01
1.58691,10.2859,-0.116821E-01
1.58752,10.2898,0.118120
1.58813,10.2938,0.555344E-01
1.58875,10.2977,0.299878E-01
1.58936,10.3017,-0.116327E-01
1.58997,10.3057,-0.751752E-01
1.59058,10.3096,0.121520E-01
1.59119,10.3136,-0.133456E-01
1.59180,10.3175,-0.807851E-01
1.59241,10.3215,0.825538E-02
1.59302,10.3254,0.850484E-02
1.59363,10.3294,0.117246E-01
1.59424,10.3333,-0.976256E-02
1.59485,10.3373,0.143719
1.59546,10.3413,-0.116615E-01
1.59607,10.3452,-0.539529E-01
1.59668,10.3492,-0.102028
1.59729,10.3531,-0.109304
1.59790,10.3571,0.172168E-01
1.59851,10.3610,0.140226E-01
1.59912,10.3650,0.180223
1.59973,10.3689,0.129713
1.60034,10.3729,0.211179E-01
1.60095,10.3769,0.243354
1.60156,10.3808,0.932784E-01
1.60217,10.3848,0.207463
1.60278,10.3887,-0.406774E-02
1.60339,10.3927,-0.265710
1.60400,10.3966,-0.156174E-01
1.60461,10.4006,-0.230533E-01
1.60522,10.4046,0.849613E-01
1.60583,10.4085,0.119945
1.60645,10.4125,0.143855E-01
1.60706,10.4164,-0.594128E-02
1.60767,10.4204,0.312548E-01
1.60828,10.4243,0.402426E-01
1.60889,10.4283,-0.158237
1.60950,10.4322,0.211328E-01
1.61011,10.4362,-0.104468
1.61072,10.4402,-0.632337E-01
1.61133,10.4441,-0.491140E-01
1.61194,10.4481,0.135738
1.61255,10.4520,-0.267101E-01
1.61316,10.4560,-0.523814E-02
1.61377,10.4599,-0.181828
1.61438,10.4639,-0.651776E-01
1.61499,10.4679,-0.725288E-01
1.61560,10.4718,-0.375047
1.61621,10.4758,-0.171032
1.61682,10.4797,-0.779091E-01
1.61743,10.4837,0.370360E-01
1.61804,10.4876,0.352305E-01
1.61865,10.4916,0.609776E-01
1.61926,10.4955,0.359105E-01
1.61987,10.4995,0.335236E-01
1.62048,10.5035,-0.688244E-01
1.62109,10.5074,-0.455667E-02
1.62170,10.5114,0.649020E-02
1.62231,10.5153,-0.108991
1.62292,10.5193,0.731854E-01
1.62354,10.5232,0.130327E-01
1.62415,10.5272,0.393982E-01
1.62476,10.5311,0.253393E-01
1.62537,10.5351,0.155824E-01
1.62598,10.5391,0.644089E-01
1.62659,10.5430,0.439518E-01
1.62720,10.5470,0.683462E-02
1.62781,10.5509,-0.233210
1.62842,10.5549,-0.373729E-01
1.62903,10.5588,-0.501008E-01
1.62964,10.5628,0.782324E-02
1.63025,10.5668,-0.215064E-01
1.63086,10.5707,-0.195802
1.63147,10.5747,0.120596
1.63208,10.5786,0.597266E-01
1.63269,10.5826,0.383073E-01
1.63330,10.5865,0.240639E-01
1.63391,10.5905,0.226841
1.63452,10.5944,-0.404704E-01
1.63513,10.5984,-0.599166E-01
1.63574,10.6024,0.817173E-01
1.63635,10.6063,-0.120637E-01
1.63696,10.6103,0.250657E-01
1.63757,10.6142,-0.180630E-01
1.63818,10.6182,0.944289E-02
1.63879,10.6221,0.352512E-01
1.63940,10.6261,0.276490E-01
1.64001,10.6301,0.109710
1.64062,10.6340,-0.122257E-01
1.64124,10.6380,0.103834
1.64185,10.6419,-0.105739
1.64246,10.6459,0.138946
1.64307,10.6498,-0.589712E-01
1.64368,10.6538,-0.970861E-01
1.64429,10.6577,-0.249169E-01
1.64490,10.6617,-0.127520
1.64551,10.6657,0.704386E-01
1.64612,10.6696,-0.442996E-01
1.64673,10.6736,-0.828061E-01
1.64734,10.6775,-0.363979E-01
1.64795,10.6815,-0.164362E-01
1.64856,10.6854,0.250577E-01
1.64917,10.6894,0.842592E-01
1.64978,10.6933,-0.111899
1.65039,10.6973,0.309842E-02
1.65100,10.7013,-0.194664E-02
1.65161,10.7052,0.202701E-01
1.65222,10.7092,-0.190387E-01
1.65283,10.7131,0.951293E-01
1.65344,10.7171,-0.577172E-01
1.65405,10.7210,0.158512
1.65466,10.7250,0.469249E-01
1.65527,10.7290,0.556593E-01
1.65588,10.7329,-0.117158
1.65649,10.7369,0.238594E-01
1.65710,10.7408,-0.285262E-01
1.65771,10.7448,-0.324706E-01
1.65833,10.7487,-0.169708
1.65894,10.7527,0.280352E-01
1.65955,10.7566,0.630766E-01
1.66016,10.7606,-0.980875E-02
1.66077,10.7646,0.285524E-01
1.66138,10.7685,-0.559032E-02
1.66199,10.7725,-0.353014E-01
1.66260,10.7764,0.818768E-01
1.66321,10.7804,0.586859E-01
1.66382,10.7843,-0.224691E-01
1.66443,10.7883,-0.309856E-02
1.66504,10.7923,-0.100229
1.66565,10.7962,-0.427584E-01
1.66626,10.8002,0.980886E-02
1.66687,10.8041,0.805107E-01
1.66748,10.8081,0.295086E-01
1.66809,10.8120,-0.211259E-01
1.66870,10.8160,0.333764E-01
1.66931,10.8199,0.473376E-01
1.66992,10.8239,-0.650103E-01
1.67053,10.8279,0.537994E-03
1.67114,10.8318,0.245058E-01
1.67175,10.8358,-0.161257
1.67236,10.8397,0.446735E-01
1.67297,10.8437,-0.240273E-01
1.67358,10.8476,-0.357007E-01
1.67419,10.8516,0.205448E-01
1.67480,10.8555,0.638801E-01
1.67542,10.8595,-0.777449E-01
1.67603,10.8635,0.652916E-01
1.67664,10.8674,0.701848E-01
1.67725,10.8714,0.168081
1.67786,10.8753,0.637707E-02
1.67847,10.8793,0.577262E-01
1.67908,10.8832,0.567164E-01
1.67969,10.8872,0.837373E-03
1.68030,10.8912,-0.961025E-01
1.68091,10.8951,-0.217356E-01
1.68152,10.8991,0.230458E-01
1.68213,10.9030,-0.553192E-01
1.68274,10.9070,0.520367E-01
1.68335,10.9109,0.925900E-03
1.68396,10.9149,-0.754666E-01
1.68457,10.9188,0.514754E-01
1.68518,10.9228,0.285992E-01
1.68579,10.9268,0.759634E-01
1.68640,10.9307,0.180690E-01
1.68701,10.9347,0.414693E-01
1.68762,10.9386,0.170428E-01
1.68823,10.9426,-0.581660E-01
1.68884,10.9465,0.240879E-02
1.68945,10.9505,0.352572E-01
1.69006,10.9545,-0.736767E-01
1.69067,10.9584,-0.186201
1.69128,10.9624,-0.982587E-02
1.69189,10.9663,-0.823098E-01
1.69250,10.9703,0.544262E-01
1.69312,10.9742,-0.109662E-02
1.69373,10.9782,-0.931745E-01
1.69434,10.9821,0.893692E-03
1.69495,10.9861,-0.125561
1.69556,10.9901,-0.173281E-01
1.69617,10.9940,0.183391E-01
1.69678,10.9980,-0.373228E-01
1.69739,11.0019,-0.964574E-02
1.69800,11.0059,0.429875E-02
1.69861,11.0098,0.408602E-01
1.69922,11.0138,-0.637450E-02
1.69983,11.0177,0.702415E-01
1.70044,11.0217,-0.218104
1.70105,11.0257,-0.199282E-01
1.70166,11.0296,-0.587035E-01
1.70227,11.0336,0.327164E-01
1.70288,11.0375,-0.396179E-01
1.70349,11.0415,0.306892
1.70410,11.0454,0.295549E-01
1.70471,11.0494,0.354474E-01
1.70532,11.0534,-0.167347E-01
1.70593,11.0573,0.234339E-02
1.70654,11.0613,-0.866614E-01
1.70715,11.0652,0.492924E-01
1.70776,11.0692,0.221074E-01
1.70837,11.0731,-0.124283
1.70898,11.0771,-0.828921E-01
1.70959,11.0810,-0.484748E-01
1.71021,11.0850,-0.230524E-02
1.71082,11.0890,0.287831E-01
1.71143,11.0929,0.627172E-01
1.71204,11.0969,0.759852E-03
1.71265,11.1008,-0.507795E-01
1.71326,11.1048,-0.462056E-01
1.71387,11.1087,0.188737
1.71448,11.1127,0.100525
1.71509,11.1167,0.611912E-01
1.71570,11.1206,0.702457E-01
1.71631,11.1246,0.170041
1.71692,11.1285,0.698130E-01
1.71753,11.1325,-0.142323
1.71814,11.1364,0.488187E-01
1.71875,11.1404,0.237783E-01
1.71936,11.1443,-0.103470
1.71997,11.1483,0.299720E-01
1.72058,11.1523,-0.821911E-01
1.72119,11.1562,0.118457
1.72180,11.1602,-0.843072E-02
1.72241,11.1641,-0.628615E-01
1.72302,11.1681,-0.152419E-01
1.72363,11.1720,0.832372E-02
1.72424,11.1760,0.613468E-01
1.72485,11.1799,0.956843E-01
1.72546,11.1839,-0.393565E-01
1.72607,11.1879,-0.196665
1.72668,11.1918,0.942720E-01
1.72729,11.1958,-0.803204E-01
1.72791,11.1997,0.299075E-01
1.72852,11.2037,0.139341
1.72913,11.2076,0.162829
1.72974,11.2116,-0.223981E-01
1.73035,11.2156,0.424784E-01
1.73096,11.2195,-0.317811E-01
1.73157,11.2235,-0.658897E-01
1.73218,11.2274,-0.650405E-02
1.73279,11.2314,0.174503
1.73340,11.2353,0.913349E-02
1.73401,11.2393,-0.321569E-01
1.73462,11.2432,0.375160E-01
1.73523,11.2472,-0.372800E-01
1.73584,11.2512,0.699083E-01
1.73645,11.2551,-0.645261E-01
1.73706,11.2591,-0.756234E-01
1.73767,11.2630,0.132348E-01
1.73828,11.2670,0.188626E-01
1.73889,11.2709,0.799604E-01
1.73950,11.2749,0.936475E-01
1.74011,11.2789,-0.245126E-01
1.74072,11.2828,-0.311259E-01
1.74133,11.2868,-0.502291E-02
1.74194,11.2907,-0.489645E-01
1.74255,11.2947,0.324868E-01
1.74316,11.2986,-0.429105E-02
1.74377,11.3026,0.997670E-01
1.74438,11.3065,0.649978E-01
1.74500,11.3105,-0.467407E-01
1.74561,11.3145,0.622626E-01
1.74622,11.3184,-0.248066E-02
1.74683,11.3224,0.364398E-01
1.74744,11.3263,-0.120206E-01
1.74805,11.3303,-0.122589E-01
1.74866,11.3342,0.546835E-01
1.74927,11.3382,0.783868E-01
1.74988,11.3422,0.531458E-01
1.75049,11.3461,-0.586382E-01
1.75110,11.3501,0.863467E-01
1.75171,11.3540,-0.473944E-01
1.75232,11.3580,0.264389
1.75293,11.3619,0.186576E-01
1.75354,11.3659,-0.980489E-01
1.75415,11.3698,-0.692667E-01
1.75476,11.3738,0.110512E-01
1.75537,11.3778,-0.369508E-02
1.75598,11.3817,0.363163E-01
1.75659,11.3857,-0.378625E-01
1.75720,11.3896,0.269914E-01
1.75781,11.3936,-0.509763E-02
1.75842,11.3975,0.465490E-01
1.75903,11.4015,0.902169E-02
1.75964,11.4054,0.698676E-01
1.76025,11.4094,-0.122705
1.76086,11.4134,0.265051E-01
1.76147,11.4173,-0.110582E-01
1.76208,11.4213,0.108132
1.76270,11.4252,-0.140216
1.76331,11.4292,-0.164424E-01
1.76392,11.4331,0.108223E-01
1.76453,11.4371,-0.711966E-01
1.76514,11.4411,-0.631074E-01
1.76575,11.4450,0.530566E-01
1.76636,11.4490,-0.627739E-01
1.76697,11.4529,0.529429E-01
1.76758,11.4569,-0.141197
1.76819,11.4608,0.281349E-01
1.76880,11.4648,0.498608E-01
1.76941,11.4687,0.502654E-02
1.77002,11.4727,0.350345E-01
1.77063,11.4767,0.106881
1.77124,11.4806,0.226051
1.77185,11.4846,0.778614E-02
1.77246,11.4885,0.213875E-01
1.77307,11.4925,-0.771482E-01
1.77368,11.4964,0.404776E-01
1.77429,11.5004,0.680375E-01
1.77490,11.5044,0.882241E-01
1.77551,11.5083,-0.159901
1.77612,11.5123,0.904407E-02
1.77673,11.5162,-0.131472E-01
1.77734,11.5202,0.890267E-01
1.77795,11.5241,-0.336851E-02
1.77856,11.5281,-0.437363E-01
1.77917,11.5320,-0.109306E-01
1.77979,11.5360,-0.131552E-01
1.78040,11.5400,-0.421199E-01
1.78101,11.5439,0.352029E-02
1.78162,11.5479,-0.305770E-01
1.78223,11.5518,-0.201379
1.78284,11.5558,0.360734E-01
1.78345,11.5597,0.738657E-01
1.78406,11.5637,0.606264E-01
1.78467,11.5676,0.211682
1.78528,11.5716,0.249341E-01
1.78589,11.5756,-0.136960E-01
1.78650,11.5795,-0.183522E-01
1.78711,11.5835,0.922912E-01
1.78772,11.5874,-0.147398
1.78833,11.5914,0.107499
1.78894,11.5953,0.851692E-01
1.78955,11.5993,0.659378E-01
1.79016,11.6033,0.586879E-01
1.79077,11.6072,0.284339E-01
1.79138,11.6112,-0.112306E-01
1.79199,11.6151,-0.883673E-01
1.79260,11.6191,0.610636E-01
1.79321,11.6230,0.129287
1.79382,11.6270,0.788112E-02
1.79443,11.6309,0.657257E-01
1.79504,11.6349,-0.576258E-03
1.79565,11.6389,0.177355E-01
1.79626,11.6428,-0.252168E-01
1.79688,11.6468,-0.190421E-01
1.79749,11.6507,0.180977
1.79810,11.6547,0.375687E-01
1.79871,11.6586,-0.483967E-01
1.79932,11.6626,0.639283E-01
1.79993,11.6666,0.970936E-02
1.80054,11.6705,-0.448000E-01
1.80115,11.6745,-0.359284E-02
1.80176,11.6784,0.467669E-01
1.80237,11.6824,-0.491440E-01
1.80298,11.6863,0.157441
1.80359,11.6903,0.185134E-01
1.80420,11.6942,-0.109566
1.80481,11.6982,0.682674E-01
1.80542,11.7022,0.748201E-01
1.80603,11.7061,-0.339704E-03
1.80664,11.7101,0.501057E-01
1.80725,11.7140,-0.776502E-02
1.80786,11.7180,-0.755866E-01
1.80847,11.7219,-0.814116E-02
1.80908,11.7259,-0.705058E-01
1.80969,11.7298,-0.105483E-01
1.81030,11.7338,-0.877858E-01
1.81091,11.7378,0.160951E-01
1.81152,11.7417,-0.486815E-01
1.81213,11.7457,0.479538E-01
1.81274,11.7496,-0.895257E-01
1.81335,11.7536,-0.182932
1.81396,11.7575,0.539133E-02
1.81458,11.7615,-0.654546E-01
1.81519,11.7655,-0.841893E-01
1.81580,11.7694,-0.496230E-01
1.81641,11.7734,-0.144289E-01
1.81702,11.7773,0.423552E-01
1.81763,11.7813,-0.106208E-01
1.81824,11.7852,-0.133921
1.81885,11.7892,0.267570E-01
1.81946,11.7931,0.426668E-01
1.82007,11.7971,0.279359E-01
1.82068,11.8011,-0.586166E-02
1.82129,11.8050,-0.106499E-01
1.82190,11.8090,0.144308
1.82251,11.8129,0.696240E-02
1.82312,11.8169,-0.330157E-01
1.82373,11.8208,-0.237449E-01
1.82434,11.8248,-0.951333E-01
1.82495,11.8288,-0.262016E-01
1.82556,11.8327,-0.274468E-01
1.82617,11.8367,-0.689285E-01
1.82678,11.8406,0.955127E-01
1.82739,11.8446,-0.300237E-01
1.82800,11.8485,-0.294900E-02
1.82861,11.8525,0.235608E-01
1.82922,11.8564,0.224497E-01
1.82983,11.8604,-0.740194E-01
1.83044,11.8644,0.631250E-01
1.83105,11.8683,0.910715E-02
1.83167,11.8723,0.829635E-03
1.83228,11.8762,0.875152E-02
1.83289,11.8802,0.482581E-01
1.83350,11.8841,0.767170E-01
1.83411,11.8881,0.163784E-01
1.83472,11.8920,-0.916952E-02
1.83533,11.8960,0.672318E-01
1.83594,11.9000,-0.110336E-01
1.83655,11.9039,-0.476395E-02
1.83716,11.9079,-0.173959E-01
1.83777,11.9118,-0.144583E-01
1.83838,11.9158,0.646878E-02
1.83899,11.9197,0.162039
1.83960,11.9237,0.313138
1.84021,11.9277,0.286087E-01
1.84082,11.9316,-0.101643
1.84143,11.9356,-0.458070E-01
1.84204,11.9395,0.152722
1.84265,11.9435,0.463371E-01
1.84326,11.9474,-0.205918E-01
1.84387,11.9514,-0.642753E-01
1.84448,11.9553,-0.148480
1.84509,11.9593,-0.143848
1.84570,11.9633,-0.317378E-01
1.84631,11.9672,-0.399632E-01
1.84692,11.9712,-0.891680E-01
1.84753,11.9751,0.218778E-01
1.84814,11.9791,-0.663565E-01
1.84875,11.9830,-0.120458E-01
1.84937,11.9870,-0.215509E-01
1.84998,11.9910,0.986981E-01
1.85059,11.9949,-0.155034
1.85120,11.9989,-0.132225
1.85181,12.0028,-0.260338E-01
1.85242,12.0068,-0.401377E-02
1.85303,12.0107,0.143747
1.85364,12.0147,0.100979
1.85425,12.0186,0.133685
1.85486,12.0226,-0.104484
1.85547,12.0266,-0.286344E-01
1.85608,12.0305,0.534814E-02
1.85669,12.0345,0.402995E-02
1.85730,12.0384,0.146271
1.85791,12.0424,-0.353977E-01
1.85852,12.0463,-0.184014E-01
1.85913,12.0503,-0.616865E-01
1.85974,12.0542,0.590516E-02
1.86035,12.0582,-0.215256E-01
1.86096,12.0622,-0.221896
1.86157,12.0661,-0.823318E-01
1.86218,12.0701,0.439489E-01
1.86279,12.0740,0.580646E-02
1.86340,12.0780,-0.105918
1.86401,12.0819,-0.258055E-01
1.86462,12.0859,-0.967655E-02
1.86523,12.0899,-0.516819E-02
1.86584,12.0938,-0.470762E-01
1.86646,12.0978,0.136547
1.86707,12.1017,0.212029E-02
1.86768,12.1057,0.827578E-02
1.86829,12.1096,0.109719
1.86890,12.1136,-0.736942E-02
1.86951,12.1175,-0.738803E-01
1.87012,12.1215,0.193338
1.87073,12.1255,0.386483E-01
1.87134,12.1294,0.740423E-01
1.87195,12.1334,-0.218063E-01
1.87256,12.1373,-0.854696E-01
1.87317,12.1413,-0.397900E-01
1.87378,12.1452,-0.486213E-01
1.87439,12.1492,0.199847E-01
1.87500,12.1532,0.398873E-01
1.87561,12.1571,0.363410E-01
1.87622,12.1611,-0.285872E-01
1.87683,12.1650,-0.598370E-01
1.87744,12.1690,0.528534E-01
1.87805,12.1729,-0.113552
1.87866,12.1769,0.128476E-01
1.87927,12.1808,-0.904609E-01
1.87988,12.1848,0.668245E-01
1.88049,12.1888,0.108071E-02
1.88110,12.1927,-0.451887E-01
1.88171,12.1967,-0.112866
1.88232,12.2006,0.445991E-01
1.88293,12.2046,0.275391E-01
1.88354,12.2085,0.295462E-01
1.88416,12.2125,-0.923466E-01
1.88477,12.2164,0.401574E-01
1.88538,12.2204,-0.154951E-01
1.88599,12.2244,0.195712E-01
1.88660,12.2283,0.180464E-01
1.88721,12.2323,0.127279E-01
1.88782,12.2362,-0.356673E-01
1.88843,12.2402,0.899596E-01
1.88904,12.2441,-0.974715E-01
1.88965,12.2481,0.250258E-01
1.89026,12.2521,-0.120880E-01
1.89087,12.2560,-0.921434E-02
1.89148,12.2600,0.383786E-01
1.89209,12.2639,0.446665E-01
1.89270,12.2679,-0.532999E-01
1.89331,12.2718,-0.121395
1.89392,12.2758,0.554238E-01
1.89453,12.2797,-0.653951E-02
1.89514,12.2837,0.555890E-01
1.89575,12.2877,0.428010E-02
1.89636,12.2916,0.159317E-01
1.89697,12.2956,-0.132569E-01
1.89758,12.2995,0.883408E-01
1.89819,12.3035,0.281119E-01
1.89880,12.3074,-0.107820
1.89941,12.3114,0.382508E-02
1.90002,12.3154,-0.356849E-02
1.90063,12.3193,-0.494102E-02
1.90125,12.3233,0.301133E-01
1.90186,12.3272,0.529527E-01
1.90247,12.3312,0.139325E-01
1.90308,12.3351,0.688273E-01
1.90369,12.3391,-0.581467E-02
1.90430,12.3430,0.563352E-01
1.90491,12.3470,-0.298513E-01
1.90552,12.3510,0.229834E-01
1.90613,12.3549,0.366978E-01
1.90674,12.3589,-0.234322
1.90735,12.3628,-0.107071E-01
1.90796,12.3668,-0.435352E-01
1.90857,12.3707,-0.602049E-02
1.90918,12.3747,0.936719E-01
1.90979,12.3786,-0.312683E-01
1.91040,12.3826,-0.215308
1.91101,12.3866,-0.211032E-01
1.91162,12.3905,-0.937224E-02
1.91223,12.3945,0.491570E-01
1.91284,12.3984,-0.362387E-01
1.91345,12.4024,0.450501E-02
1.91406,12.4063,0.883893E-02
1.91467,12.4103,0.380296
1.91528,12.4143,0.284949E-01
1.91589,12.4182,0.562383E-01
1.91650,12.4222,0.350075E-01
1.91711,12.4261,0.360245E-01
1.91772,12.4301,0.121332E-02
1.91833,12.4340,0.524784E-01
1.91895,12.4380,0.106269E-01
1.91956,12.4419,0.381927E-01
1.92017,12.4459,-0.936148E-01
1.92078,12.4499,-0.168885
1.92139,12.4538,-0.253375E-01
1.92200,12.4578,-0.208689E-01
1.92261,12.4617,0.210598
1.92322,12.4657,-0.994008E-02
1.92383,12.4696,0.326255E-01
1.92444,12.4736,-0.183816
1.92505,12.4776,-0.508449E-01
1.92566,12.4815,0.490040E-03
1.92627,12.4855,0.103939
1.92688,12.4894,-0.114241E-01
1.92749,12.4934,0.153207E-01
1.92810,12.4973,0.361082E-01
1.92871,12.5013,0.118136
1.92932,12.5052,0.778825E-01
1.92993,12.5092,0.179476E-01
1.93054,12.5132,-0.183274E-01
1.93115,12.5171,0.128337
1.93176,12.5211,-0.876214E-01
1.93237,12.5250,-0.138910E-01
1.93298,12.5290,-0.878916E-02
1.93359,12.5329,0.335247E-01
1.93420,12.5369,-0.140238E-01
1.93481,12.5408,0.149506E-01
1.93542,12.5448,0.930337E-02
1.93604,12.5488,0.913896E-01
1.93665,12.5527,-0.602864E-01
1.93726,12.5567,0.311929E-01
1.93787,12.5606,0.724441E-01
1.93848,12.5646,-0.165832E-02
1.93909,12.5685,-0.275222E-01
1.93970,12.5725,-0.354233E-02
1.94031,12.5765,0.310687E-01
1.94092,12.5804,-0.983912E-01
1.94153,12.5844,0.288301E-01
1.94214,12.5883,0.108619E-01
1.94275,12.5923,0.258133E-01
1.94336,12.5962,-0.158345
1.94397,12.6002,0.162654E-01
1.94458,12.6041,-0.160964
1.94519,12.6081,0.193236E-02
1.94580,12.6121,-0.502683E-02
1.94641,12.6160,-0.159888E-01
1.94702,12.6200,-0.664618E-01
1.94763,12.6239,-0.232765E-01
1.94824,12.6279,0.693950E-01
1.94885,12.6318,-0.362284E-01
1.94946,12.6358,0.491728E-01
1.95007,12.6398,0.271282E-01
1.95068,12.6437,-0.139050E-01
1.95129,12.6477,0.567581E-02
1.95190,12.6516,0.102062
1.95251,12.6556,-0.110274E-01
1.95312,12.6595,-0.853867E-01
1.95374,12.6635,0.463904E-01
1.95435,12.6674,-0.154611
1.95496,12.6714,-0.946488E-02
1.95557,12.6754,0.261785E-01
1.95618,12.6793,-0.750442E-01
1.95679,12.6833,0.424876E-01
1.95740,12.6872,0.417747E-01
1.95801,12.6912,0.843388E-01
1.95862,12.6951,0.150969
1.95923,12.6991,0.499499E-01
1.95984,12.7030,0.351406E-01
1.96045,12.7070,0.564719E-02
1.96106,12.7110,0.998473E-01
1.96167,12.7149,-0.126882
1.96228,12.7189,-0.110651E-01
1.96289,12.7228,0.115614
1.96350,12.7268,-0.697882E-01
1.96411,12.7307,-0.137946
1.96472,12.7347,-0.981242E-01
1.96533,12.7387,-0.737114E-02
1.96594,12.7426,0.467486E-02
1.96655,12.7466,0.806752E-01
1.96716,12.7505,-0.183192
1.96777,12.7545,-0.121452E-01
1.96838,12.7584,0.352692E-02
1.96899,12.7624,0.576725E-01
1.96960,12.7663,0.311939
1.97021,12.7703,0.234362E-01
1.97083,12.7743,0.186030
1.97144,12.7782,0.112973
1.97205,12.7822,0.521653E-01
1.97266,12.7861,-0.156195E-01
1.97327,12.7901,0.105238
1.97388,12.7940,-0.671217E-01
1.97449,12.7980,0.886614E-01
1.97510,12.8020,0.162146
1.97571,12.8059,0.343894E-01
1.97632,12.8099,0.605250E-02
1.97693,12.8138,0.346544E-04
1.97754,12.8178,-0.153953
1.97815,12.8217,-0.300146
1.97876,12.8257,-0.142089E-01
1.97937,12.8296,0.152357
1.97998,12.8336,0.361971E-03
1.98059,12.8376,-0.828427E-01
1.98120,12.8415,-0.370671E-01
1.98181,12.8455,-0.480858E-01
1.98242,12.8494,-0.496185E-01
1.98303,12.8534,-0.884999E-01
1.98364,12.8573,-0.671334E-02
1.98425,12.8613,0.126563E-01
1.98486,12.8653,0.613936E-01
1.98547,12.8692,0.788171E-02
1.98608,12.8732,0.140214E-01
1.98669,12.8771,-0.130208E-01
1.98730,12.8811,0.867440E-01
1.98792,12.8850,0.151945E-02
1.98853,12.8890,-0.141006
1.98914,12.8929,-0.256288E-02
1.98975,12.8969,-0.732935E-01
1.99036,12.9009,-0.431137E-01
1.99097,12.9048,0.128992
1.99158,12.9088,-0.435620E-02
1.99219,12.9127,0.548631E-02
1.99280,12.9167,0.685743E-01
1.99341,12.9206,0.291106E-01
1.99402,12.9246,0.818546E-01
1.99463,12.9285,0.797902E-01
1.99524,12.9325,-0.190590E-01
1.99585,12.9365,-0.232936E-01
1.99646,12.9404,-0.131546E-01
1.99707,12.9444,0.115967
1.99768,12.9483,0.233041E-01
1.99829,12.9523,-0.144446
1.99890,12.9562,-0.775137E-01
1.99951,12.9602,-0.237333E-01
2.00012,12.9642,-0.397470E-01
2.00073,12.9681,0.343499E-01
2.00134,12.9721,0.835726E-01
2.00195,12.9760,0.559663E-01
2.00256,12.9800,-0.525569E-01
2.00317,12.9839,0.160699E-03
2.00378,12.9879,0.665821E-01
2.00439,12.9918,0.998216E-01
2.00500,12.9958,0.793993E-01
2.00562,12.9998,-0.235058E-01
2.00623,13.0037,-0.282553E-01
2.00684,13.0077,-0.230007E-01
2.00745,13.0116,-0.291781E-01
2.00806,13.0156,-0.264120E-01
2.00867,13.0195,-0.176567
2.00928,13.0235,0.460298E-01
2.00989,13.0275,-0.890903E-01
2.01050,13.0314,-0.160414E-01
2.01111,13.0354,0.708544E-01
2.01172,13.0393,-0.129571
2.01233,13.0433,-0.165353E-01
2.01294,13.0472,-0.278284E-01
2.01355,13.0512,0.235024
2.01416,13.0551,-0.500001E-01
2.01477,13.0591,-0.122621E-02
2.01538,13.0631,-0.243076E-01
2.01599,13.0670,0.139415E-01
2.01660,13.0710,0.251282E-01
2.01721,13.0749,-0.150421E-01
2.01782,13.0789,-0.239476E-01
2.01843,13.0828,0.243777E-02
2.01904,13.0868,0.211864
2.01965,13.0907,0.189671
2.02026,13.0947,0.313147E-01
2.02087,13.0987,0.125832E-01
2.02148,13.1026,-0.424719E-02
2.02209,13.1066,-0.111997E-01
2.02271,13.1105,-0.140232E-01
2.02332,13.1145,-0.246483E-01
2.02393,13.1184,-0.123254E-01
2.02454,13.1224,-0.726953E-01
2.02515,13.1264,-0.853835E-01
2.02576,13.1303,0.349544E-01
2.02637,13.1343,0.106745E-01
2.02698,13.1382,-0.702855E-01
2.02759,13.1422,-0.112722E-01
2.02820,13.1461,0.366680E-01
2.02881,13.1501,0.177306
2.02942,13.1540,-0.291736E-01
2.03003,13.1580,-0.787328E-02
2.03064,13.1620,0.370120E-01
2.03125,13.1659,-0.138237E-01
2.03186,13.1699,0.607685E-01
2.03247,13.1738,-0.102524
2.03308,13.1778,0.257371E-01
2.03369,13.1817,0.145440
2.03430,13.1857,0.102907
2.03491,13.1897,-0.931710E-01
2.03552,13.1936,0.976645E-01
2.03613,13.1976,-0.112761E-01
2.03674,13.2015,-0.755986E-01
2.03735,13.2055,-0.813572E-01
2.03796,13.2094,0.118248
2.03857,13.2134,-0.162684E-02
2.03918,13.2173,0.742661E-01
2.03979,13.2213,0.359322E-02
2.04041,13.2253,-0.747935E-01
2.04102,13.2292,-0.380162E-01
2.04163,13.2332,0.578042E-01
2.04224,13.2371,-0.183520E-01
2.04285,13.2411,0.474490E-01
2.04346,13.2450,-0.240943E-01
2.04407,13.2490,0.504674E-01
2.04468,13.2529,-0.926468E-01
2.04529,13.2569,-0.256730E-01
2.04590,13.2609,0.101226
2.04651,13.2648,-0.354408E-02
2.04712,13.2688,-0.213962
2.04773,13.2727,-0.181900E-01
2.04834,13.2767,-0.157172E-01
2.04895,13.2806,-0.206052
2.04956,13.2846,-0.162807E-01
2.05017,13.2886,-0.322859E-01
2.05078,13.2925,-0.171819E-01
2.05139,13.2965,0.371106E-01
2.05200,13.3004,-0.106906
2.05261,13.3044,-0.102879
2.05322,13.3083,-0.523770E-01
2.05383,13.3123,-0.273005E-01
2.05444,13.3162,0.129698
2.05505,13.3202,-0.123459
2.05566,13.3242,0.632003E-02
2.05627,13.3281,-0.909263E-01
2.05688,13.3321,0.131871E-01
2.05750,13.3360,-0.721830E-01
2.05811,13.3400,-0.192240E-01
2.05872,13.3439,0.561195E-01
2.05933,13.3479,-0.770473E-02
2.05994,13.3519,-0.847983E-02
2.06055,13.3558,0.444149E-01
2.06116,13.3598,-0.585462E-01
2.06177,13.3637,0.844991E-02
2.06238,13.3677,-0.210551
2.06299,13.3716,0.164294E-01
2.06360,13.3756,-0.122676E-01
2.06421,13.3795,-0.211312E-02
2.06482,13.3835,-0.635698E-01
2.06543,13.3875,0.198000
2.06604,13.3914,-0.251131
2.06665,13.3954,0.894167E-01
2.06726,13.3993,0.141883
2.06787,13.4033,0.370304E-01
2.06848,13.4072,-0.148690
2.06909,13.4112,-0.163084
2.06970,13.4151,0.208992
2.07031,13.4191,-0.105241E-01
2.07092,13.4231,0.921298E-02
2.07153,13.4270,0.155000
2.07214,13.4310,0.141871E-01
2.07275,13.4349,-0.289005E-01
2.07336,13.4389,-0.173657
2.07397,13.4428,0.632074E-01
2.07458,13.4468,0.341436E-02
2.07520,13.4508,-0.106264
2.07581,13.4547,-0.112523
2.07642,13.4587,0.853838E-01
2.07703,13.4626,0.224581E-01
2.07764,13.4666,-0.987516E-02
2.07825,13.4705,0.161951
2.07886,13.4745,0.359687E-01
2.07947,13.4784,0.107454
2.08008,13.4824,0.341593E-01
2.08069,13.4864,0.107666
2.08130,13.4903,-0.687473E-01
2.08191,13.4943,0.126929
2.08252,13.4982,0.519937E-01
2.08313,13.5022,-0.120691E-01
2.08374,13.5061,-0.483799E-02
2.08435,13.5101,-0.120766
2.08496,13.5141,-0.617328E-02
2.08557,13.5180,0.370462E-01
2.08618,13.5220,-0.571633E-01
2.08679,13.5259,-0.170968E-01
2.08740,13.5299,-0.453384E-01
2.08801,13.5338,0.661925E-01
2.08862,13.5378,0.175630E-01
2.08923,13.5417,-0.443664E-01
2.08984,13.5457,0.622349E-01
2.09045,13.5497,0.140641E-01
2.09106,13.5536,0.438718E-01
2.09167,13.5576,0.598620E-02
2.09229,13.5615,0.177956
2.09290,13.5655,0.130673
2.09351,13.5694,-0.585550E-01
2.09412,13.5734,-0.169598
2.09473,13.5773,-0.817092E-03
2.09534,13.5813,-0.723985E-01
2.09595,13.5853,-0.441149E-01
2.09656,13.5892,-0.143271
2.09717,13.5932,0.660870E-01
2.09778,13.5971,-0.121228
2.09839,13.6011,0.139242
2.09900,13.6050,0.128502
2.09961,13.6090,0.431325E-01
2.10022,13.6130,0.417469E-02
2.10083,13.6169,0.179542
2.10144,13.6209,-0.303251E-01
2.10205,13.6248,-0.960399E-01
2.10266,13.6288,0.298625E-01
2.10327,13.6327,-0.382188E-01
2.10388,13.6367,0.255073E-01
2.10449,13.6406,0.734820E-01
2.10510,13.6446,-0.190844E-01
2.10571,13.6486,0.181701E-01
2.10632,13.6525,-0.433585
2.10693,13.6565,0.114210E-01
2.10754,13.6604,-0.229114
2.10815,13.6644,0.706321E-01
2.10876,13.6683,-0.917835E-02
2.10938,13.6723,-0.101599
2.10999,13.6763,-0.339402E-01
2.11060,13.6802,-0.243780E-01
2.11121,13.6842,0.712744E-01
2.11182,13.6881,0.970342E-01
2.11243,13.6921,0.134271E-01
2.11304,13.6960,-0.308142E-01
2.11365,13.7000,0.709960E-01
2.11426,13.7039,0.105586
2.11487,13.7079,0.971961E-01
2.11548,13.7119,0.250373E-02
2.11609,13.7158,0.105420
2.11670,13.7198,0.849857E-01
2.11731,13.7237,0.383812E-01
2.11792,13.7277,-0.964141E-01
2.11853,13.7316,0.350423E-01
2.11914,13.7356,0.413686E-01
2.11975,13.7395,-0.568456E-01
2.12036,13.7435,-0.232470E-01
2.12097,13.7475,0.161721E-01
2.12158,13.7514,0.503370E-01
2.12219,13.7554,0.220507E-01
2.12280,13.7593,-0.213674E-01
2.12341,13.7633,0.966465E-01
2.12402,13.7672,-0.936341E-03
2.12463,13.7712,0.708956E-01
2.12524,13.7752,0.156643E-01
2.12585,13.7791,-0.287718E-01
2.12646,13.7831,0.236047
2.12708,13.7870,0.277219E-01
2.12769,13.7910,-0.608916E-01
2.12830,13.7949,-0.168453E-01
2.12891,13.7989,-0.161171E-01
2.12952,13.8028,-0.850378E-01
2.13013,13.8068,0.164843
2.13074,13.8108,-0.295125E-01
2.13135,13.8147,0.453124E-01
2.13196,13.8187,-0.346259E-01
2.13257,13.8226,0.146774E-01
2.13318,13.8266,-0.120730E-01
2.13379,13.8305,-0.906249E-02
2.13440,13.8345,-0.563095E-01
2.13501,13.8385,0.597000E-01
2.13562,13.8424,-0.550022E-01
2.13623,13.8464,-0.113540
2.13684,13.8503,-0.473042E-01
2.13745,13.8543,-0.121336
2.13806,13.8582,0.898749E-01
2.13867,13.8622,-0.155576E-01
2.13928,13.8661,-0.148678
2.13989,13.8701,-0.932833E-01
2.14050,13.8741,-0.841855E-01
2.14111,13.8780,0.409346E-01
2.14172,13.8820,-0.333100E-01
2.14233,13.8859,0.561390E-01
2.14294,13.8899,-0.287922E-02
2.14355,13.8938,0.178937E-01
2.14417,13.8978,0.824941E-02
2.14478,13.9017,-0.531230E-01
2.14539,13.9057,-0.204434E-01
2.14600,13.9097,-0.122692E-01
2.14661,13.9136,-0.341097E-01
2.14722,13.9176,0.736894E-01
2.14783,13.9215,0.286632E-01
2.14844,13.9255,0.882208E-01
2.14905,13.9294,-0.247659
2.14966,13.9334,-0.218210E-01
2.15027,13.9374,-0.457029E-01
2.15088,13.9413,-0.263989E-02
2.15149,13.9453,-0.577542E-01
2.15210,13.9492,0.372545E-02
2.15271,13.9532,0.114893E-01
2.15332,13.9571,-0.664024E-01
2.15393,13.9611,0.151109E-01
2.15454,13.9650,0.298508E-01
2.15515,13.9690,-0.116609E-02
2.15576,13.9730,-0.622265E-02
2.15637,13.9769,0.746454E-01
2.15698,13.9809,0.106409
2.15759,13.9848,-0.127409
2.15820,13.9888,0.426006E-02
2.15881,13.9927,0.353969E-01
2.15942,13.9967,0.313221E-01
2.16003,14.0007,0.576950E-03
2.16064,14.0046,0.589103E-01
2.16125,14.0086,0.196360
2.16187,14.0125,-0.221018E-01
2.16248,14.0165,0.142132E-01
2.16309,14.0204,0.545129E-01
2.16370,14.0244,0.254766E-01
2.16431,14.0283,-0.770919E-01
2.16492,14.0323,-0.302201E-01
2.16553,14.0363,0.461228E-01
2.16614,14.0402,-0.179310E-02
2.16675,14.0442,-0.217785
2.16736,14.0481,-0.538720E-01
2.16797,14.0521,0.667643E-01
2.16858,14.0560,-0.672941E-01
2.16919,14.0600,0.131612E-01
2.16980,14.0639,-0.280815E-03
2.17041,14.0679,0.511994E-01
2.17102,14.0719,0.669245E-01
2.17163,14.0758,0.138515E-02
2.17224,14.0798,-0.492695E-01
2.17285,14.0837,-0.338554E-01
2.17346,14.0877,0.185750E-01
2.17407,14.0916,-0.102055
2.17468,14.0956,-0.350774E-02
2.17529,14.0996,0.423851E-02
2.17590,14.1035,-0.683472E-01
2.17651,14.1075,-0.163631
2.17712,14.1114,0.789566E-01
2.17773,14.1154,0.377815E-01
2.17834,14.1193,0.444252E-01
2.17896,14.1233,0.108757
2.17957,14.1272,-0.158497E-01
2.18018,14.1312,-0.150258
2.18079,14.1352,0.660719E-01
2.18140,14.1391,-0.235444E-01
2.18201,14.1431,0.412974E-01
2.18262,14.1470,0.709260E-01
2.18323,14.1510,0.169124E-01
2.18384,14.1549,-0.190334E-01
2.18445,14.1589,0.705476E-01
2.18506,14.1629,0.150382E-01
2.18567,14.1668,-0.672867E-01
2.18628,14.1708,0.187516
2.18689,14.1747,-0.853854E-01
2.18750,14.1787,0.218714
2.18811,14.1826,-0.740036E-01
2.18872,14.1866,-0.795836E-02
2.18933,14.1905,0.846541E-02
2.18994,14.1945,0.575939E-02
2.19055,14.1985,-0.150810E-01
2.19116,14.2024,0.940041E-01
2.19177,14.2064,-0.369149E-01
2.19238,14.2103,0.625410E-01
2.19299,14.2143,0.108083
2.19360,14.2182,-0.165447E-01
2.19421,14.2222,0.445752E-01
2.19482,14.2261,0.759036E-02
2.19543,14.2301,0.785367E-01
2.19604,14.2341,0.112048
2.19666,14.2380,0.254108E-01
2.19727,14.2420,0.524403E-02
2.19788,14.2459,-0.875362E-02
2.19849,14.2499,-0.202064E-01
2.19910,14.2538,0.147237
2.19971,14.2578,0.231349E-01
2.20032,14.2618,-0.112754E-01
2.20093,14.2657,0.717666E-01
2.20154,14.2697,0.536656E-01
2.20215,14.2736,-0.278888E-01
2.20276,14.2776,0.244787E-01
2.20337,14.2815,0.567386E-01
2.20398,14.2855,0.850417E-01
2.20459,14.2894,-0.905710E-01
2.20520,14.2934,0.149544
2.20581,14.2974,-0.190413E-01
2.20642,14.3013,0.386127E-01
2.20703,14.3053,0.434263E-01
2.20764,14.3092,-0.673852E-02
2.20825,14.3132,0.243656E-01
2.20886,14.3171,0.631878E-01
2.20947,14.3211,0.106399
2.21008,14.3251,0.234525E-01
2.21069,14.3290,-0.595262E-01
2.21130,14.3330,0.368692E-01
2.21191,14.3369,0.752105E-01
2.21252,14.3409,0.185108E-01
2.21313,14.3448,0.823203E-01
2.21375,14.3488,-0.420180E-01
2.21436,14.3527,0.102383
2.21497,14.3567,0.386800E-01
2.21558,14.3607,0.183013E-01
2.21619,14.3646,-0.197726E-01
2.21680,14.3686,0.206679E-02
2.21741,14.3725,-0.492457E-01
2.21802,14.3765,-0.258561E-01
2.21863,14.3804,0.250631
2.21924,14.3844,0.176004
2.21985,14.3884,0.177000E-02
2.22046,14.3923,-0.386645E-01
2.22107,14.3963,-0.699070E-01
2.22168,14.4002,-0.739533E-01
2.22229,14.4042,0.127958E-01
2.22290,14.4081,0.126600E-01
2.22351,14.4121,0.618809E-02
2.22412,14.4160,-0.888739E-02
2.22473,14.4200,0.962479E-01
2.22534,14.4240,0.576816E-01
2.22595,14.4279,-0.200023E-01
2.22656,14.4319,0.110128
2.22717,14.4358,-0.222658E-01
2.22778,14.4398,0.910484E-01
2.22839,14.4437,-0.194996E-01
2.22900,14.4477,-0.149884E-01
2.22961,14.4516,-0.731451E-01
2.23022,14.4556,-0.135588
2.23083,14.4596,0.245741
2.23145,14.4635,0.152971E-01
2.23206,14.4675,0.391051E-01
2.23267,14.4714,-0.147958
2.23328,14.4754,0.836368E-03
2.23389,14.4793,-0.518285E-02
2.23450,14.4833,-0.658402E-01
2.23511,14.4873,-0.213507E-01
2.23572,14.4912,-0.276713E-01
2.23633,14.4952,-0.550242E-01
2.23694,14.4991,-0.209026E-01
2.23755,14.5031,0.120441
2.23816,14.5070,0.777798E-01
2.23877,14.5110,-0.368715E-01
2.23938,14.5149,-0.794571E-01
2.23999,14.5189,-0.158414
2.24060,14.5229,0.684349E-01
2.24121,14.5268,-0.746447E-01
2.24182,14.5308,0.118343
2.24243,14.5347,-0.976849E-01
2.24304,14.5387,-0.111420
2.24365,14.5426,0.496607E-02
2.24426,14.5466,0.161059
2.24487,14.5506,0.603538E-01
2.24548,14.5545,-0.827766E-02
2.24609,14.5585,0.151219
2.24670,14.5624,0.129229E-01
2.24731,14.5664,0.295783E-01
2.24792,14.5703,-0.598646E-03
2.24854,14.5743,0.150640
2.24915,14.5782,-0.632922E-02
2.24976,14.5822,-0.795519E-02
2.25037,14.5862,-0.137986
2.25098,14.5901,-0.267464E-01
2.25159,14.5941,0.111023E-01
2.25220,14.5980,0.486924E-01
2.25281,14.6020,-0.214027E-01
2.25342,14.6059,0.512704E-01
2.25403,14.6099,0.134881
2.25464,14.6138,-0.200978
2.25525,14.6178,-0.626402E-01
2.25586,14.6218,-0.495609E-01
2.25647,14.6257,0.999328E-01
2.25708,14.6297,-0.743680E-02
2.25769,14.6336,-0.345962E-01
2.25830,14.6376,-0.230950E-01
2.25891,14.6415,0.953670E-02
2.25952,14.6455,0.605227E-01
2.26013,14.6495,-0.277519E-01
2.26074,14.6534,-0.262648E-01
2.26135,14.6574,-0.137054E-01
2.26196,14.6613,-0.210330E-03
2.26257,14.6653,-0.118459E-01
2.26318,14.6692,0.102774E-01
2.26379,14.6732,0.805629E-01
2.26440,14.6771,0.199546E-01
2.26501,14.6811,0.314653E-01
2.26562,14.6851,-0.104286E-01
2.26624,14.6890,0.985249E-01
2.26685,14.6930,-0.111813
2.26746,14.6969,-0.231187
2.26807,14.7009,0.607406E-01
2.26868,14.7048,-0.155454
2.26929,14.7088,-0.132377E-01
2.26990,14.7128,-0.283153E-01
2.27051,14.7167,0.119114E-01
2.27112,14.7207,0.623906E-01
2.27173,14.7246,-0.989295E-01
2.27234,14.7286,0.563273E-01
2.27295,14.7325,0.224360E-01
2.27356,14.7365,0.543334E-02
2.27417,14.7404,-0.123762
2.27478,14.7444,-0.241882E-01
2.27539,14.7484,0.216559E-01
2.27600,14.7523,-0.730923E-01
2.27661,14.7563,-0.152703E-01
2.27722,14.7602,-0.584935E-01
2.27783,14.7642,0.118933E-01
2.27844,14.7681,0.406807E-01
2.27905,14.7721,0.220660E-01
2.27966,14.7760,0.151240
2.28027,14.7800,-0.125963
2.28088,14.7840,0.248348
2.28149,14.7879,-0.162907E-01
2.28210,14.7919,-0.131642E-01
2.28271,14.7958,-0.586638E-01
2.28333,14.7998,-0.158068E-01
2.28394,14.8037,-0.193215
2.28455,14.8077,0.238237E-01
2.28516,14.8117,-0.362451E-01
2.28577,14.8156,0.755851E-02
2.28638,14.8196,0.631877E-01
2.28699,14.8235,-0.107896E-01
2.28760,14.8275,-0.289510E-01
2.28821,14.8314,0.925604E-01
2.28882,14.8354,-0.110798E-01
2.28943,14.8393,0.246131
2.29004,14.8433,0.156589E-03
2.29065,14.8473,-0.800703E-01
2.29126,14.8512,0.589289E-01
2.29187,14.8552,-0.125969
2.29248,14.8591,-0.594048E-02
2.29309,14.8631,-0.814216E-02
2.29370,14.8670,0.762549E-01
2.29431,14.8710,0.121200E-01
2.29492,14.8750,-0.892144E-01
2.29553,14.8789,-0.105498E-02
2.29614,14.8829,-0.491811E-01
2.29675,14.8868,0.393082E-01
2.29736,14.8908,0.352799E-01
2.29797,14.8947,0.805089E-01
2.29858,14.8987,0.756794E-01
2.29919,14.9026,0.621848E-01
2.29980,14.9066,0.271686
2.30042,14.9106,-0.454933E-02
2.30103,14.9145,0.149201
2.30164,14.9185,-0.221755E-01
2.30225,14.9224,-0.954992E-02
2.30286,14.9264,0.107206
2.30347,14.9303,0.143810E-01
2.30408,14.9343,0.959066E-01
2.30469,14.9382,0.174816E-01
2.30530,14.9422,0.215434E-01
2.30591,14.9462,0.321923E-01
2.30652,14.9501,-0.425489E-01
2.30713,14.9541,0.567025E-01
2.30774,14.9580,-0.328894E-01
2.30835,14.9620,-0.114870E-01
2.30896,14.9659,0.115985
2.30957,14.9699,-0.670539E-02
2.31018,14.9739,0.299984E-01
2.31079,14.9778,0.353345E-01
2.31140,14.9818,0.137708
2.31201,14.9857,-0.325154E-01
2.31262,14.9897,0.153127E-01
2.31323,14.9936,0.519706E-01
2.31384,14.9976,-0.109766
2.31445,15.0015,0.497697E-02
2.31506,15.0055,-0.820074E-02
2.31567,15.0095,-0.495330E-01
2.31628,15.0134,-0.141521
2.31689,15.0174,-0.319059E-01
2.31750,15.0213,0.914618E-02
2.31812,15.0253,-0.165150
2.31873,15.0292,-0.311466E-01
2.31934,15.0332,0.830309E-01
2.31995,15.0372,-0.515164E-01
2.32056,15.0411,0.753071E-01
2.32117,15.0451,-0.187115E-03
2.32178,15.0490,-0.118803
2.32239,15.0530,-0.592368E-02
2.32300,15.0569,0.114933
2.32361,15.0609,0.405390E-01
2.32422,15.0648,-0.176303E-01
2.32483,15.0688,-0.358175E-01
2.32544,15.0728,-0.699461E-01
2.32605,15.0767,0.419585E-01
2.32666,15.0807,-0.525732E-01
2.32727,15.0846,0.398127
2.32788,15.0886,-0.905964E-01
2.32849,15.0925,0.380710E-01
2.32910,15.0965,0.107592
2.32971,15.1004,0.299504E-01
2.33032,15.1044,0.726283E-01
2.33093,15.1084,-0.942050E-02
2.33154,15.1123,0.129828E-01
2.33215,15.1163,0.709300E-01
2.33276,15.1202,0.779276E-01
2.33337,15.1242,0.893098E-01
2.33398,15.1281,-0.346326E-02
2.33459,15.1321,-0.111943
2.33521,15.1361,-0.101001
2.33582,15.1400,-0.227766
2.33643,15.1440,0.446772E-01
2.33704,15.1479,-0.596716E-01
2.33765,15.1519,0.324788E-01
2.33826,15.1558,-0.382685E-01
2.33887,15.1598,0.217401E-01
2.33948,15.1637,0.426246E-01
2.34009,15.1677,0.118463
2.34070,15.1717,-0.321103E-03
2.34131,15.1756,-0.393066E-01
2.34192,15.1796,-0.180707E-01
2.34253,15.1835,0.386569E-03
2.34314,15.1875,0.634667E-01
2.34375,15.1914,-0.491146E-01
2.34436,15.1954,-0.425605E-01
2.34497,15.1994,0.922985E-02
2.34558,15.2033,-0.330716E-01
2.34619,15.2073,0.270755E-01
2.34680,15.2112,-0.137494E-01
2.34741,15.2152,0.170430
2.34802,15.2191,-0.505236E-01
2.34863,15.2231,-0.403073E-01
2.34924,15.2270,-0.279917E-01
2.34985,15.2310,-0.445369E-01
2.35046,15.2350,0.651476E-01
2.35107,15.2389,-0.925222E-01
2.35168,15.2429,-0.512828E-02
2.35229,15.2468,-0.135089E-01
2.35291,15.2508,-0.295070E-01
2.35352,15.2547,0.780755E-01
2.35413,15.2587,0.114554
2.35474,15.2626,0.187067E-01
2.35535,15.2666,-0.704379E-01
2.35596,15.2706,0.782803E-03
2.35657,15.2745,-0.445503E-02
2.35718,15.2785,0.781674E-01
2.35779,15.2824,-0.484102E-01
2.35840,15.2864,-0.634375E-01
2.35901,15.2903,0.354006E-01
2.35962,15.2943,-0.131270
2.36023,15.2983,-0.973309E-01
2.36084,15.3022,-0.164323E-04
2.36145,15.3062,0.162655
2.36206,15.3101,0.152601
2.36267,15.3141,0.118859
2.36328,15.3180,0.122298E-01
2.36389,15.3220,0.571424E-01
2.36450,15.3259,0.106205
2.36511,15.3299,0.652092E-01
2.36572,15.3339,0.209477E-01
2.36633,15.3378,-0.260211E-01
2.36694,15.3418,0.149038
2.36755,15.3457,0.564441E-02
2.36816,15.3497,0.865520E-01
2.36877,15.3536,0.107129E-01
2.36938,15.3576,-0.736584E-02
2.37000,15.3616,-0.410140E-01
2.37061,15.3655,0.137475
2.37122,15.3695,0.172524
2.37183,15.3734,-0.401504E-01
2.37244,15.3774,-0.715683E-01
2.37305,15.3813,0.126767
2.37366,15.3853,-0.301435E-01
2.37427,15.3892,0.396839E-01
2.37488,15.3932,0.609562E-01
2.37549,15.3972,0.100408
2.37610,15.4011,-0.903957E-02
2.37671,15.4051,0.770320E-02
2.37732,15.4090,0.113039
2.37793,15.4130,-0.520839E-01
2.37854,15.4169,-0.526665E-02
2.37915,15.4209,-0.323434E-01
2.37976,15.4248,-0.445154E-01
2.38037,15.4288,0.847170E-01
2.38098,15.4328,-0.477486E-01
2.38159,15.4367,0.109250E-01
2.38220,15.4407,-0.171669E-01
2.38281,15.4446,0.115041
2.38342,15.4486,0.331002E-01
2.38403,15.4525,0.281836E-01
2.38464,15.4565,0.184636E-01
2.38525,15.4605,0.148144E-01
2.38586,15.4644,-0.869191E-02
2.38647,15.4684,-0.528312E-01
2.38708,15.4723,0.267048E-01
2.38770,15.4763,0.576994E-01
2.38831,15.4802,0.872618E-01
2.38892,15.4842,0.102647
2.38953,15.4881,0.186960
2.39014,15.4921,0.184337
2.39075,15.4961,0.137778
2.39136,15.5000,0.163279E-01
2.39197,15.5040,0.493971E-01
2.39258,15.5079,0.358863E-01
2.39319,15.5119,-0.652850E-01
2.39380,15.5158,-0.726236E-01
2.39441,15.5198,0.108419
2.39502,15.5238,0.840767E-01
2.39563,15.5277,-0.624038E-01
2.39624,15.5317,0.947261E-01
2.39685,15.5356,-0.327752E-02
2.39746,15.5396,-0.171998
2.39807,15.5435,-0.154261E-01
2.39868,15.5475,0.257247E-01
2.39929,15.5514,0.417088E-01
2.39990,15.5554,-0.224500E-01
2.40051,15.5594,0.178111E-02
2.40112,15.5633,-0.113142
2.40173,15.5673,0.408838E-01
2.40234,15.5712,0.143154E-01
2.40295,15.5752,0.693740E-02
2.40356,15.5791,0.143591E-01
2.40417,15.5831,-0.478071E-02
2.40479,15.5870,-0.996649E-03
2.40540,15.5910,0.750100E-01
2.40601,15.5950,0.919472E-02
2.40662,15.5989,0.978602E-01
2.40723,15.6029,0.361159E-01
2.40784,15.6068,0.723791E-02
2.40845,15.6108,0.348708E-01
2.40906,15.6147,0.983335E-01
2.40967,15.6187,-0.678085E-01
2.41028,15.6227,0.659601E-01
2.41089,15.6266,0.673713E-01
2.41150,15.6306,-0.405885E-01
2.41211,15.6345,0.112530E-01
2.41272,15.6385,-0.956264E-03
2.41333,15.6424,-0.363395E-01
2.41394,15.6464,0.819680E-03
2.41455,15.6503,-0.236354E-02
2.41516,15.6543,-0.244996E-01
2.41577,15.6583,-0.219917E-01
2.41638,15.6622,0.440120E-01
2.41699,15.6662,0.228126E-01
2.41760,15.6701,0.474913E-01
2.41821,15.6741,0.877617E-01
2.41882,15.6780,-0.101040
2.41943,15.6820,0.233313E-01
2.42004,15.6860,-0.342813E-02
2.42065,15.6899,0.952041E-02
2.42126,15.6939,0.130759
2.42188,15.6978,0.181964
2.42249,15.7018,0.456553E-01
2.42310,15.7057,0.197261E-01
2.42371,15.7097,-0.155463
2.42432,15.7136,-0.312645E-01
2.42493,15.7176,-0.128260E-01
2.42554,15.7216,0.212500E-01
2.42615,15.7255,0.112926
2.42676,15.7295,-0.143220
2.42737,15.7334,0.625302E-01
2.42798,15.7374,-0.110418
2.42859,15.7413,-0.171063E-01
2.42920,15.7453,0.874570E-02
2.42981,15.7492,-0.185748E-01
2.43042,15.7532,0.947783E-01
2.43103,15.7572,0.504847E-01
2.43164,15.7611,0.371215E-01
2.43225,15.7651,0.381790E-01
2.43286,15.7690,-0.131324E-01
2.43347,15.7730,-0.150181
2.43408,15.7769,-0.201148E-01
2.43469,15.7809,-0.165650
2.43530,15.7849,-0.302954E-01
2.43591,15.7888,-0.442288E-01
2.43652,15.7928,0.788855E-01
2.43713,15.7967,-0.300955E-01
2.43774,15.8007,0.347803E-01
2.43835,15.8046,0.417009E-01
2.43896,15.8086,0.344240E-02
2.43958,15.8125,-0.199143E-01
2.44019,15.8165,0.267370E-01
2.44080,15.8205,0.110701
2.44141,15.8244,0.126800
2.44202,15.8284,-0.490588E-01
2.44263,15.8323,-0.707933E-01
2.44324,15.8363,0.739940E-01
2.44385,15.8402,-0.267503E-01
2.44446,15.8442,-0.249948E-02
2.44507,15.8482,0.453577E-01
2.44568,15.8521,-0.703859E-01
2.44629,15.8561,-0.276052E-01
2.44690,15.8600,-0.103626
2.44751,15.8640,-0.256605E-01
2.44812,15.8679,0.224855
2.44873,15.8719,0.160783
2.44934,15.8758,0.179136E-01
2.44995,15.8798,0.225269E-01
2.45056,15.8838,0.832084E-01
2.45117,15.8877,-0.248585E-01
2.45178,15.8917,-0.226038E-01
2.45239,15.8956,-0.254917E-01
2.45300,15.8996,0.158744E-01
2.45361,15.9035,-0.524310E-01
2.45422,15.9075,-0.857237E-01
2.45483,15.9115,0.258282E-01
2.45544,15.9154,0.893117E-01
2.45605,15.9194,-0.101860E-01
2.45667,15.9233,0.433530E-01
2.45728,15.9273,-0.553991E-01
2.45789,15.9312,0.116689E-01
2.45850,15.9352,-0.634974E-01
2.45911,15.9391,0.499507E-01
2.45972,15.9431,0.155227E-01
2.46033,15.9471,-0.255594E-01
2.46094,15.9510,-0.316952E-01
2.46155,15.9550,-0.507960E-01
2.46216,15.9589,-0.464307E-01
2.46277,15.9629,0.358834E-01
2.46338,15.9668,-0.270624E-01
2.46399,15.9708,0.416785E-01
2.46460,15.9747,0.443833E-01
2.46521,15.9787,0.419145E-01
2.46582,15.9827,0.940004E-01
2.46643,15.9866,0.254887E-01
2.46704,15.9906,-0.152080
2.46765,15.9945,-0.142595
2.46826,15.9985,0.437802E-01
2.46887,16.0024,0.504987E-03
2.46948,16.0064,0.955997E-02
2.47009,16.0104,0.385923E-01
2.47070,16.0143,0.295289E-01
2.47131,16.0183,-0.799741E-01
2.47192,16.0222,-0.740053E-01
2.47253,16.0262,0.320691E-01
2.47314,16.0301,0.121858E-01
2.47375,16.0341,-0.318954E-01
2.47437,16.0380,-0.198566
2.47498,16.0420,-0.302395E-02
2.47559,16.0460,-0.135041E-01
2.47620,16.0499,-0.186287E-01
2.47681,16.0539,-0.116989
2.47742,16.0578,-0.360009E-01
2.47803,16.0618,0.259303E-01
2.47864,16.0657,0.768170E-02
2.47925,16.0697,0.133918E-01
2.47986,16.0737,0.219392E-01
2.48047,16.0776,-0.249808E-01
2.48108,16.0816,-0.364179E-01
2.48169,16.0855,-0.121381
2.48230,16.0895,-0.353330E-01
2.48291,16.0934,-0.227809
2.48352,16.0974,0.101634
2.48413,16.1013,0.125502
2.48474,16.1053,0.161705E-01
2.48535,16.1093,-0.953973E-01
2.48596,16.1132,0.499741E-02
2.48657,16.1172,0.540539E-01
2.48718,16.1211,0.251566
2.48779,16.1251,-0.136466E-01
2.48840,16.1290,-0.699568E-01
2.48901,16.1330,-0.261104E-01
2.48962,16.1369,0.596554E-01
2.49023,16.1409,0.368675E-01
2.49084,16.1449,0.624168E-01
2.49146,16.1488,-0.127455E-01
2.49207,16.1528,0.320455E-03
2.49268,16.1567,-0.398894E-02
2.49329,16.1607,-0.708537E-01
2.49390,16.1646,-0.120886E-01
2.49451,16.1686,0.166070E-03
2.49512,16.1726,-0.697699E-01
2.49573,16.1765,-0.617711E-01
2.49634,16.1805,0.129533E-01
2.49695,16.1844,-0.115089
2.49756,16.1884,-0.110486E-01
2.49817,16.1923,0.478079E-01
2.49878,16.1963,-0.186591E-01
2.49939,16.2002,0.428277E-01
2.50000,16.2042,0.391827E-01
2.50061,16.2082,0.170334E-01
2.50122,16.2121,-0.262796E-01
2.50183,16.2161,0.366183E-01
2.50244,16.2200,-0.538659E-02
2.50305,16.2240,-0.448868E-01
2.50366,16.2279,0.839268E-01
2.50427,16.2319,-0.215253E-01
2.50488,16.2359,-0.278127E-01
2.50549,16.2398,-0.311318E-01
2.50610,16.2438,-0.831874E-01
2.50671,16.2477,-0.571764E-02
2.50732,16.2517,0.817905E-02
2.50793,16.2556,-0.660092E-01
2.50854,16.2596,0.117761
2.50916,16.2635,-0.613308E-02
2.50977,16.2675,0.282300E-01
2.51038,16.2715,-0.234891E-02
2.51099,16.2754,0.133821
2.51160,16.2794,-0.238040E-01
2.51221,16.2833,-0.669518E-01
2.51282,16.2873,-0.401861E-01
2.51343,16.2912,0.488551E-01
2.51404,16.2952,0.145330E-01
2.51465,16.2991,0.264190E-01
2.51526,16.3031,-0.363615E-01
2.51587,16.3071,0.124725
2.51648,16.3110,-0.665137E-01
2.51709,16.3150,0.341190E-01
2.51770,16.3189,-0.311187E-01
2.51831,16.3229,0.231712E-01
2.51892,16.3268,0.138370E-01
2.51953,16.3308,0.160791
2.52014,16.3348,0.245713E-01
2.52075,16.3387,0.284967E-01
2.52136,16.3427,0.286180E-01
2.52197,16.3466,-0.762046E-02
2.52258,16.3506,0.279880E-01
2.52319,16.3545,-0.119233
2.52380,16.3585,-0.274974E-01
2.52441,16.3624,-0.222649E-01
2.52502,16.3664,-0.178747E-01
2.52563,16.3704,-0.667141E-01
2.52625,16.3743,-0.904081E-01
2.52686,16.3783,0.999951E-01
2.52747,16.3822,-0.483621E-01
2.52808,16.3862,0.272888E-01
2.52869,16.3901,0.640359E-02
2.52930,16.3941,-0.828518E-01
2.52991,16.3981,-0.889306E-01
2.53052,16.4020,-0.264879E-01
2.53113,16.4060,0.314339E-01
2.53174,16.4099,0.519308E-01
2.53235,16.4139,-0.539088E-03
2.53296,16.4178,0.176065
2.53357,16.4218,-0.681045E-01
2.53418,16.4257,0.341639E-01
2.53479,16.4297,-0.428168E-01
2.53540,16.4337,-0.487164E-01
2.53601,16.4376,0.134377E-02
2.53662,16.4416,-0.123940E-01
2.53723,16.4455,0.112983
2.53784,16.4495,0.452642E-01
2.53845,16.4534,0.178843E-01
2.53906,16.4574,-0.824133E-01
2.53967,16.4613,0.213895E-01
2.54028,16.4653,0.794676E-02
2.54089,16.4693,0.199987
2.54150,16.4732,-0.100339
2.54211,16.4772,0.372449E-01
2.54272,16.4811,-0.635166E-01
2.54333,16.4851,-0.676530E-01
2.54395,16.4890,0.443386E-01
2.54456,16.4930,-0.209027
2.54517,16.4970,0.111817
2.54578,16.5009,0.578748E-01
2.54639,16.5049,-0.120688E-01
2.54700,16.5088,0.193643E-01
2.54761,16.5128,-0.595680E-02
2.54822,16.5167,-0.123555
2.54883,16.5207,-0.496333E-01
2.54944,16.5246,0.130409E-01
2.55005,16.5286,-0.429566E-01
2.55066,16.5326,0.806804E-01
2.55127,16.5365,0.433101E-01
2.55188,16.5405,0.939475E-02
2.55249,16.5444,-0.292695E-01
2.55310,16.5484,-0.641766E-04
2.55371,16.5523,-0.359846E-01
2.55432,16.5563,0.692350E-02
2.55493,16.5603,0.179169
2.55554,16.5642,0.732032E-02
2.55615,16.5682,-0.340165E-01
2.55676,16.5721,-0.738211E-02
2.55737,16.5761,-0.163712E-02
2.55798,16.5800,-0.307858E-02
2.55859,16.5840,-0.803494E-01
2.55920,16.5879,0.871085E-01
2.55981,16.5919,-0.717023E-01
2.56042,16.5959,0.126616
2.56104,16.5998,-0.128295E-01
2.56165,16.6038,-0.497307E-02
2.56226,16.6077,0.949328E-01
2.56287,16.6117,0.377007E-02
2.56348,16.6156,-0.619934E-02
2.56409,16.6196,-0.741457E-01
2.56470,16.6235,0.195658E-01
2.56531,16.6275,0.165975E-01
2.56592,16.6315,-0.158187E-01
2.56653,16.6354,0.981982E-01
2.56714,16.6394,-0.192187
2.56775,16.6433,0.572150E-01
2.56836,16.6473,0.125838
2.56897,16.6512,0.262275
2.56958,16.6552,0.974294E-02
2.57019,16.6592,-0.101481
2.57080,16.6631,-0.321748E-01
2.57141,16.6671,0.181582E-01
2.57202,16.6710,0.393288E-01
2.57263,16.6750,-0.110876E-01
2.57324,16.6789,-0.148696
2.57385,16.6829,0.627791E-01
2.57446,16.6868,-0.703960E-01
2.57507,16.6908,-0.476964E-01
2.57568,16.6948,0.572385E-01
2.57629,16.6987,0.800875E-01
2.57690,16.7027,0.253284
2.57751,16.7066,-0.168356
2.57812,16.7106,0.494009E-01
2.57874,16.7145,-0.146752E-01
2.57935,16.7185,0.414356E-01
2.57996,16.7225,-0.341441E-01
2.58057,16.7264,0.399979E-02
2.58118,16.7304,0.516278E-03
2.58179,16.7343,-0.172027
2.58240,16.7383,-0.621037E-02
2.58301,16.7422,-0.551043E-01
2.58362,16.7462,0.167379E-01
2.58423,16.7501,0.637141E-01
2.58484,16.7541,-0.131961
2.58545,16.7581,0.164327E-01
2.58606,16.7620,-0.646252E-02
2.58667,16.7660,-0.276421E-02
2.58728,16.7699,-0.514477E-02
2.58789,16.7739,0.126286E-01
2.58850,16.7778,-0.294873E-01
2.58911,16.7818,0.128078
2.58972,16.7857,-0.478212E-01
2.59033,16.7897,-0.142541E-01
2.59094,16.7937,0.232739E-01
2.59155,16.7976,0.230493E-01
2.59216,16.8016,-0.361791E-01
2.59277,16.8055,0.544744E-01
2.59338,16.8095,0.684257E-03
2.59399,16.8134,-0.658509E-01
2.59460,16.8174,0.786322E-01
2.59521,16.8214,-0.125677
2.59583,16.8253,0.352316E-01
2.59644,16.8293,-0.399614E-01
2.59705,16.8332,0.438737E-01
2.59766,16.8372,-0.132683E-01
2.59827,16.8411,0.102732
2.59888,16.8451,-0.215351E-01
2.59949,16.8490,-0.124434
2.60010,16.8530,0.632794E-01
2.60071,16.8570,-0.680714E-01
2.60132,16.8609,0.186011E-01
2.60193,16.8649,-0.222837E-01
2.60254,16.8688,-0.941333E-01
2.60315,16.8728,0.374496E-01
2.60376,16.8767,-0.236250E-01
2.60437,16.8807,-0.209318
2.60498,16.8847,0.142067E-01
2.60559,16.8886,-0.692560E-02
2.60620,16.8926,-0.892440E-01
2.60681,16.8965,0.487033E-01
2.60742,16.9005,-0.660384E-01
2.60803,16.9044,-0.100090
2.60864,16.9084,-0.224981E-01
2.60925,16.9123,-0.606792E-02
2.60986,16.9163,0.556910E-01
2.61047,16.9203,0.245602E-02
2.61108,16.9242,0.777519E-03
2.61169,16.9282,0.979604E-01
2.61230,16.9321,0.130608E-01
2.61292,16.9361,0.139619
2.61353,16.9400,-0.859465E-01
2.61414,16.9440,0.768539E-01
2.61475,16.9479,0.858051E-01
2.61536,16.9519,0.153567E-01
2.61597,16.9559,0.423632E-01
2.61658,16.9598,0.221541E-01
2.61719,16.9638,0.342775E-01
2.61780,16.9677,0.147305E-01
2.61841,16.9717,0.545710E-01
2.61902,16.9756,-0.569965E-03
2.61963,16.9796,0.497910E-01
2.62024,16.9836,0.292228E-01
2.62085,16.9875,0.175929E-01
2.62146,16.9915,0.224534
2.62207,16.9954,-0.137346
2.62268,16.9994,0.510861E-02
2.62329,17.0033,-0.313669E-02
2.62390,17.0073,0.899206E-01
2.62451,17.0112,0.155747
2.62512,17.0152,-0.165716
2.62573,17.0192,-0.829522E-02
2.62634,17.0231,-0.103067
2.62695,17.0271,0.142836E-01
2.62756,17.0310,-0.336011E-01
2.62817,17.0350,0.570417E-02
2.62878,17.0389,-0.991008E-01
2.62939,17.0429,-0.146350E-01
2.63000,17.0469,-0.104861
2.63062,17.0508,-0.746221E-01
2.63123,17.0548,0.667969E-02
2.63184,17.0587,-0.565186E-01
2.63245,17.0627,0.274351E-01
2.63306,17.0666,0.247402E-02
2.63367,17.0706,0.542593E-01
2.63428,17.0745,-0.234154E-01
2.63489,17.0785,0.402562E-01
2.63550,17.0825,0.954468E-01
2.63611,17.0864,0.121752E-02
2.63672,17.0904,0.101002E-01
2.63733,17.0943,0.141325E-01
2.63794,17.0983,0.905886E-02
2.63855,17.1022,-0.957363E-02
2.63916,17.1062,0.121422
2.63977,17.1101,-0.287783E-01
2.64038,17.1141,0.157664E-01
2.64099,17.1181,-0.160143
2.64160,17.1220,-0.104517
2.64221,17.1260,0.606073E-02
2.64282,17.1299,-0.216807E-01
2.64343,17.1339,-0.446901E-01
2.64404,17.1378,0.239207E-02
2.64465,17.1418,0.938774E-03
2.64526,17.1458,-0.107612
2.64587,17.1497,0.137344
2.64648,17.1537,-0.705169E-01
2.64709,17.1576,0.192564E-02
2.64771,17.1616,0.110450
2.64832,17.1655,-0.675696E-01
2.64893,17.1695,0.420362
2.64954,17.1734,0.348341E-03
2.65015,17.1774,-0.125932
2.65076,17.1814,-0.144925E-02
2.65137,17.1853,0.101415E-01
2.65198,17.1893,0.852371E-01
2.65259,17.1932,0.936790E-01
2.65320,17.1972,0.280533E-01
2.65381,17.2011,0.171624E-01
2.65442,17.2051,0.500455E-03
2.65503,17.2091,0.294425E-01
2.65564,17.2130,-0.268264E-02
2.65625,17.2170,0.261822E-02
2.65686,17.2209,-0.453528E-03
2.65747,17.2249,0.131106E-01
2.65808,17.2288,0.267969E-01
2.65869,17.2328,-0.198753E-01
2.65930,17.2367,-0.864082E-02
2.65991,17.2407,-0.179558E-01
2.66052,17.2447,-0.686602E-01
2.66113,17.2486,0.203736E-03
2.66174,17.2526,-0.271159E-01
2.66235,17.2565,-0.260093E-01
2.66296,17.2605,0.667108E-01
2.66357,17.2644,0.227158E-01
2.66418,17.2684,0.139862E-01
2.66479,17.2724,0.626882E-01
2.66541,17.2763,-0.125987E-01
2.66602,17.2803,-0.131878E-01
2.66663,17.2842,-0.358562E-01
2.66724,17.2882,-0.219480E-02
2.66785,17.2921,-0.885138E-01
2.66846,17.2961,-0.409284E-01
2.66907,17.3000,-0.460357E-01
2.66968,17.3040,0.169271E-01
2.67029,17.3080,-0.917397E-01
2.67090,17.3119,-0.527001E-01
2.67151,17.3159,-0.447042E-01
2.67212,17.3198,-0.786558E-01
2.67273,17.3238,-0.434257E-01
2.67334,17.3277,-0.222723E-01
2.67395,17.3317,0.859915E-02
2.67456,17.3356,-0.514795E-01
2.67517,17.3396,0.310445E-01
2.67578,17.3436,0.788267E-02
2.67639,17.3475,0.317189E-01
2.67700,17.3515,-0.608134E-02
2.67761,17.3554,-0.607296E-02
2.67822,17.3594,0.120744
2.67883,17.3633,0.917418E-01
2.67944,17.3673,0.325797E-01
2.68005,17.3713,-0.451517E-01
2.68066,17.3752,0.263368E-02
2.68127,17.3792,-0.396055E-01
2.68188,17.3831,-0.505510E-01
2.68250,17.3871,-0.472574E-01
2.68311,17.3910,-0.105800
2.68372,17.3950,-0.779610E-01
2.68433,17.3989,-0.158963E-01
2.68494,17.4029,-0.134999E-01
2.68555,17.4069,-0.469128E-02
2.68616,17.4108,0.681869E-01
2.68677,17.4148,-0.101622
2.68738,17.4187,-0.194384E-01
2.68799,17.4227,0.648827E-01
2.68860,17.4266,0.147072
2.68921,17.4306,0.645403E-02
2.68982,17.4346,0.701609E-01
2.69043,17.4385,0.915310E-02
2.69104,17.4425,-0.630826E-01
2.69165,17.4464,-0.142761
2.69226,17.4504,0.313209E-01
2.69287,17.4543,0.440430E-01
2.69348,17.4583,-0.767463E-01
2.69409,17.4622,-0.875582E-02
2.69470,17.4662,-0.816979E-01
2.69531,17.4702,0.111859E-01
2.69592,17.4741,-0.393202E-01
2.69653,17.4781,-0.377697E-01
2.69714,17.4820,0.217450E-01
2.69775,17.4860,-0.183930E-02
2.69836,17.4899,-0.461904E-01
2.69897,17.4939,0.342656E-01
2.69958,17.4978,-0.973237E-02
2.70020,17.5018,-0.256068E-01
2.70081,17.5058,-0.912847E-02
2.70142,17.5097,0.168238
2.70203,17.5137,-0.828742E-01
2.70264,17.5176,-0.979156E-01
2.70325,17.5216,-0.521631E-01
2.70386,17.5255,0.313507
2.70447,17.5295,-0.667343E-01
2.70508,17.5335,0.158274E-01
2.70569,17.5374,-0.131511
2.70630,17.5414,0.328094E-01
2.70691,17.5453,0.455777E-01
2.70752,17.5493,-0.651136E-02
2.70813,17.5532,0.485426E-01
2.70874,17.5572,0.162840
2.70935,17.5611,0.344231E-01
2.70996,17.5651,0.169825
2.71057,17.5691,-0.342554E-01
2.71118,17.5730,-0.285952E-01
2.71179,17.5770,0.202017
2.71240,17.5809,-0.425823E-01
2.71301,17.5849,0.279031E-02
2.71362,17.5888,0.224100E-01
2.71423,17.5928,-0.100434E-01
2.71484,17.5968,-0.643526E-01
2.71545,17.6007,-0.222277
2.71606,17.6047,-0.138394E-01
2.71667,17.6086,0.200903E-03
2.71729,17.6126,-0.701006E-01
2.71790,17.6165,-0.592844E-02
2.71851,17.6205,0.163979
2.71912,17.6244,0.292777E-01
2.71973,17.6284,0.194619E-01
2.72034,17.6324,-0.413379E-01
2.72095,17.6363,-0.347694E-01
2.72156,17.6403,-0.359600E-01
2.72217,17.6442,-0.575177E-02
2.72278,17.6482,-0.200395E-01
2.72339,17.6521,-0.557241E-02
2.72400,17.6561,0.190422
2.72461,17.6600,-0.780500E-01
2.72522,17.6640,-0.629994E-01
2.72583,17.6680,0.414971E-01
2.72644,17.6719,-0.145065E-02
2.72705,17.6759,0.494004E-01
2.72766,17.6798,0.100055
2.72827,17.6838,0.173988E-01
2.72888,17.6877,0.335198E-01
2.72949,17.6917,0.194071E-01
2.73010,17.6957,0.628874E-01
2.73071,17.6996,-0.168901E-01
2.73132,17.7036,0.955825E-01
2.73193,17.7075,0.137410E-01
2.73254,17.7115,0.157761E-01
2.73315,17.7154,-0.576125E-01
2.73376,17.7194,0.548428E-01
2.73438,17.7233,0.906841E-01
2.73499,17.7273,-0.838518E-02
2.73560,17.7313,0.297311
2.73621,17.7352,0.371719E-02
2.73682,17.7392,-0.120583
2.73743,17.7431,0.122546
2.73804,17.7471,-0.259861E-01
2.73865,17.7510,-0.889393E-03
2.73926,17.7550,0.485975E-01
2.73987,17.7590,-0.213201E-01
2.74048,17.7629,0.140681E-02
2.74109,17.7669,-0.107253
2.74170,17.7708,0.835970E-01
2.74231,17.7748,0.715863E-01
2.74292,17.7787,0.102578
2.74353,17.7827,-0.390941E-01
2.74414,17.7866,-0.825889E-01
2.74475,17.7906,-0.250152E-01
2.74536,17.7946,0.135022E-01
2.74597,17.7985,-0.714554E-01
2.74658,17.8025,-0.231628E-01
2.74719,17.8064,-0.158870E-01
2.74780,17.8104,0.232718E-01
2.74841,17.8143,-0.388138E-01
2.74902,17.8183,0.264677E-01
2.74963,17.8222,0.144708E-01
2.75024,17.8262,0.451373E-02
2.75085,17.8302,-0.204524E-01
2.75146,17.8341,0.650226E-01
2.75208,17.8381,-0.154571
2.75269,17.8420,-0.263357E-01
2.75330,17.8460,-0.133917
2.75391,17.8499,0.320065E-01
2.75452,17.8539,0.506814E-02
2.75513,17.8579,0.960711E-01
2.75574,17.8618,0.429533E-01
2.75635,17.8658,0.909402E-01
2.75696,17.8697,-0.105025E-01
2.75757,17.8737,-0.159869
2.75818,17.8776,0.230409E-01
2.75879,17.8816,-0.438537E-01
2.75940,17.8855,0.179944E-01
2.76001,17.8895,0.170292E-01
2.76062,17.8935,-0.168291E-01
2.76123,17.8974,0.699959E-01
2.76184,17.9014,-0.162741E-01
2.76245,17.9053,-0.523109E-01
2.76306,17.9093,0.870063E-01
2.76367,17.9132,0.401906E-02
2.76428,17.9172,0.467046E-01
2.76489,17.9212,-0.810393E-03
2.76550,17.9251,-0.325620E-01
2.76611,17.9291,0.276151E-02
2.76672,17.9330,-0.539813E-01
2.76733,17.9370,0.945211E-01
2.76794,17.9409,-0.281977E-01
2.76855,17.9449,0.144800
2.76917,17.9488,0.119653
2.76978,17.9528,-0.364989E-01
2.77039,17.9568,0.399055E-01
2.77100,17.9607,-0.160406E-01
2.77161,17.9647,-0.439787E-02
2.77222,17.9686,0.951068E-01
2.77283,17.9726,0.143567
2.77344,17.9765,-0.782105E-02
2.77405,17.9805,0.776533E-01
2.77466,17.9844,0.479495E-01
2.77527,17.9884,0.151916
2.77588,17.9924,0.838200E-01
2.77649,17.9963,-0.726492E-02
2.77710,18.0003,-0.586415E-03
2.77771,18.0042,0.204248E-01
2.77832,18.0082,0.378490E-01
2.77893,18.0121,-0.307691E-01
2.77954,18.0161,0.417009E-03
2.78015,18.0201,0.104733E-01
2.78076,18.0240,0.172021E-01
2.78137,18.0280,0.231601E-02
2.78198,18.0319,-0.917875E-01
2.78259,18.0359,-0.196670E-01
2.78320,18.0398,0.652908E-01
2.78381,18.0438,0.594469E-02
2.78442,18.0477,0.113228
2.78503,18.0517,-0.374638E-01
2.78564,18.0557,-0.142336E-01
2.78625,18.0596,-0.644232E-01
2.78687,18.0636,-0.790610E-03
2.78748,18.0675,-0.564590E-02
2.78809,18.0715,-0.150692E-01
2.78870,18.0754,0.120186
2.78931,18.0794,0.301472E-01
2.78992,18.0834,-0.915729E-01
2.79053,18.0873,-0.782412E-01
2.79114,18.0913,0.128091
2.79175,18.0952,0.120353
2.79236,18.0992,-0.450865E-01
2.79297,18.1031,-0.173588
2.79358,18.1071,0.425497E-01
2.79419,18.1110,0.379777E-01
2.79480,18.1150,0.152470E-01
2.79541,18.1190,-0.629968E-02
2.79602,18.1229,-0.639260E-02
2.79663,18.1269,0.444246E-01
2.79724,18.1308,-0.280047E-01
2.79785,18.1348,0.701827E-02
2.79846,18.1387,0.232627E-01
2.79907,18.1427,0.304071E-01
2.79968,18.1466,-0.451886E-02
2.80029,18.1506,0.483430E-01
2.80090,18.1546,0.133525
2.80151,18.1585,-0.981063E-03
2.80212,18.1625,0.295868E-01
2.80273,18.1664,0.505485E-02
2.80334,18.1704,-0.287246E-01
2.80396,18.1743,-0.232324E-01
2.80457,18.1783,-0.157602
2.80518,18.1823,-0.508297E-02
2.80579,18.1862,-0.762200E-03
2.80640,18.1902,0.130653E-01
2.80701,18.1941,0.871181E-01
2.80762,18.1981,-0.476788E-01
2.80823,18.2020,-0.160989E-01
2.80884,18.2060,-0.130654E-01
2.80945,18.2099,0.206294E-01
2.81006,18.2139,0.802811E-02
2.81067,18.2179,0.541810E-02
2.81128,18.2218,-0.738246E-03
2.81189,18.2258,-0.108712E-01
2.81250,18.2297,0.312913E-01
2.81311,18.2337,-0.321322E-01
2.81372,18.2376,0.597322E-03
2.81433,18.2416,-0.768926E-02
2.81494,18.2456,-0.581343E-01
2.81555,18.2495,-0.657079E-01
2.81616,18.2535,0.792772E-01
2.81677,18.2574,-0.948762E-03
2.81738,18.2614,0.257032E-01
2.81799,18.2653,0.340927E-01
2.81860,18.2693,0.534188E-01
2.81921,18.2732,-0.101555E-01
2.81982,18.2772,0.689562E-01
2.82043,18.2812,-0.350515E-01
2.82104,18.2851,-0.848491E-01
2.82166,18.2891,0.340846E-01
2.82227,18.2930,0.118402
2.82288,18.2970,-0.114830
2.82349,18.3009,-0.245677E-01
2.82410,18.3049,0.145757E-01
2.82471,18.3088,0.279515E-01
2.82532,18.3128,-0.219409E-01
2.82593,18.3168,-0.430372E-01
2.82654,18.3207,0.235119E-02
2.82715,18.3247,0.244550E-01
2.82776,18.3286,-0.117469
2.82837,18.3326,0.112843E-02
2.82898,18.3365,0.887301E-01
2.82959,18.3405,0.424298E-01
2.83020,18.3445,-0.100342E-01
2.83081,18.3484,0.194756E-01
2.83142,18.3524,0.308888E-01
2.83203,18.3563,-0.879522E-01
2.83264,18.3603,0.512648E-01
2.83325,18.3642,-0.450854E-01
2.83386,18.3682,0.752188E-01
2.83447,18.3721,-0.983221E-01
2.83508,18.3761,-0.101208
2.83569,18.3801,-0.190098
2.83630,18.3840,-0.282085E-01
2.83691,18.3880,-0.101692E-01
2.83752,18.3919,0.222252E-01
2.83813,18.3959,-0.710410E-01
2.83875,18.3998,0.312201E-02
2.83936,18.4038,0.432878E-01
2.83997,18.4078,-0.574504E-01
2.84058,18.4117,0.168845E-01
2.84119,18.4157,0.312923E-01
2.84180,18.4196,-0.256944E-01
2.84241,18.4236,-0.609591E-01
2.84302,18.4275,-0.564897E-01
2.84363,18.4315,0.157147E-02
2.84424,18.4354,-0.255171E-01
2.84485,18.4394,0.389878E-01
2.84546,18.4434,0.720455E-03
2.84607,18.4473,0.123730E-01
2.84668,18.4513,0.106972
2.84729,18.4552,0.123018
2.84790,18.4592,-0.569154E-02
2.84851,18.4631,0.709473E-01
2.84912,18.4671,-0.523258E-01
2.84973,18.4710,-0.811871E-01
2.85034,18.4750,0.247118E-01
2.85095,18.4790,-0.617506E-01
2.85156,18.4829,0.770320E-01
2.85217,18.4869,0.234245E-02
2.85278,18.4908,-0.306662E-03
2.85339,18.4948,0.134064
2.85400,18.4987,0.545004E-01
2.85461,18.5027,0.474923E-02
2.85522,18.5067,0.576396E-02
2.85583,18.5106,-0.152023E-02
2.85645,18.5146,-0.896177E-02
2.85706,18.5185,-0.152016
2.85767,18.5225,-0.413093E-03
2.85828,18.5264,0.526273E-01
2.85889,18.5304,0.498943E-02
2.85950,18.5343,0.171702E-01
2.86011,18.5383,-0.182207E-01
2.86072,18.5423,0.629231E-03
2.86133,18.5462,-0.535594E-01
2.86194,18.5502,-0.501705E-01
2.86255,18.5541,0.151422
2.86316,18.5581,-0.498879E-02
2.86377,18.5620,0.835380E-01
2.86438,18.5660,0.662721E-02
2.86499,18.5700,-0.308172E-01
2.86560,18.5739,-0.183372E-01
2.86621,18.5779,-0.240704E-01
2.86682,18.5818,0.552144E-02
2.86743,18.5858,-0.221278E-01
2.86804,18.5897,0.150201E-01
2.86865,18.5937,0.108135E-01
2.86926,18.5976,0.190225E-01
2.86987,18.6016,-0.264729E-01
2.87048,18.6056,-0.871770E-01
2.87109,18.6095,-0.455654E-01
2.87170,18.6135,0.225611E-01
2.87231,18.6174,0.366019E-01
2.87292,18.6214,0.941409E-01
2.87354,18.6253,-0.360482E-01
2.87415,18.6293,0.465191E-01
2.87476,18.6332,-0.121073
2.87537,18.6372,-0.433413E-01
2.87598,18.6412,0.140371E-01
2.87659,18.6451,-0.537545E-01
2.87720,18.6491,-0.959912E-02
2.87781,18.6530,-0.123748E-01
2.87842,18.6570,0.142369
2.87903,18.6609,-0.509055E-01
2.87964,18.6649,-0.858222E-02
2.88025,18.6689,0.501728E-02
2.88086,18.6728,0.100249
2.88147,18.6768,-0.171272
2.88208,18.6807,-0.649759E-01
2.88269,18.6847,-0.223718E-01
2.88330,18.6886,0.467846E-01
2.88391,18.6926,-0.115224E-01
2.88452,18.6965,-0.243424E-01
2.88513,18.7005,-0.968573E-02
2.88574,18.7045,-0.599389E-01
2.88635,18.7084,-0.505945E-01
2.88696,18.7124,-0.378207E-01
2.88757,18.7163,0.211599E-01
2.88818,18.7203,-0.424379E-01
2.88879,18.7242,0.312072E-01
2.88940,18.7282,-0.143224
2.89001,18.7322,-0.634759E-02
2.89062,18.7361,-0.656236E-02
2.89124,18.7401,-0.938772E-02
2.89185,18.7440,-0.518056E-01
2.89246,18.7480,0.170964E-01
2.89307,18.7519,-0.181868E-01
2.89368,18.7559,-0.600030E-02
2.89429,18.7598,0.138339
2.89490,18.7638,-0.430883E-01
2.89551,18.7678,-0.356585E-01
2.89612,18.7717,0.674618E-02
2.89673,18.7757,0.999944E-01
2.89734,18.7796,-0.484964E-01
2.89795,18.7836,0.231164E-01
2.89856,18.7875,-0.105480E-01
2.89917,18.7915,0.435347E-03
2.89978,18.7955,0.172000E-01
2.90039,18.7994,-0.481692E-01
2.90100,18.8034,0.548807E-02
2.90161,18.8073,0.500676E-01
2.90222,18.8113,-0.195796E-01
2.90283,18.8152,-0.122967E-01
2.90344,18.8192,-0.271921E-01
2.90405,18.8231,0.323653E-02
2.90466,18.8271,-0.505247E-02
2.90527,18.8311,-0.392464E-01
2.90588,18.8350,-0.145720E-01
2.90649,18.8390,0.128515E-01
2.90710,18.8429,-0.260943E-01
2.90771,18.8469,-0.446479E-01
2.90833,18.8508,-0.204354E-01
2.90894,18.8548,0.464192E-01
2.90955,18.8587,0.240782E-01
2.91016,18.8627,0.120465
2.91077,18.8667,0.368764E-01
2.91138,18.8706,0.316366E-01
2.91199,18.8746,-0.627015E-01
2.91260,18.8785,0.915808E-01
2.91321,18.8825,-0.480518E-01
2.91382,18.8864,0.518299E-02
2.91443,18.8904,0.615344E-02
2.91504,18.8944,0.154071E-01
2.91565,18.8983,0.604379E-01
2.91626,18.9023,0.645199E-01
2.91687,18.9062,0.173965E-01
2.91748,18.9102,0.606406E-01
2.91809,18.9141,0.302159E-02
2.91870,18.9181,0.188237
2.91931,18.9220,-0.990503E-02
2.91992,18.9260,0.163539E-01
2.92053,18.9300,-0.354682E-01
2.92114,18.9339,0.806342E-02
2.92175,18.9379,-0.679801E-01
2.92236,18.9418,-0.311743E-01
2.92297,18.9458,-0.273284E-01
2.92358,18.9497,0.706370E-01
2.92419,18.9537,0.277907E-01
2.92480,18.9577,0.181737E-02
2.92542,18.9616,0.386274E-02
2.92603,18.9656,0.207424E-01
2.92664,18.9695,0.849363E-01
2.92725,18.9735,-0.904978E-02
2.92786,18.9774,-0.173142E-01
2.92847,18.9814,0.436319E-01
2.92908,18.9853,0.421291E-03
2.92969,18.9893,-0.152435E-01
2.93030,18.9933,-0.141908
2.93091,18.9972,0.123865
2.93152,19.0012,0.620967E-01
2.93213,19.0051,0.364550E-01
2.93274,19.0091,-0.742783E-01
2.93335,19.0130,-0.226931E-02
2.93396,19.0170,0.170887E-01
2.93457,19.0209,0.548660E-01
2.93518,19.0249,-0.165033E-01
2.93579,19.0289,0.285982E-01
2.93640,19.0328,0.131397E-01
2.93701,19.0368,0.976380E-02
2.93762,19.0407,-0.157925E-01
2.93823,19.0447,0.159792E-01
2.93884,19.0486,-0.428113E-01
2.93945,19.0526,0.200294E-01
2.94006,19.0566,0.136899
2.94067,19.0605,0.100856
2.94128,19.0645,-0.579393E-01
2.94189,19.0684,-0.947108E-01
2.94250,19.0724,0.212168
2.94312,19.0763,-0.272801E-01
2.94373,19.0803,0.156482E-01
2.94434,19.0842,-0.711968E-02
2.94495,19.0882,-0.314332E-01
2.94556,19.0922,-0.570106E-02
2.94617,19.0961,0.233777E-01
2.94678,19.1001,-0.129070E-01
2.94739,19.1040,-0.880645E-01
2.94800,19.1080,-0.118761E-01
2.94861,19.1119,-0.174972E-01
2.94922,19.1159,0.244257E-01
2.94983,19.1199,-0.354161E-02
2.95044,19.1238,0.279524E-02
2.95105,19.1278,0.458333E-02
2.95166,19.1317,0.203697E-01
2.95227,19.1357,-0.443370E-01
2.95288,19.1396,0.726984E-02
2.95349,19.1436,-0.157412E-01
2.95410,19.1475,0.386088E-03
2.95471,19.1515,-0.364059E-01
2.95532,19.1555,-0.129691
2.95593,19.1594,-0.615058E-01
2.95654,19.1634,0.674414E-01
2.95715,19.1673,0.146953E-01
2.95776,19.1713,-0.118771
2.95837,19.1752,-0.377372E-01
2.95898,19.1792,-0.577990E-01
2.95959,19.1831,-0.984880E-01
2.96021,19.1871,-0.137194E-01
2.96082,19.1911,-0.136119
2.96143,19.1950,0.121390
2.96204,19.1990,0.360976E-01
2.96265,19.2029,0.564371E-01
2.96326,19.2069,-0.465727E-01
2.96387,19.2108,-0.605066E-03
2.96448,19.2148,0.249198E-01
2.96509,19.2188,0.173745E-01
2.96570,19.2227,-0.447353E-01
2.96631,19.2267,-0.528971E-01
2.96692,19.2306,-0.647113E-01
2.96753,19.2346,0.603555E-02
2.96814,19.2385,-0.572129E-01
2.96875,19.2425,0.147982
2.96936,19.2464,0.565610E-02
2.96997,19.2504,0.125918E-01
2.97058,19.2544,0.929983E-02
2.97119,19.2583,0.645912E-02
2.97180,19.2623,-0.874060E-01
2.97241,19.2662,-0.261481E-01
2.97302,19.2702,0.613103E-01
2.97363,19.2741,-0.290841E-02
2.97424,19.2781,-0.533696E-01
2.97485,19.2821,-0.304429E-01
2.97546,19.2860,-0.288673E-01
2.97607,19.2900,-0.119902
2.97668,19.2939,-0.318465E-01
2.97729,19.2979,0.852976E-02
2.97791,19.3018,-0.534053E-01
2.97852,19.3058,0.121819E-02
2.97913,19.3097,0.201915E-02
2.97974,19.3137,0.156988E-01
2.98035,19.3177,-0.197299E-01
2.98096,19.3216,0.152859E-02
2.98157,19.3256,-0.850056E-02
2.98218,19.3295,0.795377E-01
2.98279,19.3335,0.672373E-01
2.98340,19.3374,0.100746E-01
2.98401,19.3414,0.764801E-01
2.98462,19.3453,-0.327132E-02
2.98523,19.3493,-0.401261E-02
2.98584,19.3533,-0.200948E-01
2.98645,19.3572,0.797155E-02
2.98706,19.3612,0.363123E-01
2.98767,19.3651,-0.701826E-02
2.98828,19.3691,0.114538
2.98889,19.3730,-0.629228E-01
2.98950,19.3770,-0.106069E-01
2.99011,19.3810,-0.268930
2.99072,19.3849,-0.205329E-01
2.99133,19.3889,0.119628E-01
2.99194,19.3928,0.289466E-01
2.99255,19.3968,-0.251648E-01
2.99316,19.4007,0.378383E-02
2.99377,19.4047,0.253867E-01
2.99438,19.4086,-0.237300E-01
2.99500,19.4126,-0.106999
2.99561,19.4166,0.190883E-01
2.99622,19.4205,-0.829723E-02
2.99683,19.4245,0.190317
2.99744,19.4284,0.385039E-02
2.99805,19.4324,-0.671550E-01
2.99866,19.4363,-0.359151E-01
2.99927,19.4403,-0.531671E-01
2.99988,19.4443,-0.244494E-01
3.00049,19.4482,-0.144532E-01
3.00110,19.4522,0.332389E-01
3.00171,19.4561,0.197073E-02
3.00232,19.4601,-0.136368E-01
3.00293,19.4640,-0.114743
3.00354,19.4680,0.718900E-02
3.00415,19.4719,0.116721E-01
3.00476,19.4759,0.425781E-01
3.00537,19.4799,0.615991E-01
3.00598,19.4838,0.100616E-01
3.00659,19.4878,-0.297273E-01
3.00720,19.4917,-0.103783
3.00781,19.4957,-0.755626E-01
3.00842,19.4996,0.280222E-01
3.00903,19.5036,0.483088E-01
3.00964,19.5075,0.579638E-01
3.01025,19.5115,-0.429674E-02
3.01086,19.5155,0.311545E-02
3.01147,19.5194,0.245616E-01
3.01208,19.5234,-0.203994
3.01270,19.5273,0.230042E-01
3.01331,19.5313,0.606320E-01
3.01392,19.5352,0.172196
3.01453,19.5392,0.364831E-01
3.01514,19.5432,0.933771E-01
3.01575,19.5471,0.728694E-01
3.01636,19.5511,-0.212844E-01
3.01697,19.5550,-0.119591
3.01758,19.5590,0.967586E-01
3.01819,19.5629,0.108089
3.01880,19.5669,0.102757E-01
3.01941,19.5708,0.517983E-01
3.02002,19.5748,0.120079
3.02063,19.5788,0.571609E-01
3.02124,19.5827,0.220836
3.02185,19.5867,-0.916283E-01
3.02246,19.5906,0.269656E-02
3.02307,19.5946,-0.283965E-01
3.02368,19.5985,0.292048E-01
3.02429,19.6025,-0.420997E-01
3.02490,19.6065,0.273992E-03
3.02551,19.6104,0.779546E-02
3.02612,19.6144,-0.526387E-01
3.02673,19.6183,-0.268715E-01
3.02734,19.6223,-0.781714E-02
3.02795,19.6262,-0.106318E-01
3.02856,19.6302,0.548446E-02
3.02917,19.6341,-0.140744E-01
3.02979,19.6381,0.298364E-02
3.03040,19.6421,0.467254E-03
3.03101,19.6460,-0.909310E-02
3.03162,19.6500,0.475998E-01
3.03223,19.6539,0.448884E-01
3.03284,19.6579,0.224735E-01
3.03345,19.6618,0.411842E-01
3.03406,19.6658,-0.641282E-02
3.03467,19.6697,0.597343E-01
3.03528,19.6737,0.219636
3.03589,19.6777,0.515297E-01
3.03650,19.6816,0.172489E-02
3.03711,19.6856,-0.980671E-02
3.03772,19.6895,-0.124540E-01
3.03833,19.6935,0.137634E-02
3.03894,19.6974,-0.217990E-03
3.03955,19.7014,-0.701790E-02
3.04016,19.7054,0.156197
3.04077,19.7093,0.978997E-01
3.04138,19.7133,0.910870E-01
3.04199,19.7172,0.167093E-01
3.04260,19.7212,-0.100490
3.04321,19.7251,-0.624513E-01
3.04382,19.7291,0.735781E-01
3.04443,19.7330,-0.338152E-01
3.04504,19.7370,0.159146
3.04565,19.7410,0.206351
3.04626,19.7449,0.650416E-01
3.04688,19.7489,0.197488E-01
3.04749,19.7528,-0.520513E-01
3.04810,19.7568,0.784736E-01
3.04871,19.7607,-0.141323
3.04932,19.7647,-0.807034E-01
3.04993,19.7687,0.100039
3.05054,19.7726,0.196738
3.05115,19.7766,0.101675
3.05176,19.7805,-0.843931E-01
3.05237,19.7845,0.506978E-01
3.05298,19.7884,0.232476E-01
3.05359,19.7924,-0.341388E-01
3.05420,19.7963,0.653896E-02
3.05481,19.8003,0.984833E-01
3.05542,19.8043,-0.216222
3.05603,19.8082,-0.276276E-02
3.05664,19.8122,0.510950E-01
3.05725,19.8161,0.254709E-01
3.05786,19.8201,-0.410661E-01
3.05847,19.8240,0.203794E-02
3.05908,19.8280,-0.218476E-01
3.05969,19.8319,0.671406E-02
3.06030,19.8359,-0.298722E-01
3.06091,19.8399,0.114618E-01
3.06152,19.8438,-0.115971E-01
3.06213,19.8478,-0.934264E-03
3.06274,19.8517,-0.561657E-01
3.06335,19.8557,0.432400E-01
3.06396,19.8596,0.249071
3.06458,19.8636,-0.140164E-01
3.06519,19.8676,0.726919E-04
3.06580,19.8715,0.128778
3.06641,19.8755,0.115074E-01
3.06702,19.8794,0.741065E-02
3.06763,19.8834,-0.422964E-01
3.06824,19.8873,0.405311E-01
3.06885,19.8913,-0.585022E-02
3.06946,19.8952,0.966265E-01
3.07007,19.8992,-0.209521E-01
3.07068,19.9032,0.536043E-01
3.07129,19.9071,0.170048E-01
3.07190,19.9111,-0.666966E-02
3.07251,19.9150,-0.371986E-01
3.07312,19.9190,-0.158195E-01
3.07373,19.9229,0.117594
3.07434,19.9269,-0.118487
3.07495,19.9309,0.114537E-01
3.07556,19.9348,0.633906E-01
3.07617,19.9388,0.219794E-01
3.07678,19.9427,0.120183
3.07739,19.9467,-0.576309E-01
3.07800,19.9506,0.123012
3.07861,19.9546,-0.169592
3.07922,19.9585,-0.151580
3.07983,19.9625,0.853888E-03
3.08044,19.9665,-0.906888E-01
3.08105,19.9704,-0.183923
3.08167,19.9744,-0.519232E-01
3.08228,19.9783,-0.920411E-02
3.08289,19.9823,0.368967E-01
3.08350,19.9862,-0.516941E-01
3.08411,19.9902,-0.627401E-01
3.08472,19.9941,-0.808632E-01
3.08533,19.9981,-0.247734E-01
3.08594,20.0021,0.195994E-01
3.08655,20.0060,-0.537647E-02
3.08716,20.0100,0.761089E-01
3.08777,20.0139,-0.278230E-01
3.08838,20.0179,-0.326184E-01
3.08899,20.0218,-0.142382
3.08960,20.0258,-0.255720E-01
3.09021,20.0298,0.356890E-01
3.09082,20.0337,0.296998E-01
3.09143,20.0377,-0.980891E-01
3.09204,20.0416,0.256162E-02
3.09265,20.0456,-0.129430
3.09326,20.0495,-0.736730E-01
3.09387,20.0535,-0.140870E-01
3.09448,20.0574,-0.616459E-01
3.09509,20.0614,-0.170295
3.09570,20.0654,0.687738E-01
3.09631,20.0693,-0.665648E-01
3.09692,20.0733,0.966850E-01
3.09753,20.0772,-0.167278E-01
3.09814,20.0812,0.822695E-01
3.09875,20.0851,0.340320E-01
3.09937,20.0891,0.457421E-02
3.09998,20.0931,0.101823
3.10059,20.0970,-0.763531E-01
3.10120,20.1010,0.134297E-01
3.10181,20.1049,0.279994
3.10242,20.1089,-0.429659E-01
3.10303,20.1128,0.257461E-01
3.10364,20.1168,0.208123E-01
3.10425,20.1207,-0.186370E-02
3.10486,20.1247,-0.491077E-01
3.10547,20.1287,-0.192118
3.10608,20.1326,0.536040E-01
3.10669,20.1366,0.934092E-02
3.10730,20.1405,-0.198917E-01
3.10791,20.1445,0.786399E-01
3.10852,20.1484,0.106611E-01
3.10913,20.1524,0.144662
3.10974,20.1563,0.425654E-01
3.11035,20.1603,0.283069E-01
3.11096,20.1643,-0.716991E-02
3.11157,20.1682,-0.588133E-02
3.11218,20.1722,-0.354120E-01
3.11279,20.1761,-0.961906E-02
3.11340,20.1801,0.223307E-01
3.11401,20.1840,0.852781E-01
3.11462,20.1880,-0.775646E-01
3.11523,20.1920,-0.639561E-02
3.11584,20.1959,-0.105968
3.11646,20.1999,0.191519E-01
3.11707,20.2038,-0.229778E-01
3.11768,20.2078,0.570337E-01
3.11829,20.2117,-0.224179E-01
3.11890,20.2157,-0.472872E-01
3.11951,20.2196,-0.672848E-02
3.12012,20.2236,-0.278917E-01
3.12073,20.2276,-0.593880E-01
3.12134,20.2315,0.304409E-01
3.12195,20.2355,0.759070E-01
3.12256,20.2394,0.989955E-02
3.12317,20.2434,0.115399
3.12378,20.2473,0.799015E-01
3.12439,20.2513,-0.320355E-01
3.12500,20.2553,-0.410757E-01
3.12561,20.2592,0.329440E-01
3.12622,20.2632,-0.375123E-01
3.12683,20.2671,-0.402302E-01
3.12744,20.2711,0.443500E-01
3.12805,20.2750,-0.156506E-02
3.12866,20.2790,0.226046E-01
3.12927,20.2829,0.289271E-03
3.12988,20.2869,0.306322E-01
3.13049,20.2909,-0.123364E-02
3.13110,20.2948,-0.397906E-01
3.13171,20.2988,0.415365E-01
3.13232,20.3027,-0.104848E-01
3.13293,20.3067,0.661659E-01
3.13354,20.3106,0.212355E-01
3.13416,20.3146,-0.754152E-01
3.13477,20.3186,0.386099E-01
3.13538,20.3225,0.120983E-01
3.13599,20.3265,0.110718
3.13660,20.3304,-0.107265
3.13721,20.3344,-0.106420
3.13782,20.3383,0.435664E-01
3.13843,20.3423,0.112482
3.13904,20.3462,-0.306025E-01
3.13965,20.3502,0.873251E-01
3.14026,20.3542,-0.568406E-01
3.14087,20.3581,-0.241618E-01
3.14148,20.3621,-0.293724E-01
3.14209,20.3660,0.216965E-01
3.14270,20.3700,-0.278755E-01
3.14331,20.3739,-0.939790E-01
3.14392,20.3779,0.673997E-01
3.14453,20.3818,0.402195E-01
3.14514,20.3858,-0.322919E-01
3.14575,20.3898,-0.360659E-01
3.14636,20.3937,0.221706E-01
3.14697,20.3977,0.462343E-01
3.14758,20.4016,-0.428976E-01
3.14819,20.4056,0.820849E-02
3.14880,20.4095,0.102350
3.14941,20.4135,0.957028E-02
3.15002,20.4175,0.147981E-01
3.15063,20.4214,0.291950E-02
3.15125,20.4254,-0.334160E-01
3.15186,20.4293,0.131800
3.15247,20.4333,0.325089E-01
3.15308,20.4372,-0.161302E-02
3.15369,20.4412,0.737764E-01
3.15430,20.4451,0.205310E-01
3.15491,20.4491,-0.458475E-01
3.15552,20.4531,0.974964E-01
3.15613,20.4570,0.110269
3.15674,20.4610,-0.425884E-01
3.15735,20.4649,-0.481337E-01
3.15796,20.4689,-0.497750E-01
3.15857,20.4728,-0.562918E-02
3.15918,20.4768,0.530975E-01
3.15979,20.4808,-0.903764E-01
3.16040,20.4847,0.149548
3.16101,20.4887,0.850461E-02
3.16162,20.4926,0.322345E-01
3.16223,20.4966,-0.103435E-01
3.16284,20.5005,-0.246262E-01
3.16345,20.5045,0.163599E-02
3.16406,20.5084,0.313255E-01
3.16467,20.5124,0.196414E-01
3.16528,20.5164,0.635379E-01
3.16589,20.5203,0.377708E-02
3.16650,20.5243,0.161659E-01
3.16711,20.5282,-0.140611
3.16772,20.5322,-0.816775E-03
3.16833,20.5361,0.134236
3.16895,20.5401,0.703236E-01
3.16956,20.5440,0.109799E-02
3.17017,20.5480,0.210842E-01
3.17078,20.5520,-0.961858E-02
3.17139,20.5559,0.442992E-01
3.17200,20.5599,-0.463505E-01
3.17261,20.5638,-0.218481E-01
3.17322,20.5678,-0.518559E-01
3.17383,20.5717,-0.338955E-01
3.17444,20.5757,-0.901062E-02
3.17505,20.5797,0.113391E-01
3.17566,20.5836,-0.510762E-01
3.17627,20.5876,-0.390416E-01
3.17688,20.5915,0.135738
3.17749,20.5955,0.411649E-01
3.17810,20.5994,0.160423
3.17871,20.6034,-0.139803E-01
3.17932,20.6073,0.496406E-02
3.17993,20.6113,0.144997
3.18054,20.6153,-0.469273E-01
3.18115,20.6192,0.215522
3.18176,20.6232,0.158300
3.18237,20.6271,-0.690941E-01
3.18298,20.6311,0.128984
3.18359,20.6350,0.483241E-01
3.18420,20.6390,-0.491872E-02
3.18481,20.6430,-0.470366E-01
3.18542,20.6469,0.164750E-01
3.18604,20.6509,-0.294101E-01
3.18665,20.6548,-0.668218E-01
3.18726,20.6588,0.828826E-01
3.18787,20.6627,0.233005E-01
3.18848,20.6667,0.524543E-01
3.18909,20.6706,-0.329309E-01
3.18970,20.6746,-0.114157E-01
3.19031,20.6786,0.830201E-01
3.19092,20.6825,-0.905002E-02
3.19153,20.6865,-0.474205E-01
3.19214,20.6904,-0.183433
3.19275,20.6944,-0.290435E-01
3.19336,20.6983,-0.550918E-01
3.19397,20.7023,-0.258078E-01
3.19458,20.7062,-0.227565E-02
3.19519,20.7102,-0.150195E-01
3.19580,20.7142,0.226370E-01
3.19641,20.7181,-0.186671E-01
3.19702,20.7221,0.139497
3.19763,20.7260,-0.141097E-01
3.19824,20.7300,0.733545E-01
3.19885,20.7339,-0.475594E-02
3.19946,20.7379,-0.270259E-01
3.20007,20.7419,-0.233531
3.20068,20.7458,-0.189896E-01
3.20129,20.7498,-0.466492E-01
3.20190,20.7537,0.164991E-01
3.20251,20.7577,-0.134235E-02
3.20312,20.7616,0.591832E-03
3.20374,20.7656,0.436519E-01
3.20435,20.7695,-0.141649E-01
3.20496,20.7735,-0.224285E-02
3.20557,20.7775,-0.115089
3.20618,20.7814,0.656191E-01
3.20679,20.7854,-0.188309E-01
3.20740,20.7893,-0.118134E-01
3.20801,20.7933,0.524161E-01
3.20862,20.7972,0.163120E-01
3.20923,20.8012,0.925818E-01
3.20984,20.8052,-0.825801E-02
3.21045,20.8091,0.502372E-01
3.21106,20.8131,-0.543527E-01
3.21167,20.8170,-0.412710E-02
3.21228,20.8210,-0.958003E-01
3.21289,20.8249,0.297877E-01
3.21350,20.8289,-0.252272E-01
3.21411,20.8328,-0.251492E-01
3.21472,20.8368,0.246840E-01
3.21533,20.8408,-0.754531E-01
3.21594,20.8447,0.398460E-02
3.21655,20.8487,0.441159E-01
3.21716,20.8526,0.117848
3.21777,20.8566,0.266988E-01
3.21838,20.8605,-0.287338E-01
3.21899,20.8645,-0.218736E-01
3.21960,20.8684,0.123355
3.22021,20.8724,-0.456333E-02
3.22083,20.8764,0.349028E-01
3.22144,20.8803,0.981727E-02
3.22205,20.8843,0.440549E-01
3.22266,20.8882,0.869303E-02
3.22327,20.8922,-0.772818E-01
3.22388,20.8961,-0.231578E-01
3.22449,20.9001,-0.720887E-01
3.22510,20.9041,-0.136015E-01
3.22571,20.9080,-0.614986E-02
3.22632,20.9120,-0.623894E-01
3.22693,20.9159,0.597677E-01
3.22754,20.9199,-0.130858
3.22815,20.9238,-0.829227E-02
3.22876,20.9278,-0.997764E-02
3.22937,20.9317,-0.238721E-01
3.22998,20.9357,0.426022E-02
3.23059,20.9397,-0.156647E-01
3.23120,20.9436,0.696113E-01
3.23181,20.9476,0.172993E-01
3.23242,20.9515,0.145471E-01
3.23303,20.9555,0.575086E-01
3.23364,20.9594,0.288801E-01
3.23425,20.9634,0.268345E-01
3.23486,20.9674,-0.584731E-01
3.23547,20.9713,0.319857E-01
3.23608,20.9753,-0.194264E-01
3.23669,20.9792,0.903131E-02
3.23730,20.9832,0.236515E-01
3.23792,20.9871,0.569707E-01
3.23853,20.9911,0.418454E-01
3.23914,20.9950,0.658245E-02
3.23975,20.9990,0.320208E-01
3.24036,21.0030,-0.100629E-01
3.24097,21.0069,0.110245E-01
3.24158,21.0109,0.330104E-01
3.24219,21.0148,0.251483E-02
3.24280,21.0188,-0.139541E-01
3.24341,21.0227,-0.469849E-01
3.24402,21.0267,0.204063E-01
3.24463,21.0306,-0.167305E-01
3.24524,21.0346,0.267474E-02
3.24585,21.0386,0.201961E-01
3.24646,21.0425,0.116890
3.24707,21.0465,0.215896E-01
3.24768,21.0504,0.931896E-01
3.24829,21.0544,-0.172935E-02
3.24890,21.0583,-0.862461E-01
3.24951,21.0623,0.332559E-01
3.25012,21.0663,-0.762349E-01
3.25073,21.0702,0.487595E-01
3.25134,21.0742,0.116707E-01
3.25195,21.0781,-0.275891E-01
3.25256,21.0821,-0.155140E-02
3.25317,21.0860,-0.854324E-01
3.25378,21.0900,-0.336108E-01
3.25439,21.0939,-0.594405E-01
3.25500,21.0979,0.103790
3.25562,21.1019,0.186982E-01
3.25623,21.1058,-0.114861E-03
3.25684,21.1098,-0.152315E-02
3.25745,21.1137,0.179993E-01
3.25806,21.1177,0.712939E-01
3.25867,21.1216,-0.818272E-02
3.25928,21.1256,-0.470783E-01
3.25989,21.1296,0.102200E-01
3.26050,21.1335,0.137483E-01
3.26111,21.1375,0.279332E-02
3.26172,21.1414,0.429964E-01
3.26233,21.1454,-0.510687E-02
3.26294,21.1493,-0.263784
3.26355,21.1533,-0.325758E-01
3.26416,21.1572,-0.897467E-01
3.26477,21.1612,-0.191998
3.26538,21.1652,0.316318E-01
3.26599,21.1691,-0.170397
3.26660,21.1731,0.208971E-01
3.26721,21.1770,0.685144E-01
3.26782,21.1810,0.115097
3.26843,21.1849,-0.175653E-01
3.26904,21.1889,0.519599E-02
3.26965,21.1928,-0.589694E-02
3.27026,21.1968,0.566721E-01
3.27087,21.2008,0.116839E-01
3.27148,21.2047,0.733833E-01
3.27209,21.2087,0.702074E-01
3.27271,21.2126,0.466960E-01
3.27332,21.2166,-0.311238E-01
3.27393,21.2205,0.119665
3.27454,21.2245,-0.395770E-03
3.27515,21.2285,0.299734E-01
3.27576,21.2324,0.480958E-01
3.27637,21.2364,-0.733033E-01
3.27698,21.2403,0.274748E-01
3.27759,21.2443,-0.939907E-01
3.27820,21.2482,-0.542218E-02
3.27881,21.2522,0.164170E-01
3.27942,21.2561,0.296216E-01
3.28003,21.2601,-0.642265E-01
3.28064,21.2641,0.201599E-01
3.28125,21.2680,-0.150353E-01
3.28186,21.2720,-0.287188E-01
3.28247,21.2759,0.433827E-01
3.28308,21.2799,-0.692617E-02
3.28369,21.2838,0.121038
3.28430,21.2878,0.270233E-01
3.28491,21.2918,-0.143899
3.28552,21.2957,0.108663
3.28613,21.2997,0.172235E-01
3.28674,21.3036,-0.106088
3.28735,21.3076,-0.190377E-01
3.28796,21.3115,-0.180043E-01
3.28857,21.3155,-0.574190E-01
3.28918,21.3194,0.128020E-01
3.28979,21.3234,0.553666E-01
3.29041,21.3274,0.251878E-01
3.29102,21.3313,0.241971E-01
3.29163,21.3353,-0.474356E-01
3.29224,21.3392,0.355915E-02
3.29285,21.3432,0.178792E-02
3.29346,21.3471,-0.603994E-01
3.29407,21.3511,-0.619468E-02
3.29468,21.3550,-0.194286E-01
3.29529,21.3590,0.134576
3.29590,21.3630,-0.272074E-01
3.29651,21.3669,-0.954187E-01
3.29712,21.3709,-0.784248E-02
3.29773,21.3748,0.149457E-01
3.29834,21.3788,0.686609E-01
3.29895,21.3827,0.273961E-01
3.29956,21.3867,-0.127621
3.30017,21.3907,0.761040E-01
3.30078,21.3946,-0.630789E-01
3.30139,21.3986,0.215822E-01
3.30200,21.4025,-0.133262
3.30261,21.4065,0.740671E-01
3.30322,21.4104,0.473776E-01
3.30383,21.4144,-0.971147E-03
3.30444,21.4183,-0.536862E-01
3.30505,21.4223,0.218415E-01
3.30566,21.4263,0.376053E-01
3.30627,21.4302,0.429221E-01
3.30688,21.4342,-0.502524E-01
3.30750,21.4381,0.166719E-02
3.30811,21.4421,0.194597E-02
3.30872,21.4460,0.202102E-01
3.30933,21.4500,-0.472249E-02
3.30994,21.4540,-0.760740E-02
3.31055,21.4579,-0.976720E-01
3.31116,21.4619,-0.194053E-01
3.31177,21.4658,0.167295E-01
3.31238,21.4698,-0.373685E-01
3.31299,21.4737,-0.357171E-01
3.31360,21.4777,0.130742E-01
3.31421,21.4816,0.839197E-01
3.31482,21.4856,-0.119859E-01
3.31543,21.4896,-0.165354E-01
3.31604,21.4935,0.290541E-02
3.31665,21.4975,-0.236915E-02
3.31726,21.5014,-0.260508E-02
3.31787,21.5054,-0.364755E-01
3.31848,21.5093,-0.205623E-01
3.31909,21.5133,-0.132256
3.31970,21.5172,0.150876E-01
3.32031,21.5212,-0.688136E-03
3.32092,21.5252,-0.864886E-02
3.32153,21.5291,-0.839515E-02
3.32214,21.5331,-0.998657E-02
3.32275,21.5370,0.108355
3.32336,21.5410,-0.509240E-02
3.32397,21.5449,-0.124847E-01
3.32458,21.5489,-0.156357
3.32520,21.5529,0.858394E-02
3.32581,21.5568,-0.801777E-01
3.32642,21.5608,-0.924622E-02
3.32703,21.5647,-0.731609E-02
3.32764,21.5687,0.773301E-01
3.32825,21.5726,0.113522
3.32886,21.5766,-0.225668E-01
3.32947,21.5805,0.108692
3.33008,21.5845,0.431235E-01
3.33069,21.5885,-0.937338E-01
3.33130,21.5924,-0.466480E-02
3.33191,21.5964,-0.473040E-01
3.33252,21.6003,0.133570E-02
3.33313,21.6043,-0.526747E-01
3.33374,21.6082,0.660271E-01
3.33435,21.6122,0.163278
3.33496,21.6162,0.651188E-01
3.33557,21.6201,-0.868249E-02
3.33618,21.6241,-0.456935E-01
3.33679,21.6280,0.701215E-01
3.33740,21.6320,-0.187731E-01
3.33801,21.6359,-0.993361E-01
3.33862,21.6399,0.236165E-01
3.33923,21.6438,-0.330751E-02
3.33984,21.6478,-0.191269E-01
3.34045,21.6518,-0.121587E-01
3.34106,21.6557,-0.526470E-01
3.34167,21.6597,0.135641
3.34229,21.6636,-0.910687E-01
3.34290,21.6676,0.771683E-02
3.34351,21.6715,0.431996E-01
3.34412,21.6755,-0.140252E-01
3.34473,21.6794,0.304371E-01
3.34534,21.6834,-0.288643E-01
3.34595,21.6874,0.901499E-02
3.34656,21.6913,0.823453E-01
3.34717,21.6953,0.564663E-01
3.34778,21.6992,-0.710790E-01
3.34839,21.7032,-0.367461E-02
3.34900,21.7071,0.290168E-01
3.34961,21.7111,0.117908E-02
3.35022,21.7151,-0.100386
3.35083,21.7190,-0.230059E-01
3.35144,21.7230,-0.132961E-01
3.35205,21.7269,-0.220878E-02
3.35266,21.7309,0.163041E-01
3.35327,21.7348,-0.153978E-01
3.35388,21.7388,0.151831
3.35449,21.7427,0.615022E-01
3.35510,21.7467,0.178246
3.35571,21.7507,-0.238609E-01
3.35632,21.7546,-0.551440E-02
3.35693,21.7586,0.127887E-01
3.35754,21.7625,0.206186E-01
3.35815,21.7665,0.321344E-01
3.35876,21.7704,-0.433570E-03
3.35938,21.7744,0.126866E-01
3.35999,21.7784,-0.446938E-01
3.36060,21.7823,0.192837
3.36121,21.7863,0.155463E-01
3.36182,21.7902,-0.169034E-01
3.36243,21.7942,0.356158E-01
3.36304,21.7981,0.336274E-01
3.36365,21.8021,0.197141
3.36426,21.8060,-0.575910E-01
3.36487,21.8100,0.772835E-01
3.36548,21.8140,0.694146E-01
3.36609,21.8179,-0.351475E-01
3.36670,21.8219,0.305838E-01
3.36731,21.8258,-0.506350E-01
3.36792,21.8298,-0.829158E-02
3.36853,21.8337,-0.898689E-02
3.36914,21.8377,0.952311E-01
3.36975,21.8417,0.847800E-01
3.37036,21.8456,0.185565E-01
3.37097,21.8496,0.332533E-01
3.37158,21.8535,-0.277054E-01
3.37219,21.8575,0.739615E-01
3.37280,21.8614,-0.359195E-01
3.37341,21.8654,-0.228788E-01
3.37402,21.8693,0.435811E-02
3.37463,21.8733,0.213437E-01
3.37524,21.8773,0.481091E-01
3.37585,21.8812,-0.127568
3.37646,21.8852,-0.505384E-01
3.37708,21.8891,-0.211460E-01
3.37769,21.8931,-0.750572E-01
3.37830,21.8970,0.133889E-01
3.37891,21.9010,-0.101564
3.37952,21.9049,-0.297969
3.38013,21.9089,0.333986E-01
3.38074,21.9129,-0.245928E-01
3.38135,21.9168,0.744792E-01
3.38196,21.9208,-0.130455
3.38257,21.9247,0.133538E-01
3.38318,21.9287,0.147781E-01
3.38379,21.9326,0.447286E-01
3.38440,21.9366,0.682030E-02
3.38501,21.9406,0.811672E-01
3.38562,21.9445,0.758261E-03
3.38623,21.9485,0.546883E-01
3.38684,21.9524,0.122342
3.38745,21.9564,0.975826E-02
3.38806,21.9603,0.139701E-01
3.38867,21.9643,-0.243552E-01
3.38928,21.9682,-0.183003E-01
3.38989,21.9722,-0.440412E-01
3.39050,21.9762,-0.192255E-01
3.39111,21.9801,0.491757E-01
3.39172,21.9841,0.125527
3.39233,21.9880,-0.128893E-01
3.39294,21.9920,-0.546498E-01
3.39355,21.9959,-0.782089E-01
3.39417,21.9999,0.165807
3.39478,22.0039,0.232536E-01
3.39539,22.0078,0.603810E-01
3.39600,22.0118,-0.433449E-02
3.39661,22.0157,-0.575134E-02
3.39722,22.0197,0.126895E-01
3.39783,22.0236,0.157687
3.39844,22.0276,-0.164919E-02
3.39905,22.0315,-0.176701
3.39966,22.0355,-0.150446
3.40027,22.0395,0.199477E-01
3.40088,22.0434,0.934840E-02
3.40149,22.0474,-0.488832E-01
3.40210,22.0513,-0.294186E-01
3.40271,22.0553,0.510624E-01
3.40332,22.0592,-0.176738E-01
3.40393,22.0632,-0.103574E-01
3.40454,22.0671,-0.244753
3.40515,22.0711,0.321641E-01
3.40576,22.0751,-0.672646E-01
3.40637,22.0790,0.294287E-01
3.40698,22.0830,-0.253434E-01
3.40759,22.0869,-0.163844E-01
3.40820,22.0909,-0.137637
3.40881,22.0948,-0.272986E-01
3.40942,22.0988,-0.791094E-01
3.41003,22.1028,0.978907E-02
3.41064,22.1067,-0.976239E-01
3.41125,22.1107,0.125467E-01
3.41187,22.1146,-0.125975
3.41248,22.1186,-0.316218E-01
3.41309,22.1225,0.992765E-02
3.41370,22.1265,0.115002
3.41431,22.1304,-0.372494E-01
3.41492,22.1344,0.177235E-01
3.41553,22.1384,-0.161395
3.41614,22.1423,-0.645708E-01
3.41675,22.1463,0.524378E-01
3.41736,22.1502,0.408133E-01
3.41797,22.1542,0.684849E-01
3.41858,22.1581,0.776912E-01
3.41919,22.1621,-0.469155E-01
3.41980,22.1661,-0.294935E-01
3.42041,22.1700,-0.254392E-02
3.42102,22.1740,0.416987E-01
3.42163,22.1779,0.543699E-01
3.42224,22.1819,-0.266544E-01
3.42285,22.1858,-0.257899E-01
3.42346,22.1898,0.117487
3.42407,22.1937,-0.943838E-02
3.42468,22.1977,0.128616E-01
3.42529,22.2017,0.193986E-01
3.42590,22.2056,-0.402008E-01
3.42651,22.2096,0.193060E-01
3.42712,22.2135,0.358220E-02
3.42773,22.2175,0.388877E-01
3.42834,22.2214,0.304294E-01
3.42896,22.2254,-0.287429E-02
3.42957,22.2293,-0.643941E-01
3.43018,22.2333,0.207494E-01
3.43079,22.2373,0.877960E-02
3.43140,22.2412,0.841245E-02
3.43201,22.2452,0.425071E-02
3.43262,22.2491,-0.872802E-01
3.43323,22.2531,0.394926E-01
3.43384,22.2570,-0.151578E-02
3.43445,22.2610,0.764040E-02
3.43506,22.2650,0.217201E-01
3.43567,22.2689,0.783553E-02
3.43628,22.2729,0.134249E-01
3.43689,22.2768,0.115148E-01
3.43750,22.2808,0.402013E-02
3.43811,22.2847,-0.200912E-01
3.43872,22.2887,-0.160405
3.43933,22.2926,0.488029E-01
3.43994,22.2966,-0.118668
3.44055,22.3006,-0.215104E-01
3.44116,22.3045,0.142572
3.44177,22.3085,0.183175E-01
3.44238,22.3124,-0.435274E-01
3.44299,22.3164,0.348636E-01
3.44360,22.3203,-0.745104E-03
3.44421,22.3243,0.682567E-01
3.44482,22.3283,-0.130218E-01
3.44543,22.3322,0.376497E-01
3.44604,22.3362,0.199502E-01
3.44666,22.3401,0.166522E-01
3.44727,22.3441,-0.181027E-01
3.44788,22.3480,0.144630
3.44849,22.3520,-0.353037E-01
3.44910,22.3559,0.585252E-01
3.44971,22.3599,0.354135E-01
3.45032,22.3639,-0.117802
3.45093,22.3678,0.221860E-01
3.45154,22.3718,-0.313078E-02
3.45215,22.3757,-0.759833E-01
3.45276,22.3797,-0.414332E-02
3.45337,22.3836,-0.108772E-01
3.45398,22.3876,0.786891E-02
3.45459,22.3915,-0.705286E-01
3.45520,22.3955,0.606656E-01
3.45581,22.3995,-0.155303E-02
3.45642,22.4034,-0.112516
3.45703,22.4074,0.133381
3.45764,22.4113,0.648995E-01
3.45825,22.4153,-0.459200E-01
3.45886,22.4192,0.180155E-01
3.45947,22.4232,-0.236261E-01
3.46008,22.4272,0.474181E-03
3.46069,22.4311,0.348375E-01
3.46130,22.4351,-0.840570E-01
3.46191,22.4390,0.670932E-01
3.46252,22.4430,-0.626660E-01
3.46313,22.4469,-0.503472E-01
3.46375,22.4509,0.143664E-01
3.46436,22.4548,0.149802
3.46497,22.4588,-0.715062E-01
3.46558,22.4628,-0.124558E-01
3.46619,22.4667,0.509887E-01
3.46680,22.4707,-0.623914E-01
3.46741,22.4746,-0.432819E-01
3.46802,22.4786,-0.659785E-02
3.46863,22.4825,-0.758979E-02
3.46924,22.4865,0.145889E-02
3.46985,22.4905,-0.162614E-01
3.47046,22.4944,0.236607E-01
3.47107,22.4984,-0.115038
3.47168,22.5023,-0.542194E-01
3.47229,22.5063,-0.357481E-02
3.47290,22.5102,-0.820904E-01
3.47351,22.5142,0.289843E-01
3.47412,22.5181,-0.347152E-01
3.47473,22.5221,-0.766192E-01
3.47534,22.5261,0.597790E-02
3.47595,22.5300,0.538124E-02
3.47656,22.5340,-0.121024
3.47717,22.5379,0.155816E-01
3.47778,22.5419,-0.106561
3.47839,22.5458,-0.139510E-01
3.47900,22.5498,0.985778E-02
3.47961,22.5537,0.746710E-02
3.48022,22.5577,0.124567E-01
3.48083,22.5617,-0.379832E-01
3.48145,22.5656,0.697965E-01
3.48206,22.5696,0.361528E-02
3.48267,22.5735,-0.514967E-01
3.48328,22.5775,-0.316013E-01
3.48389,22.5814,0.713900E-01
3.48450,22.5854,0.361845E-01
3.48511,22.5894,-0.145628E-01
3.48572,22.5933,-0.153210E-01
3.48633,22.5973,0.398274E-01
3.48694,22.6012,0.240845E-01
3.48755,22.6052,0.172672
3.48816,22.6091,0.375595E-01
3.48877,22.6131,-0.159698E-01
3.48938,22.6170,0.587488E-01
3.48999,22.6210,-0.211899E-01
3.49060,22.6250,0.585899E-01
3.49121,22.6289,-0.303397E-02
3.49182,22.6329,0.278056E-01
3.49243,22.6368,-0.164582E-01
3.49304,22.6408,-0.628473E-01
3.49365,22.6447,-0.562647E-01
3.49426,22.6487,-0.455873E-01
3.49487,22.6527,-0.128767
3.49548,22.6566,-0.275648E-01
3.49609,22.6606,-0.190081E-01
3.49670,22.6645,0.822958E-01
3.49731,22.6685,0.951426E-04
3.49792,22.6724,-0.327596E-01
3.49854,22.6764,-0.346429E-01
3.49915,22.6803,-0.784614E-02
3.49976,22.6843,-0.708728E-02
3.50037,22.6883,0.263184
3.50098,22.6922,-0.789921E-02
3.50159,22.6962,-0.495027E-01
3.50220,22.7001,0.146580E-01
3.50281,22.7041,-0.287298E-01
3.50342,22.7080,0.407547E-01
3.50403,22.7120,0.299563E-01
3.50464,22.7159,-0.141579E-01
3.50525,22.7199,0.112086
3.50586,22.7239,0.329321E-01
3.50647,22.7278,0.236466E-01
3.50708,22.7318,-0.176670E-01
3.50769,22.7357,-0.297714E-01
3.50830,22.7397,-0.105418
3.50891,22.7436,-0.614794E-02
3.50952,22.7476,-0.682804E-01
3.51013,22.7516,-0.249579E-01
3.51074,22.7555,0.135959E-01
3.51135,22.7595,-0.449320E-02
3.51196,22.7634,0.588308E-01
3.51257,22.7674,0.338925E-01
3.51318,22.7713,0.144612E-02
3.51379,22.7753,-0.112826E-01
3.51440,22.7792,0.408610E-01
3.51501,22.7832,0.167117
3.51562,22.7872,-0.610507E-02
3.51624,22.7911,0.109068
3.51685,22.7951,-0.121563
3.51746,22.7990,0.254687E-01
3.51807,22.8030,0.135636
3.51868,22.8069,-0.640149E-01
3.51929,22.8109,0.725567E-02
3.51990,22.8149,0.663731E-02
3.52051,22.8188,-0.626847E-02
3.52112,22.8228,0.971428E-02
3.52173,22.8267,-0.355806E-01
3.52234,22.8307,-0.463829E-02
3.52295,22.8346,0.274074E-01
3.52356,22.8386,0.269100E-01
3.52417,22.8425,0.389179E-01
3.52478,22.8465,0.710337E-01
3.52539,22.8505,0.244464E-01
3.52600,22.8544,-0.975834E-01
3.52661,22.8584,-0.776360E-02
3.52722,22.8623,-0.115139
3.52783,22.8663,0.210884E-01
3.52844,22.8702,-0.149530E-02
3.52905,22.8742,0.356681E-01
3.52966,22.8781,-0.873445E-01
3.53027,22.8821,0.364538E-01
3.53088,22.8861,0.855812E-01
3.53149,22.8900,0.123018E-01
3.53210,22.8940,0.498116E-01
3.53271,22.8979,-0.703903E-01
3.53333,22.9019,0.957256E-02
3.53394,22.9058,0.167572E-01
3.53455,22.9098,-0.102102E-01
3.53516,22.9138,0.260868
3.53577,22.9177,0.503841E-01
3.53638,22.9217,0.510057E-02
3.53699,22.9256,0.197888
3.53760,22.9296,0.988786E-01
3.53821,22.9335,-0.442671E-01
3.53882,22.9375,-0.915188E-03
3.53943,22.9414,0.139647
3.54004,22.9454,0.947870E-01
3.54065,22.9494,0.293702E-01
3.54126,22.9533,-0.154877
3.54187,22.9573,0.165785E-01
3.54248,22.9612,-0.959260E-01
3.54309,22.9652,0.830464E-02
3.54370,22.9691,-0.441139E-01
3.54431,22.9731,-0.934025E-01
3.54492,22.9771,-0.103256
3.54553,22.9810,0.521638E-01
3.54614,22.9850,-0.853028E-02
3.54675,22.9889,-0.487602E-01
3.54736,22.9929,0.246193E-01
3.54797,22.9968,0.755178E-01
3.54858,23.0008,0.172702E-01
3.54919,23.0047,-0.613637E-01
3.54980,23.0087,0.179215E-01
3.55042,23.0127,-0.239821E-03
3.55103,23.0166,-0.183298E-01
3.55164,23.0206,-0.126458E-01
3.55225,23.0245,0.959006E-01
3.55286,23.0285,-0.249023E-01
3.55347,23.0324,0.136140E-01
3.55408,23.0364,-0.348662E-01
3.55469,23.0403,0.694728E-02
3.55530,23.0443,-0.307153E-01
3.55591,23.0483,0.425855E-02
3.55652,23.0522,0.337600E-01
3.55713,23.0562,-0.287703E-01
3.55774,23.0601,-0.130065E-01
3.55835,23.0641,0.483942E-01
3.55896,23.0680,0.288559E-01
3.55957,23.0720,-0.446428E-01
3.56018,23.0760,-0.411899E-01
3.56079,23.0799,0.149785
3.56140,23.0839,0.107777
3.56201,23.0878,-0.251550E-01
3.56262,23.0918,0.386323E-01
3.56323,23.0957,0.286263
3.56384,23.0997,0.377953E-01
3.56445,23.1036,-0.847393E-01
3.56506,23.1076,0.583557E-02
3.56567,23.1116,0.109871
3.56628,23.1155,-0.748864E-01
3.56689,23.1195,0.662566E-01
3.56750,23.1234,0.442501E-01
3.56812,23.1274,-0.878492E-02
3.56873,23.1313,-0.559722E-01
3.56934,23.1353,0.119054E-01
3.56995,23.1393,0.286502E-01
3.57056,23.1432,-0.183955E-01
3.57117,23.1472,-0.661093E-03
3.57178,23.1511,-0.559752E-01
3.57239,23.1551,0.617844E-01
3.57300,23.1590,-0.607201E-02
3.57361,23.1630,-0.956747E-01
3.57422,23.1669,-0.871893E-01
3.57483,23.1709,-0.354951E-01
3.57544,23.1749,0.116857
3.57605,23.1788,0.133149E-02
3.57666,23.1828,-0.162782E-01
3.57727,23.1867,0.665686E-01
3.57788,23.1907,-0.840444E-01
3.57849,23.1946,0.837686E-01
3.57910,23.1986,-0.221992E-01
3.57971,23.2025,0.211007E-01
3.58032,23.2065,0.158723E-01
3.58093,23.2105,0.444606E-01
3.58154,23.2144,-0.996100E-02
3.58215,23.2184,0.135356E-01
3.58276,23.2223,-0.346111E-01
3.58337,23.2263,-0.896190E-01
3.58398,23.2302,0.813020E-02
3.58459,23.2342,-0.532226E-01
3.58521,23.2382,-0.986632E-01
3.58582,23.2421,0.250536E-01
3.58643,23.2461,-0.889634E-01
3.58704,23.2500,-0.105748
3.58765,23.2540,-0.107838E-01
3.58826,23.2579,0.921573E-01
3.58887,23.2619,0.132827
3.58948,23.2658,0.105985
3.59009,23.2698,0.257958E-01
3.59070,23.2738,-0.556382E-03
3.59131,23.2777,-0.575919E-01
3.59192,23.2817,0.241405
3.59253,23.2856,-0.176574
3.59314,23.2896,0.215126E-01
3.59375,23.2935,0.974372E-02
3.59436,23.2975,-0.108750
3.59497,23.3015,0.157336E-01
3.59558,23.3054,-0.340434E-01
3.59619,23.3094,-0.171207E-01
3.59680,23.3133,-0.538116E-01
3.59741,23.3173,0.253824E-01
3.59802,23.3212,-0.422092E-01
3.59863,23.3252,0.131407
3.59924,23.3291,0.444897E-01
3.59985,23.3331,0.446608E-01
3.60046,23.3371,-0.510236E-01
3.60107,23.3410,-0.728966E-03
3.60168,23.3450,-0.416102E-01
3.60229,23.3489,-0.312469E-01
3.60291,23.3529,0.923221E-01
3.60352,23.3568,-0.531267E-01
3.60413,23.3608,-0.780029E-01
3.60474,23.3648,-0.790927E-03
3.60535,23.3687,0.910327E-01
3.60596,23.3727,0.369160E-01
3.60657,23.3766,0.111978
3.60718,23.3806,0.231530E-01
3.60779,23.3845,-0.873646E-01
3.60840,23.3885,0.396006E-03
3.60901,23.3924,0.975534E-01
3.60962,23.3964,-0.561973E-01
3.61023,23.4004,0.159362E-01
3.61084,23.4043,0.152061E-01
3.61145,23.4083,0.213942E-01
3.61206,23.4122,0.527724E-01
3.61267,23.4162,0.123240
3.61328,23.4201,-0.151629E-01
3.61389,23.4241,0.633945E-02
3.61450,23.4280,-0.661743E-02
3.61511,23.4320,-0.877983E-02
3.61572,23.4360,0.256262E-01
3.61633,23.4399,-0.358017E-02
3.61694,23.4439,-0.221146E-01
3.61755,23.4478,0.460621E-02
3.61816,23.4518,0.730292E-02
3.61877,23.4557,-0.606487E-01
3.61938,23.4597,0.171327E-02
3.62000,23.4637,-0.488156E-01
3.62061,23.4676,0.973252E-02
3.62122,23.4716,0.677023E-02
3.62183,23.4755,-0.413407E-01
3.62244,23.4795,0.377172E-01
3.62305,23.4834,-0.184297E-01
3.62366,23.4874,0.197113E-01
3.62427,23.4913,0.385634E-01
3.62488,23.4953,-0.306974E-02
3.62549,23.4993,-0.458519E-01
3.62610,23.5032,-0.557325E-02
3.62671,23.5072,-0.311777E-01
3.62732,23.5111,0.523273E-01
3.62793,23.5151,0.654282E-02
3.62854,23.5190,0.215377
3.62915,23.5230,0.152016
3.62976,23.5270,-0.581208E-01
3.63037,23.5309,0.800689E-01
3.63098,23.5349,0.189342E-01
3.63159,23.5388,-0.177662E-01
3.63220,23.5428,0.597578E-02
3.63281,23.5467,-0.117504
3.63342,23.5507,0.413822E-01
3.63403,23.5546,0.249233
3.63464,23.5586,0.172478E-01
3.63525,23.5626,-0.391170E-01
3.63586,23.5665,0.518449E-01
3.63647,23.5705,0.305134E-01
3.63708,23.5744,-0.102870E-01
3.63770,23.5784,-0.135746E-02
3.63831,23.5823,0.317413E-02
3.63892,23.5863,-0.136102E-01
3.63953,23.5902,0.218910E-01
3.64014,23.5942,-0.993522E-01
3.64075,23.5982,-0.323074E-01
3.64136,23.6021,-0.865416E-02
3.64197,23.6061,0.693036E-01
3.64258,23.6100,0.100477
3.64319,23.6140,-0.727793E-02
3.64380,23.6179,0.821143E-01
3.64441,23.6219,-0.226987E-01
3.64502,23.6259,0.501741E-01
3.64563,23.6298,-0.635129E-01
3.64624,23.6338,-0.439392E-01
3.64685,23.6377,0.114745
3.64746,23.6417,-0.316620E-02
3.64807,23.6456,-0.143850
3.64868,23.6496,0.135429E-01
3.64929,23.6535,-0.102579E-01
3.64990,23.6575,-0.549014E-01
3.65051,23.6615,-0.256311E-01
3.65112,23.6654,0.201338
3.65173,23.6694,-0.699805E-02
3.65234,23.6733,0.457868E-01
3.65295,23.6773,0.293946
3.65356,23.6812,-0.213175E-01
3.65417,23.6852,0.850653E-01
3.65479,23.6892,0.413401E-01
3.65540,23.6931,-0.221946E-01
3.65601,23.6971,-0.396538E-02
3.65662,23.7010,0.252941E-01
3.65723,23.7050,-0.515461E-01
3.65784,23.7089,0.358952E-01
3.65845,23.7129,-0.531855E-01
3.65906,23.7168,-0.168661
3.65967,23.7208,-0.993060E-01
3.66028,23.7248,0.112749
3.66089,23.7287,0.397342E-01
3.66150,23.7327,0.457603E-01
3.66211,23.7366,-0.207602E-01
3.66272,23.7406,0.920977E-01
3.66333,23.7445,0.589068E-01
3.66394,23.7485,0.459356E-03
3.66455,23.7524,-0.489956E-01
3.66516,23.7564,0.455607E-01
3.66577,23.7604,-0.588683E-01
3.66638,23.7643,-0.116306
3.66699,23.7683,-0.850635E-02
3.66760,23.7722,0.246276E-02
3.66821,23.7762,-0.103145E-01
3.66882,23.7801,0.175931E-01
3.66943,23.7841,0.886935E-01
3.67004,23.7881,-0.295495E-01
3.67065,23.7920,-0.532805E-01
3.67126,23.7960,-0.331055E-01
3.67188,23.7999,-0.123012E-01
3.67249,23.8039,-0.528646E-01
3.67310,23.8078,-0.665811E-01
3.67371,23.8118,-0.279931E-01
3.67432,23.8157,-0.508889E-01
3.67493,23.8197,-0.712973E-02
3.67554,23.8237,0.136289
3.67615,23.8276,0.270955E-01
3.67676,23.8316,0.457786E-01
3.67737,23.8355,0.871642E-02
3.67798,23.8395,-0.287982E-01
3.67859,23.8434,-0.169330
3.67920,23.8474,0.126120E-01
3.67981,23.8514,-0.142805
3.68042,23.8553,0.234198E-02
3.68103,23.8593,0.133917
3.68164,23.8632,0.602597E-01
3.68225,23.8672,0.873295E-03
3.68286,23.8711,0.400546E-02
3.68347,23.8751,-0.795759E-01
3.68408,23.8790,0.138105
3.68469,23.8830,0.113087
3.68530,23.8870,0.136394
3.68591,23.8909,-0.213760E-01
3.68652,23.8949,0.330242E-01
3.68713,23.8988,-0.175525
3.68774,23.9028,-0.825924E-01
3.68835,23.9067,-0.265668E-01
3.68896,23.9107,-0.564013E-01
3.68958,23.9146,-0.330515E-01
3.69019,23.9186,-0.441112E-01
3.69080,23.9226,0.145212E-01
3.69141,23.9265,0.791505E-01
3.69202,23.9305,-0.421320E-01
3.69263,23.9344,0.823116E-03
3.69324,23.9384,-0.327682E-01
3.69385,23.9423,0.590895E-01
3.69446,23.9463,-0.977992E-02
3.69507,23.9503,-0.139376
3.69568,23.9542,0.117974E-02
3.69629,23.9582,0.106895
3.69690,23.9621,0.125868
3.69751,23.9661,-0.713379E-01
3.69812,23.9700,0.370144E-01
3.69873,23.9740,-0.223656E-01
3.69934,23.9779,-0.376172E-01
3.69995,23.9819,-0.116736
3.70056,23.9859,0.275010E-02
3.70117,23.9898,0.140249
3.70178,23.9938,-0.467916E-01
3.70239,23.9977,0.611378E-02
3.70300,24.0017,-0.106230E-01
3.70361,24.0056,0.313537E-01
3.70422,24.0096,-0.620796E-01
3.70483,24.0136,0.283122E-01
3.70544,24.0175,0.418693E-01
3.70605,24.0215,0.402444E-01
3.70667,24.0254,-0.433503E-01
3.70728,24.0294,-0.284601E-01
3.70789,24.0333,0.966780E-01
3.70850,24.0373,-0.199457E-01
3.70911,24.0412,0.382674E-01
3.70972,24.0452,0.787196E-01
3.71033,24.0492,0.447056E-02
3.71094,24.0531,-0.383774E-01
3.71155,24.0571,0.328529E-01
3.71216,24.0610,0.491899E-03
3.71277,24.0650,0.563944E-02
3.71338,24.0689,0.110846E-01
3.71399,24.0729,-0.861381E-02
3.71460,24.0768,-0.593487E-02
3.71521,24.0808,0.616113E-01
3.71582,24.0848,0.111585E-01
3.71643,24.0887,-0.136867E-01
3.71704,24.0927,0.164786E-01
3.71765,24.0966,0.123952
3.71826,24.1006,0.414880E-02
3.71887,24.1045,0.304214E-01
3.71948,24.1085,-0.649556E-02
3.72009,24.1125,-0.597890E-01
3.72070,24.1164,0.630336E-02
3.72131,24.1204,-0.109702
3.72192,24.1243,0.808688E-01
3.72253,24.1283,-0.904066E-02
3.72314,24.1322,-0.332735E-01
3.72375,24.1362,-0.592309E-01
3.72437,24.1401,0.442609E-01
3.72498,24.1441,0.486597E-01
3.72559,24.1481,0.251492E-01
3.72620,24.1520,0.388340E-01
3.72681,24.1560,-0.383333E-01
3.72742,24.1599,0.480353E-02
3.72803,24.1639,0.215431E-01
3.72864,24.1678,0.340677E-01
3.72925,24.1718,0.481050E-01
3.72986,24.1758,0.678466E-01
3.73047,24.1797,0.390278E-01
3.73108,24.1837,0.637777E-01
3.73169,24.1876,0.561544E-01
3.73230,24.1916,0.826729E-02
3.73291,24.1955,0.169735E-01
3.73352,24.1995,-0.996670E-01
3.73413,24.2034,-0.212547E-01
3.73474,24.2074,-0.350642E-01
3.73535,24.2114,-0.548109E-01
3.73596,24.2153,0.184245E-01
3.73657,24.2193,0.734789E-02
3.73718,24.2232,-0.254049E-01
3.73779,24.2272,0.528838E-01
3.73840,24.2311,-0.300646E-01
3.73901,24.2351,0.107006
3.73962,24.2390,0.267634E-01
3.74023,24.2430,0.259024E-01
3.74084,24.2470,-0.842730E-01
3.74146,24.2509,-0.157554E-01
3.74207,24.2549,0.425719E-01
3.74268,24.2588,0.393166E-01
3.74329,24.2628,-0.391090E-01
3.74390,24.2667,0.311048E-01
3.74451,24.2707,0.488581E-01
3.74512,24.2747,0.465344E-01
3.74573,24.2786,-0.333162E-01
3.74634,24.2826,0.180764E-01
3.74695,24.2865,0.900892E-01
3.74756,24.2905,0.276451E-01
3.74817,24.2944,-0.372986E-01
3.74878,24.2984,0.221060E-02
3.74939,24.3023,-0.799978E-02
3.75000,24.3063,-0.135879E-01
3.75061,24.3103,0.103417E-01
3.75122,24.3142,0.140289E-01
3.75183,24.3182,-0.108300
3.75244,24.3221,-0.103348E-01
3.75305,24.3261,0.200808E-02
3.75366,24.3300,-0.117242E-01
3.75427,24.3340,-0.383307E-01
3.75488,24.3380,0.845713E-01
3.75549,24.3419,-0.230277E-01
3.75610,24.3459,0.723422E-02
3.75671,24.3498,-0.433203E-01
3.75732,24.3538,0.183336E-01
3.75793,24.3577,-0.112753E-01
3.75854,24.3617,-0.171790
3.75916,24.3656,-0.455993E-01
3.75977,24.3696,0.498417E-01
3.76038,24.3736,0.546918E-02
3.76099,24.3775,-0.147419
3.76160,24.3815,0.155192E-02
3.76221,24.3854,0.123920E-01
3.76282,24.3894,-0.469274E-01
3.76343,24.3933,-0.270236E-01
3.76404,24.3973,0.217778
3.76465,24.4012,0.258710E-01
3.76526,24.4052,0.890984E-01
3.76587,24.4092,-0.573727E-01
3.76648,24.4131,-0.376908E-01
3.76709,24.4171,0.513020E-01
3.76770,24.4210,0.675320E-01
3.76831,24.4250,-0.163002E-01
3.76892,24.4289,-0.190773E-02
3.76953,24.4329,-0.115115
3.77014,24.4369,-0.937728E-02
3.77075,24.4408,0.130508E-02
3.77136,24.4448,-0.201644E-02
3.77197,24.4487,0.584525E-02
3.77258,24.4527,0.329949E-02
3.77319,24.4566,-0.808116E-01
3.77380,24.4606,0.691787E-01
3.77441,24.4645,0.334351E-01
3.77502,24.4685,-0.107932E-01
3.77563,24.4725,0.564024E-01
3.77625,24.4764,-0.361734E-01
3.77686,24.4804,0.162224E-01
3.77747,24.4843,0.290457E-01
3.77808,24.4883,-0.121059E-01
3.77869,24.4922,0.402745E-01
3.77930,24.4962,-0.773685E-02
3.77991,24.5002,0.752898E-01
3.78052,24.5041,0.548691E-01
3.78113,24.5081,-0.103421E-01
3.78174,24.5120,0.255364E-02
3.78235,24.5160,0.726783E-02
3.78296,24.5199,0.117237
3.78357,24.5239,-0.111994E-01
3.78418,24.5278,0.388631E-01
3.78479,24.5318,0.559056E-01
3.78540,24.5358,0.346478E-02
3.78601,24.5397,-0.843751E-01
3.78662,24.5437,0.101238
3.78723,24.5476,0.556343E-01
3.78784,24.5516,-0.490869E-01
3.78845,24.5555,-0.730094E-02
3.78906,24.5595,0.143120E-02
3.78967,24.5634,-0.581010E-02
3.79028,24.5674,-0.525871E-01
3.79089,24.5714,-0.528089E-01
3.79150,24.5753,0.252985E-01
3.79211,24.5793,-0.139614E-01
3.79272,24.5832,-0.386248E-01
3.79333,24.5872,-0.460872E-02
3.79395,24.5911,0.119159
3.79456,24.5951,-0.289477E-01
3.79517,24.5991,-0.169618E-01
3.79578,24.6030,-0.739199E-01
3.79639,24.6070,0.198768E-01
3.79700,24.6109,-0.298557E-02
3.79761,24.6149,0.242198E-01
3.79822,24.6188,-0.240577E-01
3.79883,24.6228,-0.443390E-01
3.79944,24.6267,0.413306E-01
3.80005,24.6307,0.385927E-02
3.80066,24.6347,0.154810E-01
3.80127,24.6386,0.858561E-03
3.80188,24.6426,0.753908E-02
3.80249,24.6465,-0.975471E-01
3.80310,24.6505,-0.239405E-01
3.80371,24.6544,-0.424551E-01
3.80432,24.6584,-0.434503E-02
3.80493,24.6624,0.140309E-01
3.80554,24.6663,0.760235E-01
3.80615,24.6703,-0.138645
3.80676,24.6742,0.350047E-02
3.80737,24.6782,-0.218490E-01
3.80798,24.6821,-0.769444E-02
3.80859,24.6861,0.117295
3.80920,24.6900,0.438452E-02
3.80981,24.6940,-0.958141E-01
3.81042,24.6980,-0.220584E-01
3.81104,24.7019,-0.732818E-01
3.81165,24.7059,-0.396059E-01
3.81226,24.7098,0.348124E-01
3.81287,24.7138,0.210579E-01
3.81348,24.7177,-0.500552E-01
3.81409,24.7217,-0.230242E-02
3.81470,24.7256,0.841565E-01
3.81531,24.7296,0.225338E-01
3.81592,24.7336,0.546823E-01
3.81653,24.7375,0.310859E-01
3.81714,24.7415,0.900291E-02
3.81775,24.7454,0.171284E-01
3.81836,24.7494,-0.219816E-01
3.81897,24.7533,-0.186630E-01
3.81958,24.7573,-0.527910E-01
3.82019,24.7613,0.368168E-01
3.82080,24.7652,-0.135833E-03
3.82141,24.7692,0.680502E-01
3.82202,24.7731,0.232065E-01
3.82263,24.7771,-0.663472E-01
3.82324,24.7810,-0.846464E-02
3.82385,24.7850,-0.771847E-02
3.82446,24.7889,-0.176296E-01
3.82507,24.7929,0.875349E-02
3.82568,24.7969,0.142456
3.82629,24.8008,-0.177691E-01
3.82690,24.8048,0.362938E-01
3.82751,24.8087,0.789163E-01
3.82812,24.8127,0.234001E-02
3.82874,24.8166,0.251724E-02
3.82935,24.8206,-0.305449E-04
3.82996,24.8246,-0.204698E-01
3.83057,24.8285,0.631835E-01
3.83118,24.8325,0.297066E-01
3.83179,24.8364,-0.145507E-02
3.83240,24.8404,0.968021E-03
3.83301,24.8443,0.172966E-01
3.83362,24.8483,0.246062E-01
3.83423,24.8522,0.247087
3.83484,24.8562,0.874096E-01
3.83545,24.8602,-0.131178
3.83606,24.8641,0.123788
3.83667,24.8681,0.258162E-01
3.83728,24.8720,0.262452E-01
3.83789,24.8760,0.661001E-02
3.83850,24.8799,0.208725E-01
3.83911,24.8839,-0.652860E-01
3.83972,24.8879,0.729352E-02
3.84033,24.8918,0.343944E-01
3.84094,24.8958,-0.870150E-01
3.84155,24.8997,-0.553669E-01
3.84216,24.9037,-0.272386E-01
3.84277,24.9076,-0.175433E-01
3.84338,24.9116,-0.398967E-01
3.84399,24.9155,0.113925
3.84460,24.9195,-0.851926E-01
3.84521,24.9235,0.549621E-01
3.84583,24.9274,-0.195676
3.84644,24.9314,-0.832956E-03
3.84705,24.9353,-0.594791E-01
3.84766,24.9393,-0.436513E-01
3.84827,24.9432,0.130953E-01
3.84888,24.9472,-0.113607E-01
3.84949,24.9511,-0.121239E-02
3.85010,24.9551,-0.742815E-02
3.85071,24.9591,0.491491E-01
3.85132,24.9630,-0.449744E-01
3.85193,24.9670,0.531198E-01
3.85254,24.9709,0.193590E-02
3.85315,24.9749,-0.118177
3.85376,24.9788,-0.264802E-01
3.85437,24.9828,0.116086
3.85498,24.9868,0.944648E-01
3.85559,24.9907,0.316430E-01
3.85620,24.9947,-0.806660E-01
3.85681,24.9986,0.151577E-02
3.85742,25.0026,-0.476169E-03
3.85803,25.0065,-0.509226E-01
3.85864,25.0105,-0.148301E-02
3.85925,25.0144,-0.100598E-01
3.85986,25.0184,-0.314507E-01
3.86047,25.0224,0.188105E-01
3.86108,25.0263,0.810523E-01
3.86169,25.0303,0.129295E-01
3.86230,25.0342,-0.180595E-02
3.86292,25.0382,-0.463307E-01
3.86353,25.0421,-0.655844E-01
3.86414,25.0461,0.516509E-01
3.86475,25.0501,-0.201718E-01
3.86536,25.0540,0.150672
3.86597,25.0580,-0.598658E-02
3.86658,25.0619,0.736087E-02
3.86719,25.0659,-0.614541E-01
3.86780,25.0698,0.109072E-01
3.86841,25.0738,0.158561E-01
3.86902,25.0777,-0.439551E-01
3.86963,25.0817,0.296027E-01
3.87024,25.0857,-0.780154E-01
3.87085,25.0896,0.453548E-01
3.87146,25.0936,-0.230667E-01
3.87207,25.0975,-0.344248E-01
3.87268,25.1015,-0.128272E-01
3.87329,25.1054,0.485781E-01
3.87390,25.1094,-0.160782E-01
3.87451,25.1133,0.156022E-02
3.87512,25.1173,0.257616E-01
3.87573,25.1213,-0.752813E-02
3.87634,25.1252,-0.168546
3.87695,25.1292,-0.987566E-01
3.87756,25.1331,0.110491E-01
3.87817,25.1371,0.364106E-01
3.87878,25.1410,0.765168E-01
3.87939,25.1450,0.440143E-01
3.88000,25.1490,0.985703E-03
3.88062,25.1529,0.794035E-01
3.88123,25.1569,0.206751E-01
3.88184,25.1608,0.181512E-01
3.88245,25.1648,-0.421492E-01
3.88306,25.1687,0.309973E-01
3.88367,25.1727,0.205766E-02
3.88428,25.1766,-0.190007E-01
3.88489,25.1806,-0.583840E-01
3.88550,25.1846,-0.823241E-01
3.88611,25.1885,-0.247253
3.88672,25.1925,0.300522E-01
3.88733,25.1964,0.594471E-01
3.88794,25.2004,-0.572217E-01
3.88855,25.2043,-0.303785E-01
3.88916,25.2083,-0.781400E-01
3.88977,25.2123,0.205974
3.89038,25.2162,0.186559E-01
3.89099,25.2202,0.636111E-01
3.89160,25.2241,-0.949346E-01
3.89221,25.2281,-0.835743E-01
3.89282,25.2320,-0.829418E-01
3.89343,25.2360,0.112586E-01
3.89404,25.2399,-0.124339
3.89465,25.2439,-0.417449E-01
3.89526,25.2479,0.402944E-01
3.89587,25.2518,0.170498E-01
3.89648,25.2558,0.584419E-01
3.89709,25.2597,-0.132288E-01
3.89771,25.2637,-0.698651E-02
3.89832,25.2676,0.872240E-01
3.89893,25.2716,-0.711158E-01
3.89954,25.2755,0.196488E-01
3.90015,25.2795,-0.562254E-01
3.90076,25.2835,0.974653E-01
3.90137,25.2874,0.472521E-02
3.90198,25.2914,-0.547266E-01
3.90259,25.2953,0.100385
3.90320,25.2993,0.302957E-01
3.90381,25.3032,-0.370208
3.90442,25.3072,-0.214494E-01
3.90503,25.3112,0.151361E-01
3.90564,25.3151,-0.176135E-01
3.90625,25.3191,0.169113E-01
3.90686,25.3230,0.315367E-01
3.90747,25.3270,0.469097E-01
3.90808,25.3309,0.773818E-02
3.90869,25.3349,-0.303852E-01
3.90930,25.3388,0.694052E-01
3.90991,25.3428,0.695933E-02
3.91052,25.3468,-0.858716E-03
3.91113,25.3507,0.109157
3.91174,25.3547,-0.376962E-02
3.91235,25.3586,-0.511267E-02
3.91296,25.3626,0.531468E-02
3.91357,25.3665,-0.761307E-02
3.91418,25.3705,0.817622E-01
3.91479,25.3745,-0.653582E-01
3.91541,25.3784,-0.276367E-01
3.91602,25.3824,0.254005E-01
3.91663,25.3863,-0.448705E-01
3.91724,25.3903,0.500346E-01
3.91785,25.3942,-0.162839
3.91846,25.3982,-0.592910E-01
3.91907,25.4021,-0.254802E-01
3.91968,25.4061,0.397141E-02
3.92029,25.4101,-0.989286E-02
3.92090,25.4140,0.702795E-01
3.92151,25.4180,0.166065E-01
3.92212,25.4219,-0.343500E-01
3.92273,25.4259,0.506292E-01
3.92334,25.4298,-0.429170E-01
3.92395,25.4338,-0.133995E-01
3.92456,25.4377,-0.271752E-03
3.92517,25.4417,-0.487347E-01
3.92578,25.4457,-0.313260E-01
3.92639,25.4496,0.390136E-01
3.92700,25.4536,-0.121565
3.92761,25.4575,-0.537726E-01
3.92822,25.4615,-0.294101E-01
3.92883,25.4654,-0.644757E-01
3.92944,25.4694,0.574165E-02
3.93005,25.4734,-0.388622E-01
3.93066,25.4773,-0.977936E-01
3.93127,25.4813,0.461003E-02
3.93188,25.4852,-0.808716E-02
3.93250,25.4892,-0.236125E-01
3.93311,25.4931,0.717795E-02
3.93372,25.4971,-0.588839E-01
3.93433,25.5010,0.754129E-01
3.93494,25.5050,-0.496142E-01
3.93555,25.5090,0.425802E-01
3.93616,25.5129,0.157576E-02
3.93677,25.5169,0.157137
3.93738,25.5208,0.191871E-02
3.93799,25.5248,-0.555412E-01
3.93860,25.5287,-0.233094E-01
3.93921,25.5327,0.782510E-02
3.93982,25.5367,-0.392186E-02
3.94043,25.5406,0.872963E-02
3.94104,25.5446,0.259379E-01
3.94165,25.5485,0.215497
3.94226,25.5525,-0.287035E-01
3.94287,25.5564,-0.836940E-01
3.94348,25.5604,-0.554026E-02
3.94409,25.5643,0.401002E-01
3.94470,25.5683,0.328154E-01
3.94531,25.5723,-0.112434
3.94592,25.5762,-0.405366E-01
3.94653,25.5802,0.129875
3.94714,25.5841,0.490771E-01
3.94775,25.5881,0.108804
3.94836,25.5920,-0.128948E-01
3.94897,25.5960,-0.248343E-01
3.94958,25.5999,0.823629E-02
3.95020,25.6039,-0.123811E-01
3.95081,25.6079,-0.155172
3.95142,25.6118,-0.750010E-01
3.95203,25.6158,-0.353233E-01
3.95264,25.6197,-0.322024E-01
3.95325,25.6237,0.814199E-01
3.95386,25.6276,0.542254E-01
3.95447,25.6316,0.957510E-02
3.95508,25.6356,0.485530E-01
3.95569,25.6395,0.929928E-02
3.95630,25.6435,0.642008E-01
3.95691,25.6474,0.205783E-01
3.95752,25.6514,-0.219118E-01
3.95813,25.6553,0.372874E-01
3.95874,25.6593,-0.358215E-01
3.95935,25.6632,0.149308
3.95996,25.6672,0.123271E-01
3.96057,25.6712,-0.587793E-02
3.96118,25.6751,0.372884E-01
3.96179,25.6791,0.266681E-01
3.96240,25.6830,0.849517E-01
3.96301,25.6870,-0.338219E-01
3.96362,25.6909,0.118120E-01
3.96423,25.6949,-0.133212E-01
3.96484,25.6989,-0.191485E-01
3.96545,25.7028,0.148584
3.96606,25.7068,0.774800E-01
3.96667,25.7107,-0.274709E-01
3.96729,25.7147,0.116902
3.96790,25.7186,-0.903103E-02
3.96851,25.7226,-0.102488E-01
3.96912,25.7265,0.479529E-02
3.96973,25.7305,-0.360747E-01
3.97034,25.7345,0.128368E-01
3.97095,25.7384,-0.399440E-01
3.97156,25.7424,0.118081
3.97217,25.7463,-0.282366E-01
3.97278,25.7503,-0.718061E-02
3.97339,25.7542,0.747043E-01
3.97400,25.7582,-0.194574E-02
3.97461,25.7621,-0.608642E-01
3.97522,25.7661,0.351085E-01
3.97583,25.7701,0.245041E-01
3.97644,25.7740,-0.127009
3.97705,25.7780,0.153668E-01
3.97766,25.7819,0.178685E-01
3.97827,25.7859,0.180860E-02
3.97888,25.7898,-0.707112E-01
3.97949,25.7938,0.198256
3.98010,25.7978,-0.404857E-02
3.98071,25.8017,0.334998E-01
3.98132,25.8057,-0.207037E-01
3.98193,25.8096,-0.104155
3.98254,25.8136,0.447984E-01
3.98315,25.8175,-0.434250E-01
3.98376,25.8215,-0.905835E-01
3.98438,25.8254,-0.390764E-02
3.98499,25.8294,0.647038E-01
3.98560,25.8334,-0.876489E-02
3.98621,25.8373,-0.182143E-02
3.98682,25.8413,0.777823E-01
3.98743,25.8452,-0.139312E-01
3.98804,25.8492,-0.284822E-01
3.98865,25.8531,0.166444E-01
3.98926,25.8571,-0.119607E-02
3.98987,25.8611,0.140825
3.99048,25.8650,-0.418731E-01
3.99109,25.8690,-0.153328E-01
3.99170,25.8729,0.633182E-01
3.99231,25.8769,-0.407032E-01
3.99292,25.8808,0.162378E-01
3.99353,25.8848,-0.323407E-01
3.99414,25.8887,-0.387974E-02
3.99475,25.8927,-0.166516E-01
3.99536,25.8967,-0.497910E-01
3.99597,25.9006,-0.987232E-01
3.99658,25.9046,-0.654715E-01
3.99719,25.9085,-0.690124E-02
3.99780,25.9125,0.761406E-01
3.99841,25.9164,0.135916
3.99902,25.9204,0.141273E-01
3.99963,25.9243,0.173461E-02
4.00024,25.9283,-0.421044E-01
4.00085,25.9323,0.112804
4.00146,25.9362,0.878782E-02
4.00208,25.9402,0.221378E-01
4.00269,25.9441,0.829360E-01
4.00330,25.9481,-0.447098E-01
4.00391,25.9520,0.271022E-01
4.00452,25.9560,0.560940E-01
4.00513,25.9600,0.331258E-01
4.00574,25.9639,0.294426E-01
4.00635,25.9679,-0.704840E-01
4.00696,25.9718,0.842994E-01
4.00757,25.9758,-0.222037E-01
4.00818,25.9797,-0.419343E-01
4.00879,25.9837,0.116751E-01
4.00940,25.9876,0.193258E-01
4.01001,25.9916,0.359576E-01
4.01062,25.9956,-0.217767E-01
4.01123,25.9995,-0.442784E-01
4.01184,26.0035,0.491297E-01
4.01245,26.0074,-0.110874E-01
4.01306,26.0114,-0.209425E-02
4.01367,26.0153,-0.360967E-01
4.01428,26.0193,-0.451321E-01
4.01489,26.0233,-0.351877E-01
4.01550,26.0272,-0.282502E-01
4.01611,26.0312,0.823738E-01
4.01672,26.0351,-0.213859E-01
4.01733,26.0391,0.776591E-01
4.01794,26.0430,0.479370E-01
4.01855,26.0470,-0.302654E-01
4.01917,26.0509,0.187562
4.01978,26.0549,0.957727E-01
4.02039,26.0589,0.640327E-01
4.02100,26.0628,-0.361132E-01
4.02161,26.0668,0.162643E-01
4.02222,26.0707,-0.100111
4.02283,26.0747,-0.451115E-01
4.02344,26.0786,-0.609316E-02
4.02405,26.0826,0.242763E-01
4.02466,26.0865,0.126744
4.02527,26.0905,-0.502651E-02
4.02588,26.0945,-0.114379
4.02649,26.0984,0.270045E-01
4.02710,26.1024,-0.319987E-01
4.02771,26.1063,-0.394279E-01
4.02832,26.1103,0.596946E-01
4.02893,26.1142,0.106410E-01
4.02954,26.1182,0.364801E-01
4.03015,26.1222,-0.234066E-01
4.03076,26.1261,0.240566
4.03137,26.1301,0.105396E-02
4.03198,26.1340,0.663694E-01
4.03259,26.1380,-0.622366E-02
4.03320,26.1419,-0.119612E-01
4.03381,26.1459,0.498457E-01
4.03442,26.1498,0.147820
4.03503,26.1538,0.533774E-02
4.03564,26.1578,-0.113909E-01
4.03625,26.1617,-0.476085E-01
4.03687,26.1657,0.253897E-01
4.03748,26.1696,0.869385E-01
4.03809,26.1736,0.783559E-02
4.03870,26.1775,-0.700946E-01
4.03931,26.1815,0.685671E-01
4.03992,26.1855,0.124755E-01
4.04053,26.1894,-0.845889E-01
4.04114,26.1934,0.341434E-01
4.04175,26.1973,-0.157245E-01
4.04236,26.2013,0.372198E-01
4.04297,26.2052,0.378888E-02
4.04358,26.2092,-0.510101E-02
4.04419,26.2131,-0.479804E-01
4.04480,26.2171,-0.594795E-01
4.04541,26.2211,-0.641221E-01
4.04602,26.2250,-0.247477E-01
4.04663,26.2290,0.289454E-01
4.04724,26.2329,0.418844E-01
4.04785,26.2369,-0.753440E-01
4.04846,26.2408,0.146395E-02
4.04907,26.2448,-0.218600E-02
4.04968,26.2487,-0.277626E-01
4.05029,26.2527,0.371657E-01
4.05090,26.2567,-0.165942E-01
4.05151,26.2606,0.899219E-01
4.05212,26.2646,0.991565E-01
4.05273,26.2685,0.145993E-01
4.05334,26.2725,-0.384103E-01
4.05396,26.2764,-0.335466E-01
4.05457,26.2804,0.100426E-01
4.05518,26.2844,-0.246911E-01
4.05579,26.2883,0.116801E-01
4.05640,26.2923,-0.107243
4.05701,26.2962,0.337169E-01
4.05762,26.3002,0.196678E-01
4.05823,26.3041,0.612525E-01
4.05884,26.3081,-0.122237
4.05945,26.3120,0.110646
4.06006,26.3160,0.778407E-01
4.06067,26.3200,-0.491705E-01
4.06128,26.3239,0.839199E-01
4.06189,26.3279,0.734800E-01
4.06250,26.3318,0.244595E-01
4.06311,26.3358,0.308537E-01
4.06372,26.3397,-0.171551E-01
4.06433,26.3437,-0.763567E-02
4.06494,26.3477,-0.192690E-01
4.06555,26.3516,0.110382
4.06616,26.3556,0.103940
4.06677,26.3595,0.561636E-01
4.06738,26.3635,0.886304E-02
4.06799,26.3674,-0.321982E-01
4.06860,26.3714,0.586986E-01
4.06921,26.3753,0.793792E-01
4.06982,26.3793,0.937293E-01
4.07043,26.3833,-0.462454E-01
4.07104,26.3872,0.710007E-02
4.07166,26.3912,0.320231E-02
4.07227,26.3951,-0.130182E-02
4.07288,26.3991,-0.112127E-01
4.07349,26.4030,0.153989E-01
4.07410,26.4070,-0.140239E-01
4.07471,26.4110,-0.122501E-01
4.07532,26.4149,-0.102398
4.07593,26.4189,-0.428249E-01
4.07654,26.4228,-0.244822E-01
4.07715,26.4268,-0.422934E-01
4.07776,26.4307,-0.202864E-01
4.07837,26.4347,0.117956
4.07898,26.4386,0.200747E-01
4.07959,26.4426,-0.686665E-01
4.08020,26.4466,0.755225E-02
4.08081,26.4505,-0.754200E-01
4.08142,26.4545,-0.235299E-01
4.08203,26.4584,0.304727E-01
4.08264,26.4624,0.427120E-01
4.08325,26.4663,-0.252665E-01
4.08386,26.4703,0.522713E-01
4.08447,26.4742,-0.482194E-02
4.08508,26.4782,-0.721859E-01
4.08569,26.4822,0.222752E-01
4.08630,26.4861,-0.182683E-01
4.08691,26.4901,0.273484E-01
4.08752,26.4940,-0.728705E-02
4.08813,26.4980,-0.836614E-01
4.08875,26.5019,0.371118E-01
4.08936,26.5059,0.133785E-01
4.08997,26.5099,-0.200658E-01
4.09058,26.5138,0.716598E-01
4.09119,26.5178,-0.490766E-01
4.09180,26.5217,0.519275E-01
4.09241,26.5257,0.107568
4.09302,26.5296,0.609612E-01
4.09363,26.5336,-0.207450E-01
4.09424,26.5375,0.780689E-01
4.09485,26.5415,-0.664255E-01
4.09546,26.5455,0.445603E-01
4.09607,26.5494,-0.333627E-01
4.09668,26.5534,-0.170620E-01
4.09729,26.5573,0.533715E-01
4.09790,26.5613,0.148282
4.09851,26.5652,0.576636E-02
4.09912,26.5692,0.107201
4.09973,26.5732,-0.694560E-01
4.10034,26.5771,-0.171692E-02
4.10095,26.5811,-0.719999E-01
4.10156,26.5850,-0.264664E-01
4.10217,26.5890,0.315836E-01
4.10278,26.5929,-0.115402
4.10339,26.5969,0.124266
4.10400,26.6008,-0.204535E-01
4.10461,26.6048,0.466337E-01
4.10522,26.6088,-0.320967E-01
4.10583,26.6127,0.194755E-01
4.10645,26.6167,0.325770E-01
4.10706,26.6206,0.957358E-01
4.10767,26.6246,0.561646E-01
4.10828,26.6285,0.179911
4.10889,26.6325,0.510005E-02
4.10950,26.6364,-0.281435E-01
4.11011,26.6404,0.266492E-02
4.11072,26.6444,-0.446192E-01
4.11133,26.6483,-0.613374E-01
4.11194,26.6523,-0.469694E-02
4.11255,26.6562,-0.308301E-02
4.11316,26.6602,0.144821
4.11377,26.6641,-0.649450E-01
4.11438,26.6681,0.204257E-01
4.11499,26.6721,0.337016E-01
4.11560,26.6760,-0.135323E-01
4.11621,26.6800,-0.698709E-01
4.11682,26.6839,0.111430E-01
4.11743,26.6879,-0.193615E-01
4.11804,26.6918,-0.660174E-01
4.11865,26.6958,-0.836192E-02
4.11926,26.6997,-0.222940E-01
4.11987,26.7037,-0.383097E-01
4.12048,26.7077,0.127680
4.12109,26.7116,0.151492E-01
4.12170,26.7156,-0.739609E-01
4.12231,26.7195,-0.246630
4.12292,26.7235,0.645999E-01
4.12354,26.7274,-0.292933E-01
4.12415,26.7314,-0.205817E-02
4.12476,26.7354,-0.899290E-03
4.12537,26.7393,-0.214876E-01
4.12598,26.7433,-0.697822E-01
4.12659,26.7472,-0.487537E-02
4.12720,26.7512,-0.541051E-03
4.12781,26.7551,0.902573E-01
4.12842,26.7591,0.262028
4.12903,26.7630,-0.972593E-03
4.12964,26.7670,-0.168608E-01
4.13025,26.7710,-0.107846E-01
4.13086,26.7749,0.698202E-01
4.13147,26.7789,0.176095E-01
4.13208,26.7828,0.472731E-02
4.13269,26.7868,0.215881
4.13330,26.7907,0.138452
4.13391,26.7947,-0.103163E-02
4.13452,26.7986,0.585701E-01
4.13513,26.8026,0.425827E-01
4.13574,26.8066,-0.106022
4.13635,26.8105,0.571932E-02
4.13696,26.8145,-0.222452E-01
4.13757,26.8184,-0.449236E-01
4.13818,26.8224,-0.363643E-01
4.13879,26.8263,-0.110609E-01
4.13940,26.8303,-0.393604E-01
4.14001,26.8343,0.342893E-02
4.14062,26.8382,-0.142580
4.14124,26.8422,-0.321109E-03
4.14185,26.8461,0.150685E-01
4.14246,26.8501,-0.262085E-01
4.14307,26.8540,-0.286927E-02
4.14368,26.8580,-0.686530E-01
4.14429,26.8619,0.721752E-02
4.14490,26.8659,-0.546587E-02
4.14551,26.8699,0.243291
4.14612,26.8738,-0.637005E-01
4.14673,26.8778,-0.142599
4.14734,26.8817,0.203842E-02
4.14795,26.8857,-0.238825E-01
4.14856,26.8896,0.491746E-01
4.14917,26.8936,-0.154202E-01
4.14978,26.8976,0.732644E-02
4.15039,26.9015,0.388272E-01
4.15100,26.9055,-0.610059E-01
4.15161,26.9094,-0.628635E-01
4.15222,26.9134,-0.694829E-01
4.15283,26.9173,-0.162325E-02
4.15344,26.9213,-0.195115
4.15405,26.9252,-0.687060E-01
4.15466,26.9292,0.146653
4.15527,26.9332,0.277934E-01
4.15588,26.9371,0.146255E-01
4.15649,26.9411,0.379027E-01
4.15710,26.9450,0.271523E-01
4.15771,26.9490,-0.115028E-01
4.15833,26.9529,0.534591E-02
4.15894,26.9569,0.172830E-01
4.15955,26.9608,-0.623905E-01
4.16016,26.9648,-0.116735
4.16077,26.9688,0.319153E-01
4.16138,26.9727,0.857046E-01
4.16199,26.9767,0.438441E-02
4.16260,26.9806,0.547762E-01
4.16321,26.9846,0.358255E-01
4.16382,26.9885,-0.681170E-01
4.16443,26.9925,-0.337810E-02
4.16504,26.9965,0.237704E-02
4.16565,27.0004,-0.183749E-01
4.16626,27.0044,-0.274492E-01
4.16687,27.0083,0.679177E-01
4.16748,27.0123,0.241172E-02
4.16809,27.0162,0.122488E-01
4.16870,27.0202,0.851023E-02
4.16931,27.0241,0.917301E-02
4.16992,27.0281,0.229317E-01
4.17053,27.0321,-0.191255E-01
4.17114,27.0360,-0.914825E-01
4.17175,27.0400,-0.755246E-01
4.17236,27.0439,-0.480236E-01
4.17297,27.0479,0.374293
4.17358,27.0518,0.203211E-02
4.17419,27.0558,0.453316E-01
4.17480,27.0598,-0.133334
4.17542,27.0637,-0.989923E-01
4.17603,27.0677,0.248425E-01
4.17664,27.0716,0.435089E-01
4.17725,27.0756,-0.280610E-01
4.17786,27.0795,0.171695
4.17847,27.0835,-0.850195E-01
4.17908,27.0874,-0.458507E-01
4.17969,27.0914,-0.729709E-01
4.18030,27.0954,0.917059E-01
4.18091,27.0993,-0.274652E-01
4.18152,27.1033,0.201999E-01
4.18213,27.1072,-0.463821E-01
4.18274,27.1112,0.103903
4.18335,27.1151,-0.920970E-01
4.18396,27.1191,-0.358982E-01
4.18457,27.1230,0.340766E-01
4.18518,27.1270,0.301764E-01
4.18579,27.1310,0.105452E-01
4.18640,27.1349,0.877623E-01
4.18701,27.1389,-0.775084E-02
4.18762,27.1428,-0.156487
4.18823,27.1468,0.405328E-01
4.18884,27.1507,0.389542E-01
4.18945,27.1547,-0.130359E-02
4.19006,27.1587,0.751717E-01
4.19067,27.1626,-0.695965E-01
4.19128,27.1666,0.156292E-02
4.19189,27.1705,-0.247897E-01
4.19250,27.1745,0.221918E-02
4.19312,27.1784,-0.313370E-01
4.19373,27.1824,0.123789E-01
4.19434,27.1863,-0.829494E-01
4.19495,27.1903,0.125775E-01
4.19556,27.1943,-0.329803E-01
4.19617,27.1982,0.155227
4.19678,27.2022,-0.689963E-01
4.19739,27.2061,-0.754570E-02
4.19800,27.2101,-0.112851
4.19861,27.2140,0.175816E-01
4.19922,27.2180,0.231255E-01
4.19983,27.2220,0.107163
4.20044,27.2259,-0.520221E-01
4.20105,27.2299,0.595335E-01
4.20166,27.2338,-0.316395E-01
4.20227,27.2378,-0.200847
4.20288,27.2417,-0.695210E-01
4.20349,27.2457,0.106868E-01
4.20410,27.2496,0.445240E-01
4.20471,27.2536,-0.637557E-01
4.20532,27.2576,-0.185353E-01
4.20593,27.2615,0.638589E-01
4.20654,27.2655,-0.225607E-02
4.20715,27.2694,0.126126
4.20776,27.2734,0.127919
4.20837,27.2773,0.262285E-02
4.20898,27.2813,-0.214318E-01
4.20959,27.2852,0.203349E-01
4.21021,27.2892,-0.657970E-02
4.21082,27.2932,0.404318E-01
4.21143,27.2971,0.163056E-03
4.21204,27.3011,0.488268E-02
4.21265,27.3050,-0.740193E-02
4.21326,27.3090,-0.709054E-01
4.21387,27.3129,0.359594E-01
4.21448,27.3169,-0.453522E-01
4.21509,27.3209,0.101202
4.21570,27.3248,0.659053E-01
4.21631,27.3288,-0.120698E-01
4.21692,27.3327,-0.982924E-01
4.21753,27.3367,-0.125819E-01
4.21814,27.3406,0.497273E-01
4.21875,27.3446,-0.778351E-01
4.21936,27.3485,-0.242926E-01
4.21997,27.3525,-0.443899E-01
4.22058,27.3565,-0.354648E-01
4.22119,27.3604,0.367291E-02
4.22180,27.3644,-0.487182E-01
4.22241,27.3683,-0.315533E-01
4.22302,27.3723,0.874314E-01
4.22363,27.3762,0.336522E-01
4.22424,27.3802,-0.354576E-02
4.22485,27.3842,0.248649E-01
4.22546,27.3881,-0.805891E-01
4.22607,27.3921,0.418819E-02
4.22668,27.3960,-0.480345E-02
4.22729,27.4000,0.463374E-01
4.22791,27.4039,-0.132117E-01
4.22852,27.4079,-0.120121
4.22913,27.4118,0.946426E-02
4.22974,27.4158,0.141069
4.23035,27.4198,-0.648912E-01
4.23096,27.4237,0.332696E-01
4.23157,27.4277,0.798401E-02
4.23218,27.4316,-0.197115E-01
4.23279,27.4356,-0.805024E-01
4.23340,27.4395,0.301057E-01
4.23401,27.4435,0.952286E-01
4.23462,27.4474,-0.632765E-01
4.23523,27.4514,-0.222809E-01
4.23584,27.4554,0.217735E-02
4.23645,27.4593,-0.629976E-01
4.23706,27.4633,0.203838
4.23767,27.4672,0.696600E-01
4.23828,27.4712,0.110761E-01
4.23889,27.4751,-0.273466E-01
4.23950,27.4791,0.181308E-01
4.24011,27.4831,0.899259E-01
4.24072,27.4870,-0.211430E-01
4.24133,27.4910,0.115970
4.24194,27.4949,-0.915243E-01
4.24255,27.4989,0.118593
4.24316,27.5028,0.166182E-02
4.24377,27.5068,-0.116373
4.24438,27.5107,0.167210E-01
4.24500,27.5147,0.124691E-01
4.24561,27.5187,0.636750E-01
4.24622,27.5226,0.780625E-01
4.24683,27.5266,-0.834129E-01
4.24744,27.5305,0.187918
4.24805,27.5345,0.137057E-01
4.24866,27.5384,0.213402E-02
4.24927,27.5424,-0.137594
4.24988,27.5464,0.157571E-01
4.25049,27.5503,0.112472E-03
4.25110,27.5543,-0.461094E-02
4.25171,27.5582,0.178014E-02
4.25232,27.5622,0.108593
4.25293,27.5661,0.345899E-01
4.25354,27.5701,-0.446208E-01
4.25415,27.5740,-0.106231E-01
4.25476,27.5780,-0.234644E-01
4.25537,27.5820,-0.160523E-01
4.25598,27.5859,-0.383121E-01
4.25659,27.5899,0.285375E-01
4.25720,27.5938,0.355555E-01
4.25781,27.5978,-0.207053E-01
4.25842,27.6017,0.107608E-01
4.25903,27.6057,0.391311E-01
4.25964,27.6096,0.170907E-01
4.26025,27.6136,-0.140465E-01
4.26086,27.6176,-0.165096E-02
4.26147,27.6215,0.355629E-01
4.26208,27.6255,-0.366897E-01
4.26270,27.6294,0.155134E-01
4.26331,27.6334,0.211873E-01
4.26392,27.6373,-0.586738E-02
4.26453,27.6413,0.143656
4.26514,27.6453,-0.248989E-01
4.26575,27.6492,0.118206E-01
4.26636,27.6532,0.362262E-01
4.26697,27.6571,0.152045E-01
4.26758,27.6611,0.284884E-02
4.26819,27.6650,0.572150E-01
4.26880,27.6690,0.366301E-01
4.26941,27.6729,-0.132417E-01
4.27002,27.6769,-0.474779E-01
4.27063,27.6809,0.144741E-01
4.27124,27.6848,-0.259301E-01
4.27185,27.6888,0.281914E-01
4.27246,27.6927,-0.561990E-01
4.27307,27.6967,-0.104254
4.27368,27.7006,0.193139E-01
4.27429,27.7046,0.102864E-01
4.27490,27.7086,0.102005E-01
4.27551,27.7125,-0.303292E-02
4.27612,27.7165,0.698189E-01
4.27673,27.7204,-0.276007E-01
4.27734,27.7244,0.153546E-01
4.27795,27.7283,0.126657E-01
4.27856,27.7323,0.793940E-01
4.27917,27.7362,0.334435E-01
4.27979,27.7402,-0.333585E-02
4.28040,27.7442,0.367383E-01
4.28101,27.7481,0.900562E-01
4.28162,27.7521,-0.227425E-01
4.28223,27.7560,-0.157250
4.28284,27.7600,0.186486E-01
4.28345,27.7639,-0.185053E-01
4.28406,27.7679,-0.255516E-02
4.28467,27.7718,-0.208424E-01
4.28528,27.7758,0.366121E-01
4.28589,27.7798,-0.621964E-02
4.28650,27.7837,0.969893E-01
4.28711,27.7877,0.249097E-01
4.28772,27.7916,-0.113944E-01
4.28833,27.7956,-0.809781E-02
4.28894,27.7995,-0.709089E-01
4.28955,27.8035,-0.322087E-01
4.29016,27.8075,-0.788663E-02
4.29077,27.8114,-0.446610E-01
4.29138,27.8154,0.440712E-01
4.29199,27.8193,-0.256391E-01
4.29260,27.8233,-0.146638E-01
4.29321,27.8272,-0.296101E-01
4.29382,27.8312,0.304853E-01
4.29443,27.8351,-0.159119E-01
4.29504,27.8391,-0.137916
4.29565,27.8431,0.410772E-01
4.29626,27.8470,-0.810681E-01
4.29688,27.8510,-0.886031E-01
4.29749,27.8549,-0.779997E-01
4.29810,27.8589,-0.141752
4.29871,27.8628,0.148923E-01
4.29932,27.8668,0.255799E-01
4.29993,27.8708,-0.615458E-01
4.30054,27.8747,0.180756
4.30115,27.8787,-0.167054E-01
4.30176,27.8826,-0.212078E-01
4.30237,27.8866,0.240256E-01
4.30298,27.8905,0.312619E-02
4.30359,27.8945,0.129843
4.30420,27.8984,-0.777391E-01
4.30481,27.9024,0.915684E-02
4.30542,27.9064,-0.234022E-01
4.30603,27.9103,-0.711289E-01
4.30664,27.9143,0.878793E-02
4.30725,27.9182,0.217914E-01
4.30786,27.9222,-0.929886E-01
4.30847,27.9261,-0.375625E-01
4.30908,27.9301,0.266126E-01
4.30969,27.9341,-0.266061E-01
4.31030,27.9380,0.100984
4.31091,27.9420,-0.317707E-01
4.31152,27.9459,0.144783E-01
4.31213,27.9499,0.439690E-01
4.31274,27.9538,0.486712E-01
4.31335,27.9578,-0.248163E-02
4.31396,27.9617,-0.114524
4.31458,27.9657,-0.386940E-02
4.31519,27.9697,-0.805522E-01
4.31580,27.9736,-0.616733E-01
4.31641,27.9776,-0.169712E-01
4.31702,27.9815,0.821673E-01
4.31763,27.9855,0.216847E-01
4.31824,27.9894,-0.233062E-01
4.31885,27.9934,-0.754847E-01
4.31946,27.9973,-0.183091E-01
4.32007,28.0013,-0.676089E-01
4.32068,28.0053,0.120273
4.32129,28.0092,0.119734
4.32190,28.0132,-0.117978
4.32251,28.0171,0.510969E-02
4.32312,28.0211,0.126419E-01
4.32373,28.0250,0.109046
4.32434,28.0290,-0.655209E-03
4.32495,28.0330,0.148724E-01
4.32556,28.0369,0.330692E-01
4.32617,28.0409,0.494011E-01
4.32678,28.0448,-0.985995E-01
4.32739,28.0488,-0.269297E-01
4.32800,28.0527,0.305346E-01
4.32861,28.0567,0.316190E-01
4.32922,28.0606,0.478008E-01
4.32983,28.0646,0.798903E-01
4.33044,28.0686,-0.351731E-01
4.33105,28.0725,0.627790E-01
4.33167,28.0765,0.348899E-02
4.33228,28.0804,0.169434E-01
4.33289,28.0844,0.210762E-01
4.33350,28.0883,-0.156414
4.33411,28.0923,-0.317326E-03
4.33472,28.0963,0.316222E-01
4.33533,28.1002,-0.781565E-01
4.33594,28.1042,-0.158148E-01
4.33655,28.1081,0.476293E-02
4.33716,28.1121,-0.130204E-01
4.33777,28.1160,-0.170889
4.33838,28.1200,-0.690838E-01
4.33899,28.1239,0.332699E-01
4.33960,28.1279,-0.887048E-01
4.34021,28.1319,-0.280429E-01
4.34082,28.1358,0.461691E-01
4.34143,28.1398,0.622162E-02
4.34204,28.1437,-0.691812E-02
4.34265,28.1477,-0.130745E-01
4.34326,28.1516,-0.418395E-01
4.34387,28.1556,0.380739E-01
4.34448,28.1595,-0.284063E-01
4.34509,28.1635,0.334062E-02
4.34570,28.1675,-0.605948E-01
4.34631,28.1714,-0.422951E-01
4.34692,28.1754,-0.192360E-01
4.34753,28.1793,-0.608637E-01
4.34814,28.1833,0.403186E-01
4.34875,28.1872,0.890172E-02
4.34937,28.1912,0.154429E-01
4.34998,28.1952,0.484064E-03
4.35059,28.1991,0.215521E-01
4.35120,28.2031,0.861932E-01
4.35181,28.2070,-0.197122E-01
4.35242,28.2110,-0.181121E-01
4.35303,28.2149,-0.523184E-01
4.35364,28.2189,-0.298713E-01
4.35425,28.2228,-0.138427
4.35486,28.2268,0.354057E-02
4.35547,28.2308,-0.108726E-01
4.35608,28.2347,-0.346588E-01
4.35669,28.2387,-0.478450E-01
4.35730,28.2426,0.120837E-01
4.35791,28.2466,0.429163E-01
4.35852,28.2505,-0.160879E-01
4.35913,28.2545,0.185966E-01
4.35974,28.2585,-0.793753E-02
4.36035,28.2624,0.373541E-01
4.36096,28.2664,0.213502E-01
4.36157,28.2703,0.883532E-01
4.36218,28.2743,0.258815E-01
4.36279,28.2782,-0.548845E-01
4.36340,28.2822,-0.312131E-01
4.36401,28.2861,0.800932E-03
4.36462,28.2901,0.140643E-01
4.36523,28.2941,-0.637752E-01
4.36584,28.2980,0.390962E-02
4.36646,28.3020,0.725185E-01
4.36707,28.3059,-0.102850E-01
4.36768,28.3099,0.454508E-02
4.36829,28.3138,0.672969E-02
4.36890,28.3178,-0.195791E-01
4.36951,28.3217,-0.229503E-01
4.37012,28.3257,0.128707E-01
4.37073,28.3297,-0.240064E-02
4.37134,28.3336,-0.251649E-02
4.37195,28.3376,-0.167076E-01
4.37256,28.3415,-0.144250E-01
4.37317,28.3455,0.104442
4.37378,28.3494,-0.265944E-01
4.37439,28.3534,-0.617337E-01
4.37500,28.3574,-0.184328E-01
4.37561,28.3613,-0.326944E-01
4.37622,28.3653,0.118544E-01
4.37683,28.3692,-0.172506
4.37744,28.3732,-0.325971E-01
4.37805,28.3771,-0.630124E-02
4.37866,28.3811,-0.169350E-01
4.37927,28.3850,-0.885471E-02
4.37988,28.3890,-0.938860E-01
4.38049,28.3930,0.238236E-01
4.38110,28.3969,0.754464E-01
4.38171,28.4009,0.459636E-01
4.38232,28.4048,0.153026E-01
4.38293,28.4088,-0.144694
4.38354,28.4127,-0.778928E-01
4.38416,28.4167,-0.596219E-02
4.38477,28.4207,0.315542E-01
4.38538,28.4246,-0.315186E-02
4.38599,28.4286,-0.762112E-02
4.38660,28.4325,0.604021E-02
4.38721,28.4365,0.135108E-01
4.38782,28.4404,-0.960586E-02
4.38843,28.4444,0.544993E-01
4.38904,28.4483,0.437619E-01
4.38965,28.4523,0.174145E-01
4.39026,28.4563,-0.487815E-01
4.39087,28.4602,0.132732E-01
4.39148,28.4642,-0.861402E-01
4.39209,28.4681,0.481942E-01
4.39270,28.4721,0.216760E-01
4.39331,28.4760,0.207033E-01
4.39392,28.4800,-0.626142E-01
4.39453,28.4839,0.784739E-01
4.39514,28.4879,-0.908849E-01
4.39575,28.4919,-0.512797E-01
4.39636,28.4958,0.115440E-01
4.39697,28.4998,-0.290559E-01
4.39758,28.5037,0.479936E-01
4.39819,28.5077,-0.397860E-01
4.39880,28.5116,0.156095
4.39941,28.5156,-0.233678E-01
4.40002,28.5196,-0.802569E-01
4.40063,28.5235,-0.155697E-01
4.40125,28.5275,0.564363E-01
4.40186,28.5314,0.442518E-01
4.40247,28.5354,-0.200625E-01
4.40308,28.5393,0.416410E-01
4.40369,28.5433,0.133210E-01
4.40430,28.5472,0.128491E-01
4.40491,28.5512,0.515024E-01
4.40552,28.5552,0.334236E-01
4.40613,28.5591,-0.133816E-01
4.40674,28.5631,0.177892E-02
4.40735,28.5670,-0.371961
4.40796,28.5710,0.958710E-01
4.40857,28.5749,-0.300770E-01
4.40918,28.5789,0.420168E-02
4.40979,28.5829,-0.111100
4.41040,28.5868,-0.387744E-01
4.41101,28.5908,-0.613480E-02
4.41162,28.5947,0.858539E-02
4.41223,28.5987,0.127709
4.41284,28.6026,0.396492E-01
4.41345,28.6066,0.161847
4.41406,28.6105,-0.179536E-01
4.41467,28.6145,-0.137488
4.41528,28.6185,0.450651E-02
4.41589,28.6224,-0.774780E-01
4.41650,28.6264,0.623598E-01
4.41711,28.6303,0.325993E-01
4.41772,28.6343,-0.196477E-03
4.41833,28.6382,-0.208193
4.41895,28.6422,0.869244E-01
4.41956,28.6461,-0.678228E-01
4.42017,28.6501,0.382823E-01
4.42078,28.6541,-0.159513
4.42139,28.6580,-0.252562E-01
4.42200,28.6620,0.737691E-01
4.42261,28.6659,-0.295884E-01
4.42322,28.6699,0.198556E-01
4.42383,28.6738,0.196341E-01
4.42444,28.6778,-0.544276E-02
4.42505,28.6818,-0.233660E-01
4.42566,28.6857,0.335417E-01
4.42627,28.6897,-0.534956E-01
4.42688,28.6936,-0.907685E-02
4.42749,28.6976,0.386016E-01
4.42810,28.7015,-0.177120E-01
4.42871,28.7055,0.269401E-01
4.42932,28.7094,-0.284939E-01
4.42993,28.7134,0.621711E-01
4.43054,28.7174,-0.102590
4.43115,28.7213,0.120103E-01
4.43176,28.7253,0.682576E-01
4.43237,28.7292,-0.127269E-03
4.43298,28.7332,-0.400737E-01
4.43359,28.7371,0.335481E-01
4.43420,28.7411,0.149018
4.43481,28.7451,0.262906E-01
4.43542,28.7490,-0.724797E-01
4.43604,28.7530,0.696071E-01
4.43665,28.7569,-0.816924E-02
4.43726,28.7609,-0.714090E-02
4.43787,28.7648,0.548821E-01
4.43848,28.7688,-0.883967E-02
4.43909,28.7727,-0.177861E-02
4.43970,28.7767,-0.316271E-01
4.44031,28.7807,0.216359E-01
4.44092,28.7846,-0.273135E-01
4.44153,28.7886,0.915224E-02
4.44214,28.7925,-0.185431E-01
4.44275,28.7965,0.442623E-01
4.44336,28.8004,0.907099E-01
4.44397,28.8044,-0.112549
4.44458,28.8083,0.176947E-01
4.44519,28.8123,0.150421E-01
4.44580,28.8163,-0.104365
4.44641,28.8202,-0.816669E-01
4.44702,28.8242,0.439532E-01
4.44763,28.8281,-0.392599E-01
4.44824,28.8321,-0.226359E-02
4.44885,28.8360,-0.315566E-02
4.44946,28.8400,0.328345E-01
4.45007,28.8440,-0.879180E-01
4.45068,28.8479,-0.285229E-01
4.45129,28.8519,-0.501402E-01
4.45190,28.8558,-0.706991E-01
4.45251,28.8598,0.305432E-01
4.45312,28.8637,-0.665822E-02
4.45374,28.8677,0.517798E-01
4.45435,28.8716,-0.445954E-01
4.45496,28.8756,0.165506E-01
4.45557,28.8796,0.539720E-01
4.45618,28.8835,-0.569957E-01
4.45679,28.8875,-0.367786E-01
4.45740,28.8914,0.889273E-02
4.45801,28.8954,-0.144170
4.45862,28.8993,-0.342071E-01
4.45923,28.9033,-0.619728E-02
4.45984,28.9073,0.609293E-02
4.46045,28.9112,-0.675521E-01
4.46106,28.9152,-0.114964
4.46167,28.9191,0.144190E-01
4.46228,28.9231,-0.100554
4.46289,28.9270,0.656263E-02
4.46350,28.9310,-0.121254E-01
4.46411,28.9349,-0.911546E-02
4.46472,28.9389,-0.125137E-01
4.46533,28.9429,-0.901090E-01
4.46594,28.9468,-0.671650E-01
4.46655,28.9508,-0.116594
4.46716,28.9547,0.745354E-02
4.46777,28.9587,0.405212E-01
4.46838,28.9626,-0.168920E-01
4.46899,28.9666,-0.102745
4.46960,28.9705,0.112671
4.47021,28.9745,0.123914
4.47083,28.9785,0.859273E-03
4.47144,28.9824,0.177560E-01
4.47205,28.9864,-0.892999E-01
4.47266,28.9903,0.107284E-01
4.47327,28.9943,0.984869E-02
4.47388,28.9982,-0.292830E-02
4.47449,29.0022,-0.527714E-01
4.47510,29.0062,0.145414E-01
4.47571,29.0101,0.112415
4.47632,29.0141,0.912012E-01
4.47693,29.0180,-0.116394E-01
4.47754,29.0220,-0.591600E-01
4.47815,29.0259,-0.702605E-02
4.47876,29.0299,-0.554927E-02
4.47937,29.0338,-0.639840E-01
4.47998,29.0378,0.887892E-01
4.48059,29.0418,0.995062E-01
4.48120,29.0457,-0.296828E-01
4.48181,29.0497,0.767776E-01
4.48242,29.0536,-0.198768E-01
4.48303,29.0576,-0.893525E-01
4.48364,29.0615,0.538363E-01
4.48425,29.0655,0.342961E-01
4.48486,29.0695,-0.692638E-02
4.48547,29.0734,0.123881E-01
4.48608,29.0774,0.456721E-02
4.48669,29.0813,-0.491628E-01
4.48730,29.0853,0.223576
4.48792,29.0892,-0.310137E-01
4.48853,29.0932,0.187517E-01
4.48914,29.0971,-0.202960
4.48975,29.1011,-0.328194E-01
4.49036,29.1051,-0.665011E-01
4.49097,29.1090,0.528836E-02
4.49158,29.1130,0.337855E-01
4.49219,29.1169,-0.556271E-01
4.49280,29.1209,-0.348462E-01
4.49341,29.1248,0.302436E-02
4.49402,29.1288,-0.122150
4.49463,29.1327,-0.123528
4.49524,29.1367,0.116047
4.49585,29.1407,0.422050E-01
4.49646,29.1446,-0.199893E-01
4.49707,29.1486,-0.128135E-01
4.49768,29.1525,-0.565585E-02
4.49829,29.1565,0.613888E-02
4.49890,29.1604,0.867818E-01
4.49951,29.1644,0.827067E-01
4.50012,29.1684,0.588618E-01
4.50073,29.1723,-0.413605E-01
4.50134,29.1763,0.159962
4.50195,29.1802,0.301154E-01
4.50256,29.1842,-0.117729
4.50317,29.1881,-0.858020E-02
4.50378,29.1921,0.216739E-01
4.50439,29.1960,0.722633E-02
4.50500,29.2000,0.123911E-01
4.50562,29.2040,-0.138531
4.50623,29.2079,0.129500E-01
4.50684,29.2119,-0.327493E-02
4.50745,29.2158,-0.308608E-02
4.50806,29.2198,-0.913143E-01
4.50867,29.2237,0.132077
4.50928,29.2277,-0.312670E-01
4.50989,29.2317,0.748098E-01
4.51050,29.2356,-0.215005E-01
4.51111,29.2396,-0.560913E-01
4.51172,29.2435,-0.116928
4.51233,29.2475,0.112475E-01
4.51294,29.2514,-0.136121
4.51355,29.2554,-0.193256E-01
4.51416,29.2593,-0.815918E-01
4.51477,29.2633,-0.657623E-01
4.51538,29.2673,0.618494E-02
4.51599,29.2712,0.953994E-02
4.51660,29.2752,-0.374977E-01
4.51721,29.2791,0.702517E-01
4.51782,29.2831,-0.199124E-01
4.51843,29.2870,-0.548921E-01
4.51904,29.2910,0.503324E-01
4.51965,29.2950,0.668435E-01
4.52026,29.2989,0.237927E-01
4.52087,29.3029,-0.920103E-01
4.52148,29.3068,-0.119609
4.52209,29.3108,0.109920
4.52271,29.3147,-0.398637E-01
4.52332,29.3187,0.104808
4.52393,29.3226,0.854865E-01
4.52454,29.3266,0.101377
4.52515,29.3306,-0.381378E-01
4.52576,29.3345,-0.192074E-01
4.52637,29.3385,-0.164310E-02
4.52698,29.3424,0.259869E-01
4.52759,29.3464,0.811727E-01
4.52820,29.3503,0.128188E-01
4.52881,29.3543,-0.775001E-02
4.52942,29.3582,0.321816E-01
4.53003,29.3622,0.283794E-01
4.53064,29.3662,-0.710452E-01
4.53125,29.3701,-0.459411E-01
4.53186,29.3741,0.121491E-01
4.53247,29.3780,-0.806399E-01
4.53308,29.3820,0.820102E-01
4.53369,29.3859,0.428952E-01
4.53430,29.3899,0.360825E-02
4.53491,29.3939,-0.890144E-02
4.53552,29.3978,0.102680
4.53613,29.4018,-0.109919
4.53674,29.4057,0.777358E-01
4.53735,29.4097,-0.181683
4.53796,29.4136,0.149324E-01
4.53857,29.4176,-0.291437E-01
4.53918,29.4215,-0.177074
4.53979,29.4255,-0.346825E-02
4.54041,29.4295,-0.388940E-01
4.54102,29.4334,0.371992E-02
4.54163,29.4374,0.145717E-01
4.54224,29.4413,-0.284346E-01
4.54285,29.4453,-0.122652
4.54346,29.4492,0.624297E-01
4.54407,29.4532,0.415035E-02
4.54468,29.4572,-0.446831E-01
4.54529,29.4611,-0.678266E-02
4.54590,29.4651,-0.275882E-01
4.54651,29.4690,0.446937E-01
4.54712,29.4730,0.780394E-01
4.54773,29.4769,0.232369E-01
4.54834,29.4809,0.411351E-01
4.54895,29.4848,0.486913E-01
4.54956,29.4888,0.423329E-01
4.55017,29.4928,-0.144233E-01
4.55078,29.4967,0.267862E-01
4.55139,29.5007,0.582281E-02
4.55200,29.5046,0.385012E-01
4.55261,29.5086,0.138741E-01
4.55322,29.5125,0.487846E-02
4.55383,29.5165,0.209677E-01
4.55444,29.5204,0.237738E-01
4.55505,29.5244,0.761489E-01
4.55566,29.5284,0.242909E-01
4.55627,29.5323,0.544032E-01
4.55688,29.5363,-0.612488E-01
4.55750,29.5402,0.630614E-01
4.55811,29.5442,-0.365640E-01
4.55872,29.5481,-0.599421E-01
4.55933,29.5521,0.489149E-01
4.55994,29.5561,-0.305367E-01
4.56055,29.5600,0.129593E-01
4.56116,29.5640,-0.394075E-02
4.56177,29.5679,0.807055E-02
4.56238,29.5719,0.749468E-01
4.56299,29.5758,-0.359775
4.56360,29.5798,0.483073E-01
4.56421,29.5837,-0.157234E-01
4.56482,29.5877,-0.847194E-01
4.56543,29.5917,0.249235E-01
4.56604,29.5956,0.368889E-02
4.56665,29.5996,0.475052E-01
4.56726,29.6035,-0.370011E-01
4.56787,29.6075,-0.911327E-01
4.56848,29.6114,0.872736E-01
4.56909,29.6154,0.751660E-01
4.56970,29.6194,-0.260491E-01
4.57031,29.6233,0.113960
4.57092,29.6273,-0.157880
4.57153,29.6312,0.134992E-01
4.57214,29.6352,0.113406E-01
4.57275,29.6391,0.183232E-02
4.57336,29.6431,0.595708E-01
4.57397,29.6470,0.482693E-01
4.57458,29.6510,-0.364083E-01
4.57520,29.6550,0.550334E-01
4.57581,29.6589,0.988113E-02
4.57642,29.6629,-0.455145E-01
4.57703,29.6668,-0.117856E-01
4.57764,29.6708,0.783352E-01
4.57825,29.6747,0.189592E-01
4.57886,29.6787,0.136263E-01
4.57947,29.6826,0.218429E-01
4.58008,29.6866,-0.498662E-01
4.58069,29.6906,0.217879
4.58130,29.6945,-0.214707E-01
4.58191,29.6985,-0.842710E-02
4.58252,29.7024,0.279199E-01
4.58313,29.7064,0.314192E-01
4.58374,29.7103,-0.410081E-01
4.58435,29.7143,0.476602E-01
4.58496,29.7183,0.132554
4.58557,29.7222,0.230278
4.58618,29.7262,0.687369E-01
4.58679,29.7301,0.214287E-01
4.58740,29.7341,0.828769E-01
4.58801,29.7380,-0.790956E-02
4.58862,29.7420,-0.671932E-01
4.58923,29.7459,0.141221E-02
4.58984,29.7499,-0.112928
4.59045,29.7539,-0.121056E-01
4.59106,29.7578,-0.178939E-01
4.59167,29.7618,-0.234254E-02
4.59229,29.7657,0.248662E-01
4.59290,29.7697,0.761240E-02
4.59351,29.7736,0.390549E-01
4.59412,29.7776,0.892417E-01
4.59473,29.7816,-0.174392E-01
4.59534,29.7855,0.777710E-01
4.59595,29.7895,0.182732E-02
4.59656,29.7934,-0.223996E-01
4.59717,29.7974,0.759391E-01
4.59778,29.8013,0.477674E-02
4.59839,29.8053,-0.494229E-02
4.59900,29.8092,0.433928E-01
4.59961,29.8132,-0.364121E-01
4.60022,29.8172,0.319471E-01
4.60083,29.8211,-0.123584E-01
4.60144,29.8251,0.532407E-01
4.60205,29.8290,0.555433E-01
4.60266,29.8330,0.265575E-01
4.60327,29.8369,-0.334703E-01
4.60388,29.8409,0.819384E-02
4.60449,29.8448,-0.328163E-01
4.60510,29.8488,0.654556E-01
4.60571,29.8528,-0.116384E-02
4.60632,29.8567,0.533307E-01
4.60693,29.8607,0.150893E-03
4.60754,29.8646,-0.116014
4.60815,29.8686,0.516840E-01
4.60876,29.8725,0.343947E-01
4.60938,29.8765,-0.392535E-01
4.60999,29.8805,-0.646712E-01
4.61060,29.8844,0.154699E-02
4.61121,29.8884,-0.421440E-01
4.61182,29.8923,0.295214E-01
4.61243,29.8963,0.188928E-01
4.61304,29.9002,-0.218792E-01
4.61365,29.9042,0.608076E-01
4.61426,29.9081,-0.294929E-02
4.61487,29.9121,-0.321269E-01
4.61548,29.9161,-0.236586E-01
4.61609,29.9200,0.110449
4.61670,29.9240,-0.785396E-02
4.61731,29.9279,-0.106050E-01
4.61792,29.9319,0.646057E-01
4.61853,29.9358,-0.342716E-02
4.61914,29.9398,-0.445720E-02
4.61975,29.9438,0.128516
4.62036,29.9477,0.305158E-01
4.62097,29.9517,-0.125519E-01
4.62158,29.9556,0.575188E-03
4.62219,29.9596,0.455419E-01
4.62280,29.9635,0.992228E-03
4.62341,29.9675,-0.163903E-02
4.62402,29.9714,0.489677E-01
4.62463,29.9754,-0.161384E-01
4.62524,29.9794,0.111506
4.62585,29.9833,0.627741E-01
4.62646,29.9873,-0.744932E-01
4.62708,29.9912,-0.789968E-02
4.62769,29.9952,-0.127929E-01
4.62830,29.9991,0.425308E-01
4.62891,30.0031,-0.779383E-02
4.62952,30.0070,-0.318207E-01
4.63013,30.0110,0.285424E-01
4.63074,30.0150,0.101799
4.63135,30.0189,0.760696E-01
4.63196,30.0229,-0.475542E-01
4.63257,30.0268,-0.193586
4.63318,30.0308,0.948969E-02
4.63379,30.0347,0.417710E-01
4.63440,30.0387,0.630984E-01
4.63501,30.0427,0.514782E-01
4.63562,30.0466,-0.178171E-01
4.63623,30.0506,-0.776580E-02
4.63684,30.0545,-0.854512E-01
4.63745,30.0585,0.735740E-01
4.63806,30.0624,0.921121E-01
4.63867,30.0664,-0.293965E-01
4.63928,30.0703,0.495709E-02
4.63989,30.0743,0.153104E-01
4.64050,30.0783,-0.254221E-01
4.64111,30.0822,-0.963404E-02
4.64172,30.0862,0.178006E-01
4.64233,30.0901,-0.313042E-01
4.64294,30.0941,0.171868E-01
4.64355,30.0980,-0.104028
4.64417,30.1020,-0.607442E-01
4.64478,30.1060,-0.102640E-01
4.64539,30.1099,-0.367582E-01
4.64600,30.1139,0.642249E-01
4.64661,30.1178,-0.177482E-02
4.64722,30.1218,0.467532E-01
4.64783,30.1257,0.157382E-01
4.64844,30.1297,-0.464931E-01
4.64905,30.1336,0.128117
4.64966,30.1376,0.141550
4.65027,30.1416,0.726609E-02
4.65088,30.1455,-0.581869E-01
4.65149,30.1495,-0.632473E-02
4.65210,30.1534,-0.288962E-01
4.65271,30.1574,0.420837E-01
4.65332,30.1613,0.167362
4.65393,30.1653,0.374540E-01
4.65454,30.1692,0.702058E-01
4.65515,30.1732,-0.115521
4.65576,30.1772,-0.887788E-01
4.65637,30.1811,-0.673353E-01
4.65698,30.1851,0.151992E-01
4.65759,30.1890,-0.946947E-02
4.65820,30.1930,-0.288570E-02
4.65881,30.1969,0.372534E-01
4.65942,30.2009,0.977530E-02
4.66003,30.2049,-0.642991E-01
4.66064,30.2088,0.503267E-02
4.66125,30.2128,0.171966E-01
4.66187,30.2167,-0.307259E-01
4.66248,30.2207,-0.661103E-01
4.66309,30.2246,-0.496687E-02
4.66370,30.2286,0.621701E-02
4.66431,30.2325,-0.285368E-01
4.66492,30.2365,-0.136720E-02
4.66553,30.2405,-0.139706
4.66614,30.2444,-0.266260E-01
4.66675,30.2484,0.553296E-01
4.66736,30.2523,0.141872E-01
4.66797,30.2563,0.112558
4.66858,30.2602,0.744208E-01
4.66919,30.2642,0.390708E-01
4.66980,30.2682,-0.585934E-01
4.67041,30.2721,0.142624E-03
4.67102,30.2761,0.204694E-02
4.67163,30.2800,0.335342E-01
4.67224,30.2840,0.167428E-01
4.67285,30.2879,-0.167653E-01
4.67346,30.2919,0.234404E-01
4.67407,30.2958,-0.371439E-02
4.67468,30.2998,-0.112727
4.67529,30.3038,-0.323301E-02
4.67590,30.3077,-0.214782E-02
4.67651,30.3117,-0.158751
4.67712,30.3156,-0.359497E-02
4.67773,30.3196,0.579486E-01
4.67834,30.3235,-0.539531E-02
4.67896,30.3275,0.596195E-01
4.67957,30.3314,-0.804822E-01
4.68018,30.3354,0.133193E-01
4.68079,30.3394,0.197804E-01
4.68140,30.3433,-0.175251E-01
4.68201,30.3473,-0.118626E-01
4.68262,30.3512,-0.255556E-01
4.68323,30.3552,-0.747662E-02
4.68384,30.3591,-0.110594
4.68445,30.3631,0.430909E-01
4.68506,30.3671,-0.765492E-01
4.68567,30.3710,0.142578
4.68628,30.3750,0.259588E-01
4.68689,30.3789,0.665787E-02
4.68750,30.3829,0.122422E-01
4.68811,30.3868,-0.435601E-01
4.68872,30.3908,-0.628696E-01
4.68933,30.3947,-0.373463E-01
4.68994,30.3987,-0.394617E-01
4.69055,30.4027,0.201954E-01
4.69116,30.4066,-0.564448E-01
4.69177,30.4106,-0.469500E-01
4.69238,30.4145,0.251304E-01
4.69299,30.4185,-0.249531E-01
4.69360,30.4224,0.581528E-01
4.69421,30.4264,-0.915550E-01
4.69482,30.4304,-0.745487E-01
4.69543,30.4343,0.415889E-01
4.69604,30.4383,0.170434E-01
4.69666,30.4422,-0.136305
4.69727,30.4462,-0.152572E-01
4.69788,30.4501,-0.121529E-01
4.69849,30.4541,0.668494E-02
4.69910,30.4580,-0.581592E-01
4.69971,30.4620,0.258829E-01
4.70032,30.4660,-0.899478E-01
4.70093,30.4699,0.130634
4.70154,30.4739,0.234937E-02
4.70215,30.4778,-0.338090E-01
4.70276,30.4818,0.336473E-01
4.70337,30.4857,0.538333E-01
4.70398,30.4897,0.407775E-01
4.70459,30.4936,0.131266
4.70520,30.4976,-0.591695E-01
4.70581,30.5016,0.246778E-01
4.70642,30.5055,0.117319
4.70703,30.5095,0.320385E-01
4.70764,30.5134,-0.681379E-01
4.70825,30.5174,0.388517E-02
4.70886,30.5213,0.165040E-01
4.70947,30.5253,-0.211117E-01
4.71008,30.5293,-0.228643
4.71069,30.5332,0.182331
4.71130,30.5372,-0.349616E-01
4.71191,30.5411,0.108106E-01
4.71252,30.5451,0.446668E-01
4.71313,30.5490,-0.122321E-01
4.71375,30.5530,0.131979
4.71436,30.5569,0.633053E-02
4.71497,30.5609,-0.512040E-01
4.71558,30.5649,-0.898776E-01
4.71619,30.5688,0.110697E-01
4.71680,30.5728,0.300435E-01
4.71741,30.5767,0.704691E-02
4.71802,30.5807,-0.280807E-01
4.71863,30.5846,0.297467E-02
4.71924,30.5886,-0.925434E-03
4.71985,30.5926,0.332395E-01
4.72046,30.5965,-0.155549
4.72107,30.6005,-0.694475E-01
4.72168,30.6044,0.558001E-02
4.72229,30.6084,0.139851E-01
4.72290,30.6123,0.814867E-01
4.72351,30.6163,0.269283E-01
4.72412,30.6202,0.119123
4.72473,30.6242,-0.362196E-02
4.72534,30.6282,-0.210469E-01
4.72595,30.6321,0.117535
4.72656,30.6361,0.993867E-02
4.72717,30.6400,0.467205E-01
4.72778,30.6440,0.120375
4.72839,30.6479,-0.293590E-01
4.72900,30.6519,-0.827943E-01
4.72961,30.6558,0.501063E-01
4.73022,30.6598,-0.108152E-01
4.73083,30.6638,0.133756
4.73145,30.6677,-0.611995E-01
4.73206,30.6717,-0.415858E-01
4.73267,30.6756,0.676059E-01
4.73328,30.6796,0.240708E-01
4.73389,30.6835,-0.164431E-01
4.73450,30.6875,0.594780E-01
4.73511,30.6915,0.437176E-01
4.73572,30.6954,-0.268906E-01
4.73633,30.6994,-0.160689E-01
4.73694,30.7033,-0.344762E-02
4.73755,30.7073,-0.385726E-01
4.73816,30.7112,-0.146647
4.73877,30.7152,0.351048E-01
4.73938,30.7191,-0.294288E-01
4.73999,30.7231,-0.934347E-01
4.74060,30.7271,-0.599626E-01
4.74121,30.7310,-0.288324
4.74182,30.7350,-0.142618E-01
4.74243,30.7389,0.955461E-01
4.74304,30.7429,0.549085E-01
4.74365,30.7468,-0.881221E-02
4.74426,30.7508,-0.410224E-01
4.74487,30.7548,-0.192210
4.74548,30.7587,-0.193214E-02
4.74609,30.7627,-0.489487E-02
4.74670,30.7666,-0.618669E-02
4.74731,30.7706,-0.385230E-01
4.74792,30.7745,-0.537563E-01
4.74854,30.7785,0.586655E-01
4.74915,30.7824,-0.182941
4.74976,30.7864,0.431269E-01
4.75037,30.7904,-0.214191
4.75098,30.7943,-0.147142E-01
4.75159,30.7983,0.158386E-01
4.75220,30.8022,0.162642E-01
4.75281,30.8062,-0.260716E-01
4.75342,30.8101,-0.980138E-01
4.75403,30.8141,-0.745106E-01
4.75464,30.8181,-0.486897E-01
4.75525,30.8220,-0.514684E-01
4.75586,30.8260,-0.330970E-01
4.75647,30.8299,0.941808E-03
4.75708,30.8339,0.189349E-01
4.75769,30.8378,0.119328
4.75830,30.8418,0.987985E-01
4.75891,30.8457,0.278051E-01
4.75952,30.8497,-0.209215E-02
4.76013,30.8537,-0.616064E-02
4.76074,30.8576,-0.101248E-01
4.76135,30.8616,-0.248434E-01
4.76196,30.8655,-0.272746E-01
4.76257,30.8695,0.307214E-01
4.76318,30.8734,-0.221541E-01
4.76379,30.8774,0.148256E-01
4.76440,30.8813,-0.566625E-01
4.76501,30.8853,-0.126738E-01
4.76562,30.8893,0.868607E-01
4.76624,30.8932,0.644041E-02
4.76685,30.8972,0.142243
4.76746,30.9011,0.394032E-02
4.76807,30.9051,-0.166609E-01
4.76868,30.9090,-0.420822E-01
4.76929,30.9130,-0.367787E-01
4.76990,30.9170,0.622016E-01
4.77051,30.9209,0.194130E-01
4.77112,30.9249,0.433694E-01
4.77173,30.9288,-0.729208E-01
4.77234,30.9328,-0.344516E-01
4.77295,30.9367,0.308457E-01
4.77356,30.9407,-0.113119
4.77417,30.9446,-0.896010E-01
4.77478,30.9486,0.315396E-03
4.77539,30.9526,-0.344625E-01
4.77600,30.9565,0.444664E-02
4.77661,30.9605,0.545070E-01
4.77722,30.9644,-0.124536
4.77783,30.9684,-0.847496E-01
4.77844,30.9723,-0.184576E-03
4.77905,30.9763,0.544054E-01
4.77966,30.9803,-0.200702E-01
4.78027,30.9842,-0.336733E-02
4.78088,30.9882,-0.178311E-01
4.78149,30.9921,-0.545870E-01
4.78210,30.9961,-0.230505E-01
4.78271,31.0000,-0.146558
4.78333,31.0040,0.141564
4.78394,31.0079,0.659610E-01
4.78455,31.0119,0.531359E-02
4.78516,31.0159,-0.103202
4.78577,31.0198,0.100679
4.78638,31.0238,-0.144577
4.78699,31.0277,0.552715E-01
4.78760,31.0317,-0.123600E-01
4.78821,31.0356,0.226421E-01
4.78882,31.0396,-0.156048E-01
4.78943,31.0435,-0.173407
4.79004,31.0475,-0.106224
4.79065,31.0515,-0.197614
4.79126,31.0554,-0.985090E-01
4.79187,31.0594,-0.165998E-02
4.79248,31.0633,-0.763023E-01
4.79309,31.0673,-0.720346E-01
4.79370,31.0712,0.176075E-01
4.79431,31.0752,-0.632788E-02
4.79492,31.0792,-0.313472E-01
4.79553,31.0831,0.395147E-01
4.79614,31.0871,0.420769E-01
4.79675,31.0910,0.255703E-01
4.79736,31.0950,-0.743374E-01
4.79797,31.0989,-0.104781
4.79858,31.1029,0.183406E-02
4.79919,31.1068,-0.497811E-01
4.79980,31.1108,0.223834E-01
4.80042,31.1148,0.320146E-02
4.80103,31.1187,0.976976E-01
4.80164,31.1227,-0.244699E-01
4.80225,31.1266,0.943292E-03
4.80286,31.1306,-0.334297E-01
4.80347,31.1345,0.114892
4.80408,31.1385,0.894875E-01
4.80469,31.1425,0.587972E-01
4.80530,31.1464,0.104706
4.80591,31.1504,-0.130957E-03
4.80652,31.1543,0.622413E-01
4.80713,31.1583,-0.765715E-02
4.80774,31.1622,0.479206E-01
4.80835,31.1662,0.232380
4.80896,31.1701,0.931471E-01
4.80957,31.1741,0.281879E-01
4.81018,31.1781,-0.339297E-01
4.81079,31.1820,-0.241519E-02
4.81140,31.1860,0.336403E-01
4.81201,31.1899,-0.603345E-02
4.81262,31.1939,0.427160E-01
4.81323,31.1978,0.185866E-01
4.81384,31.2018,0.864090E-01
4.81445,31.2057,0.244617E-01
4.81506,31.2097,-0.145036
4.81567,31.2137,-0.331326E-01
4.81628,31.2176,-0.179298E-01
4.81689,31.2216,0.135669
4.81750,31.2255,-0.697662E-01
4.81812,31.2295,-0.214197
4.81873,31.2334,-0.206117E-01
4.81934,31.2374,0.296739E-02
4.81995,31.2414,-0.907976E-02
4.82056,31.2453,0.382132E-02
4.82117,31.2493,-0.242863E-01
4.82178,31.2532,-0.460056E-01
4.82239,31.2572,-0.404271E-02
4.82300,31.2611,0.663346E-01
4.82361,31.2651,0.274944
4.82422,31.2690,-0.202555
4.82483,31.2730,0.371065E-01
4.82544,31.2770,0.115013
4.82605,31.2809,0.308368E-01
4.82666,31.2849,-0.187279E-01
4.82727,31.2888,0.987349E-01
4.82788,31.2928,0.654520E-02
4.82849,31.2967,0.471531E-02
4.82910,31.3007,-0.109548E-01
4.82971,31.3047,0.139722
4.83032,31.3086,-0.156303E-01
4.83093,31.3126,-0.699018E-02
4.83154,31.3165,-0.426006E-01
4.83215,31.3205,-0.583495E-02
4.83276,31.3244,-0.337018E-01
4.83337,31.3284,-0.302648E-01
4.83398,31.3323,0.198252E-01
4.83459,31.3363,-0.114284E-01
4.83521,31.3403,-0.619872E-01
4.83582,31.3442,-0.409804E-02
4.83643,31.3482,-0.920228E-02
4.83704,31.3521,-0.159916E-01
4.83765,31.3561,0.666430E-01
4.83826,31.3600,-0.942196E-01
4.83887,31.3640,0.325293E-03
4.83948,31.3679,-0.216428E-01
4.84009,31.3719,-0.551784E-01
4.84070,31.3759,0.132972
4.84131,31.3798,-0.328071E-02
4.84192,31.3838,0.647302E-02
4.84253,31.3877,0.190180
4.84314,31.3917,-0.651957E-02
4.84375,31.3956,-0.826350E-01
4.84436,31.3996,0.500824E-01
4.84497,31.4036,-0.203140E-01
4.84558,31.4075,0.363321E-01
4.84619,31.4115,0.613431E-01
4.84680,31.4154,-0.696278E-01
4.84741,31.4194,0.616914E-01
4.84802,31.4233,0.852750E-01
4.84863,31.4273,0.104771
4.84924,31.4312,-0.758169E-01
4.84985,31.4352,0.400113E-01
4.85046,31.4392,0.189022E-01
4.85107,31.4431,0.682999E-03
4.85168,31.4471,-0.774381E-02
4.85229,31.4510,0.914162E-02
4.85291,31.4550,0.204811E-01
4.85352,31.4589,0.633740E-01
4.85413,31.4629,-0.254477E-02
4.85474,31.4669,-0.635913E-02
4.85535,31.4708,-0.470862E-01
4.85596,31.4748,-0.499143E-01
4.85657,31.4787,-0.852159E-02
4.85718,31.4827,-0.348875E-01
4.85779,31.4866,0.121961E-01
4.85840,31.4906,-0.468158E-01
4.85901,31.4945,-0.278704E-01
4.85962,31.4985,-0.682510E-01
4.86023,31.5025,0.139131E-01
4.86084,31.5064,-0.984194E-02
4.86145,31.5104,0.210716E-01
4.86206,31.5143,0.975617E-01
4.86267,31.5183,0.173717
4.86328,31.5222,-0.206379E-01
4.86389,31.5262,0.296917E-02
4.86450,31.5301,-0.934169E-02
4.86511,31.5341,0.377196E-01
4.86572,31.5381,-0.543190E-01
4.86633,31.5420,0.929150E-01
4.86694,31.5460,-0.602412E-01
4.86755,31.5499,-0.312738E-01
4.86816,31.5539,0.226330
4.86877,31.5578,-0.110715E-01
4.86938,31.5618,0.225118E-04
4.87000,31.5658,0.264203E-01
4.87061,31.5697,0.535402E-01
4.87122,31.5737,-0.244867E-01
4.87183,31.5776,0.344823E-03
4.87244,31.5816,-0.645634E-01
4.87305,31.5855,0.168640
4.87366,31.5895,-0.532351E-01
4.87427,31.5934,0.856114E-02
4.87488,31.5974,-0.481099E-01
4.87549,31.6014,0.465674E-01
4.87610,31.6053,0.334661E-01
4.87671,31.6093,-0.112189
4.87732,31.6132,0.555471E-02
4.87793,31.6172,0.879788E-01
4.87854,31.6211,0.187379E-02
4.87915,31.6251,0.381146E-01
4.87976,31.6291,-0.988194E-02
4.88037,31.6330,-0.606578E-02
4.88098,31.6370,0.971365E-02
4.88159,31.6409,0.105715E-01
4.88220,31.6449,0.532484E-01
4.88281,31.6488,0.256738E-01
4.88342,31.6528,-0.365173E-01
4.88403,31.6567,-0.296827E-01
4.88464,31.6607,0.483647E-01
4.88525,31.6647,-0.463027E-01
4.88586,31.6686,0.139885
4.88647,31.6726,-0.249214E-02
4.88708,31.6765,0.705796E-02
4.88770,31.6805,0.279678E-01
4.88831,31.6844,0.156631E-01
4.88892,31.6884,0.178556E-01
4.88953,31.6923,-0.106497
4.89014,31.6963,-0.321656E-01
4.89075,31.7003,-0.458453E-01
4.89136,31.7042,0.148529E-01
4.89197,31.7082,0.255224E-01
4.89258,31.7121,0.125073
4.89319,31.7161,0.216392E-01
4.89380,31.7200,0.117531
4.89441,31.7240,-0.437384E-01
4.89502,31.7280,0.750034E-01
4.89563,31.7319,0.392169E-01
4.89624,31.7359,-0.149725E-01
4.89685,31.7398,-0.314674E-01
4.89746,31.7438,0.250283
4.89807,31.7477,-0.180200E-01
4.89868,31.7517,0.670747E-03
4.89929,31.7556,-0.881170E-02
4.89990,31.7596,0.215094E-01
4.90051,31.7636,0.126374
4.90112,31.7675,-0.133959
4.90173,31.7715,-0.876182E-01
4.90234,31.7754,0.109210
4.90295,31.7794,-0.241152E-01
4.90356,31.7833,0.251460E-01
4.90417,31.7873,-0.482325E-01
4.90479,31.7913,0.717290E-01
4.90540,31.7952,-0.163004E-01
4.90601,31.7992,-0.104575E-01
4.90662,31.8031,0.223874
4.90723,31.8071,-0.160992
4.90784,31.8110,-0.961194E-01
4.90845,31.8150,-0.177074E-01
4.90906,31.8189,0.200474E-01
4.90967,31.8229,0.305243E-01
4.91028,31.8269,0.386590E-01
4.91089,31.8308,0.116388
4.91150,31.8348,-0.824996E-02
4.91211,31.8387,-0.619556E-01
4.91272,31.8427,-0.841234E-02
4.91333,31.8466,-0.603188E-02
4.91394,31.8506,0.209562E-01
4.91455,31.8545,0.620555E-01
4.91516,31.8585,-0.405276E-02
4.91577,31.8625,-0.100413
4.91638,31.8664,-0.142478
4.91699,31.8704,0.186085E-01
4.91760,31.8743,0.337571E-01
4.91821,31.8783,-0.117242E-01
4.91882,31.8822,0.149250
4.91943,31.8862,-0.100725
4.92004,31.8902,0.460533E-01
4.92065,31.8941,-0.854486E-01
4.92126,31.8981,0.221047E-01
4.92188,31.9020,-0.751888E-02
4.92249,31.9060,-0.177243E-01
4.92310,31.9099,-0.113633
4.92371,31.9139,0.124557
4.92432,31.9178,0.168016
4.92493,31.9218,-0.134282
4.92554,31.9258,-0.262243
4.92615,31.9297,0.825024E-02
4.92676,31.9337,-0.393202E-02
4.92737,31.9376,-0.261029E-01
4.92798,31.9416,-0.767799E-01
4.92859,31.9455,0.135533
4.92920,31.9495,0.817048E-01
4.92981,31.9535,0.154350
4.93042,31.9574,0.326425E-01
4.93103,31.9614,0.138098
4.93164,31.9653,-0.337693E-01
4.93225,31.9693,-0.197939
4.93286,31.9732,-0.422394E-01
4.93347,31.9772,-0.788410E-01
4.93408,31.9811,0.490709E-01
4.93469,31.9851,0.690333E-01
4.93530,31.9891,-0.725292E-02
4.93591,31.9930,-0.707695E-01
4.93652,31.9970,0.382781E-02
4.93713,32.0009,0.227240E-01
4.93774,32.0049,-0.869959E-01
4.93835,32.0088,-0.313451E-01
4.93896,32.0128,0.536781E-01
4.93958,32.0167,-0.289108E-01
4.94019,32.0207,-0.840450E-01
4.94080,32.0247,0.197505
4.94141,32.0286,0.457014E-02
4.94202,32.0326,-0.429131E-01
4.94263,32.0365,0.409013E-01
4.94324,32.0405,-0.231972E-02
4.94385,32.0444,-0.265165E-01
4.94446,32.0484,-0.132405E-02
4.94507,32.0524,-0.125016
4.94568,32.0563,0.394245E-01
4.94629,32.0603,-0.495597E-01
4.94690,32.0642,0.112927E-01
4.94751,32.0682,-0.148450E-01
4.94812,32.0721,-0.128948
4.94873,32.0761,0.172550E-01
4.94934,32.0800,-0.142034E-01
4.94995,32.0840,0.804086E-01
4.95056,32.0880,-0.205502
4.95117,32.0919,0.406406E-02
4.95178,32.0959,-0.634390E-01
4.95239,32.0998,0.236817E-02
4.95300,32.1038,0.116319
4.95361,32.1077,-0.575486E-01
4.95422,32.1117,-0.522064E-01
4.95483,32.1157,0.230687E-01
4.95544,32.1196,0.106634
4.95605,32.1236,0.299035E-01
4.95667,32.1275,0.582625E-01
4.95728,32.1315,-0.618208E-01
4.95789,32.1354,-0.757885E-01
4.95850,32.1394,0.233123E-01
4.95911,32.1433,0.605704E-02
4.95972,32.1473,0.227258E-01
4.96033,32.1513,0.424056E-01
4.96094,32.1552,-0.883479E-01
4.96155,32.1592,-0.161393E-01
4.96216,32.1631,-0.272058E-01
4.96277,32.1671,-0.964546E-04
4.96338,32.1710,0.104645
4.96399,32.1750,0.115465E-01
4.96460,32.1789,-0.111404E-01
4.96521,32.1829,0.259483
4.96582,32.1869,-0.140510E-04
4.96643,32.1908,-0.104955E-01
4.96704,32.1948,0.867076E-01
4.96765,32.1987,-0.516318E-02
4.96826,32.2027,-0.496560E-01
4.96887,32.2066,-0.109945E-01
4.96948,32.2106,0.408628E-01
4.97009,32.2146,-0.273940E-01
4.97070,32.2185,0.125768
4.97131,32.2225,-0.168044E-01
4.97192,32.2264,0.811480E-01
4.97253,32.2304,-0.328817E-01
4.97314,32.2343,-0.283393E-01
4.97375,32.2383,-0.995280E-02
4.97437,32.2422,-0.140211
4.97498,32.2462,0.457304E-01
4.97559,32.2502,-0.143705E-02
4.97620,32.2541,-0.128066
4.97681,32.2581,-0.107564
4.97742,32.2620,0.152643E-01
4.97803,32.2660,0.405978E-01
4.97864,32.2699,-0.174486E-02
4.97925,32.2739,0.185744E-01
4.97986,32.2779,0.347641E-02
4.98047,32.2818,0.252415
4.98108,32.2858,-0.371198E-01
4.98169,32.2897,-0.708736E-01
4.98230,32.2937,0.331718E-01
4.98291,32.2976,-0.762867E-01
4.98352,32.3016,0.387125E-01
4.98413,32.3055,0.545397E-01
4.98474,32.3095,0.323321
4.98535,32.3135,-0.816438E-01
4.98596,32.3174,-0.445081E-01
4.98657,32.3214,-0.820062E-02
4.98718,32.3253,-0.379997E-01
4.98779,32.3293,-0.189580E-01
4.98840,32.3332,0.156700E-01
4.98901,32.3372,-0.444348E-01
4.98962,32.3412,0.116990
4.99023,32.3451,0.581569E-01
4.99084,32.3491,-0.429565E-01
4.99146,32.3530,-0.591540E-01
4.99207,32.3570,-0.123626
4.99268,32.3609,-0.446772E-01
4.99329,32.3649,-0.192332
4.99390,32.3688,-0.209902E-01
4.99451,32.3728,-0.123836E-01
4.99512,32.3768,0.598274E-01
4.99573,32.3807,-0.616934E-01
4.99634,32.3847,-0.951740E-02
4.99695,32.3886,0.148029E-02
4.99756,32.3926,-0.262329E-01
4.99817,32.3965,-0.538404E-01
4.99878,32.4005,-0.331373E-01
4.99939,32.4044,-0.122710E-01
5.00000,32.4084,0.914131E-02
