Full_(co)spectra
----------------
natural_frequency_[Hz]_->_from_[1/_averaging_interval]_to_[acquisition_frequency_/_2]
normalized_frequency_[#]->_natural_frequency_*_measuring_height_/_wind_speed
y-axis_->_natural_frequency_*_(co)spectrum_/_(co)variance
acquisition_frequency_[Hz]_=_ 10.000
measuring_height_(z-d)_[m]_=_  9.560
wind_speed_[m+1s-1]_=_  1.924
averaging_interval_[min]_=_     30
tapering_window_=_SQUARED_(no_tapering_forced_by_EddyPro._Tapering_is_only_applied_for_binned_(co)spectra)
,,cov(w_ts)
,,-7.4176818129314190E-003
natural_frequency,normalized_frequency,f_nat*cospec(w_ts)
0.610352E-03,0.303251E-02,0.722579E-01
0.122070E-02,0.606503E-02,0.465629E-01
0.183105E-02,0.909754E-02,-0.243752
0.244141E-02,0.121301E-01,0.999570E-01
0.305176E-02,0.151626E-01,0.245635
0.366211E-02,0.181951E-01,0.494517E-01
0.427246E-02,0.212276E-01,0.232228
0.488281E-02,0.242601E-01,-0.523113E-01
0.549316E-02,0.272926E-01,0.467824
0.610352E-02,0.303251E-01,0.156152
0.671387E-02,0.333577E-01,-0.137922
0.732422E-02,0.363902E-01,0.231639
0.793457E-02,0.394227E-01,0.102851
0.854492E-02,0.424552E-01,-0.125637E-01
0.915527E-02,0.454877E-01,0.979302E-01
0.976562E-02,0.485202E-01,0.759286E-01
0.103760E-01,0.515527E-01,0.141085
0.109863E-01,0.545853E-01,0.235858
0.115967E-01,0.576178E-01,0.279839
0.122070E-01,0.606503E-01,1.08517
0.128174E-01,0.636828E-01,0.151432E-02
0.134277E-01,0.667153E-01,0.556907E-01
0.140381E-01,0.697478E-01,-0.148481
0.146484E-01,0.727803E-01,0.430605
0.152588E-01,0.758129E-01,0.215541
0.158691E-01,0.788454E-01,0.599732
0.164795E-01,0.818779E-01,0.687127
0.170898E-01,0.849104E-01,-0.608223E-01
0.177002E-01,0.879429E-01,-0.220622
0.183105E-01,0.909754E-01,0.292005
0.189209E-01,0.940079E-01,-0.380054E-01
0.195312E-01,0.970405E-01,0.582027
0.201416E-01,0.100073,0.143113
0.207520E-01,0.103105,0.532813
0.213623E-01,0.106138,0.701634
0.219727E-01,0.109171,0.146373
0.225830E-01,0.112203,-0.927465E-02
0.231934E-01,0.115236,0.333969
0.238037E-01,0.118268,0.302367E-01
0.244141E-01,0.121301,-0.424141
0.250244E-01,0.124333,0.460282
0.256348E-01,0.127366,1.30035
0.262451E-01,0.130398,0.956542E-02
0.268555E-01,0.133431,0.108128
0.274658E-01,0.136463,0.612289
0.280762E-01,0.139496,-0.131088E-01
0.286865E-01,0.142528,-0.182980E-01
0.292969E-01,0.145561,0.327437E-01
0.299072E-01,0.148593,0.856333E-02
0.305176E-01,0.151626,-0.754870E-02
0.311279E-01,0.154658,0.915750
0.317383E-01,0.157691,-0.408987
0.323486E-01,0.160723,-0.696766E-01
0.329590E-01,0.163756,0.717729E-01
0.335693E-01,0.166788,0.538563
0.341797E-01,0.169821,1.73475
0.347900E-01,0.172853,0.457949
0.354004E-01,0.175886,-0.758300
0.360107E-01,0.178918,0.497169
0.366211E-01,0.181951,0.389510
0.372314E-01,0.184983,0.338914
0.378418E-01,0.188016,0.641638
0.384521E-01,0.191048,-0.103407
0.390625E-01,0.194081,-0.452455E-01
0.396729E-01,0.197113,0.112322
0.402832E-01,0.200146,0.263324
0.408936E-01,0.203178,-0.429983E-02
0.415039E-01,0.206211,-0.124824
0.421143E-01,0.209243,-0.140504
0.427246E-01,0.212276,0.309826
0.433350E-01,0.215309,-0.751135E-01
0.439453E-01,0.218341,1.19802
0.445557E-01,0.221374,0.122386
0.451660E-01,0.224406,0.154402
0.457764E-01,0.227439,-0.265876
0.463867E-01,0.230471,-0.431437E-01
0.469971E-01,0.233504,0.159891
0.476074E-01,0.236536,0.298053
0.482178E-01,0.239569,-0.803240E-01
0.488281E-01,0.242601,0.490958
0.494385E-01,0.245634,0.319311
0.500488E-01,0.248666,0.609692
0.506592E-01,0.251699,0.160570
0.512695E-01,0.254731,1.29778
0.518799E-01,0.257764,0.108345
0.524902E-01,0.260796,-0.564030
0.531006E-01,0.263829,-0.131469E-01
0.537109E-01,0.266861,0.121311
0.543213E-01,0.269894,0.741468
0.549316E-01,0.272926,-0.137255
0.555420E-01,0.275959,0.317493
0.561523E-01,0.278991,0.149254
0.567627E-01,0.282024,0.922169
0.573730E-01,0.285056,0.929700
0.579834E-01,0.288089,-0.626805
0.585938E-01,0.291121,0.554043
0.592041E-01,0.294154,-0.843761E-01
0.598145E-01,0.297186,0.408784
0.604248E-01,0.300219,-0.261721
0.610352E-01,0.303251,-0.685202
0.616455E-01,0.306284,-0.149646E-01
0.622559E-01,0.309316,0.115980
0.628662E-01,0.312349,-0.476899
0.634766E-01,0.315381,0.273684
0.640869E-01,0.318414,-0.918600E-02
0.646973E-01,0.321446,-0.141150E-01
0.653076E-01,0.324479,0.619818
0.659180E-01,0.327512,1.12461
0.665283E-01,0.330544,-0.641667E-01
0.671387E-01,0.333577,0.911710
0.677490E-01,0.336609,0.146139
0.683594E-01,0.339642,-0.406853
0.689697E-01,0.342674,-0.274749
0.695801E-01,0.345707,0.110773E-01
0.701904E-01,0.348739,-0.308763
0.708008E-01,0.351772,-0.577797
0.714111E-01,0.354804,0.954748E-01
0.720215E-01,0.357837,-0.206384
0.726318E-01,0.360869,-0.458018
0.732422E-01,0.363902,-0.429504
0.738525E-01,0.366934,0.571194E-01
0.744629E-01,0.369967,-0.823265E-02
0.750732E-01,0.372999,-0.117391
0.756836E-01,0.376032,0.592571
0.762939E-01,0.379064,0.298165
0.769043E-01,0.382097,0.512606E-02
0.775146E-01,0.385129,-0.935741E-01
0.781250E-01,0.388162,-0.148807
0.787354E-01,0.391194,-0.112941
0.793457E-01,0.394227,0.918666
0.799561E-01,0.397259,0.275765E-01
0.805664E-01,0.400292,0.298250E-01
0.811768E-01,0.403324,0.275140
0.817871E-01,0.406357,0.208823
0.823975E-01,0.409389,0.975749
0.830078E-01,0.412422,-0.503199
0.836182E-01,0.415454,-0.169729
0.842285E-01,0.418487,0.416231
0.848389E-01,0.421519,0.485673
0.854492E-01,0.424552,-0.469728E-01
0.860596E-01,0.427584,0.226179
0.866699E-01,0.430617,0.920630E-01
0.872803E-01,0.433650,-0.101776
0.878906E-01,0.436682,0.577988
0.885010E-01,0.439715,0.696857
0.891113E-01,0.442747,0.138937
0.897217E-01,0.445780,0.232636
0.903320E-01,0.448812,-0.123251E-01
0.909424E-01,0.451845,0.473041E-01
0.915527E-01,0.454877,-0.265196E-01
0.921631E-01,0.457910,0.270452E-01
0.927734E-01,0.460942,-0.158494E-01
0.933838E-01,0.463975,0.419606
0.939941E-01,0.467007,-0.491347
0.946045E-01,0.470040,0.356645
0.952148E-01,0.473072,0.171233
0.958252E-01,0.476105,1.10576
0.964355E-01,0.479137,0.305711
0.970459E-01,0.482170,0.811472
0.976562E-01,0.485202,0.317442
0.982666E-01,0.488235,1.47141
0.988770E-01,0.491267,0.490062E-01
0.994873E-01,0.494300,0.848531E-01
0.100098,0.497332,0.609193E-01
0.100708,0.500365,0.249430
0.101318,0.503397,0.144856
0.101929,0.506430,-0.377955
0.102539,0.509462,0.353728
0.103149,0.512495,0.226666
0.103760,0.515527,-0.960480
0.104370,0.518560,-1.50077
0.104980,0.521592,-0.536947
0.105591,0.524625,-0.210399
0.106201,0.527657,-0.208563
0.106812,0.530690,-0.462688E-01
0.107422,0.533722,0.422631
0.108032,0.536755,1.44704
0.108643,0.539788,0.728610
0.109253,0.542820,0.552330
0.109863,0.545853,1.00176
0.110474,0.548885,2.16707
0.111084,0.551918,0.535009
0.111694,0.554950,0.234050
0.112305,0.557983,-0.842214E-02
0.112915,0.561015,-0.940428E-01
0.113525,0.564048,0.110298
0.114136,0.567080,0.636504
0.114746,0.570113,0.913655
0.115356,0.573145,0.733941E-01
0.115967,0.576178,0.131461
0.116577,0.579210,-0.543944E-01
0.117188,0.582243,0.574240
0.117798,0.585275,0.300565
0.118408,0.588308,-0.271947E-01
0.119019,0.591340,0.424510
0.119629,0.594373,1.33061
0.120239,0.597405,0.567290
0.120850,0.600438,-0.133666
0.121460,0.603470,0.711383E-01
0.122070,0.606503,-0.178328
0.122681,0.609535,0.223893
0.123291,0.612568,0.731186
0.123901,0.615600,0.164861
0.124512,0.618633,0.172673
0.125122,0.621665,-0.387342
0.125732,0.624698,0.191083
0.126343,0.627730,0.287748E-01
0.126953,0.630763,0.884406
0.127563,0.633795,0.400515
0.128174,0.636828,0.482260
0.128784,0.639860,0.420384
0.129395,0.642893,0.152485
0.130005,0.645926,-0.214420
0.130615,0.648958,0.688981E-01
0.131226,0.651991,-0.214779E-01
0.131836,0.655023,0.251990
0.132446,0.658056,0.224334
0.133057,0.661088,0.309871
0.133667,0.664121,0.842643
0.134277,0.667153,-0.375625
0.134888,0.670186,0.240626
0.135498,0.673218,-0.384490E-01
0.136108,0.676251,0.256680
0.136719,0.679283,0.918749
0.137329,0.682316,0.867251
0.137939,0.685348,0.170461
0.138550,0.688381,0.127832
0.139160,0.691413,0.395949
0.139771,0.694446,0.449924
0.140381,0.697478,0.127707
0.140991,0.700511,0.388120
0.141602,0.703543,0.741975
0.142212,0.706576,0.449763
0.142822,0.709608,1.37981
0.143433,0.712641,0.389505E-01
0.144043,0.715673,-0.374635
0.144653,0.718706,0.412259
0.145264,0.721738,0.743799
0.145874,0.724771,0.419138
0.146484,0.727803,-0.521110E-01
0.147095,0.730836,-0.732246E-01
0.147705,0.733868,0.256540
0.148315,0.736901,-0.469853E-01
0.148926,0.739933,0.131090
0.149536,0.742966,-0.409875E-01
0.150146,0.745998,-0.213421
0.150757,0.749031,0.644330
0.151367,0.752064,0.262779
0.151978,0.755096,-0.210441E-01
0.152588,0.758129,0.459602
0.153198,0.761161,-0.141264
0.153809,0.764194,0.623051
0.154419,0.767226,0.292246E-01
0.155029,0.770259,0.121508
0.155640,0.773291,0.736003
0.156250,0.776324,0.760329
0.156860,0.779356,-0.324569
0.157471,0.782389,-0.222446E-01
0.158081,0.785421,0.565025E-01
0.158691,0.788454,0.175539
0.159302,0.791486,0.409681
0.159912,0.794519,0.190519
0.160522,0.797551,-0.718853E-01
0.161133,0.800584,0.193416
0.161743,0.803616,0.187763
0.162354,0.806649,0.421750
0.162964,0.809681,0.127071
0.163574,0.812714,0.158355
0.164185,0.815746,0.145426
0.164795,0.818779,0.765682
0.165405,0.821811,-0.555150
0.166016,0.824844,0.821842E-01
0.166626,0.827876,0.228665
0.167236,0.830909,-0.445195E-02
0.167847,0.833941,0.591949
0.168457,0.836974,-0.812520E-01
0.169067,0.840006,0.485962
0.169678,0.843039,1.17604
0.170288,0.846071,-0.277562E-02
0.170898,0.849104,-0.205151
0.171509,0.852136,0.295117
0.172119,0.855169,-0.143314
0.172729,0.858201,0.233270
0.173340,0.861234,0.520456E-01
0.173950,0.864267,-0.229825
0.174561,0.867299,0.135379
0.175171,0.870332,-0.802522E-02
0.175781,0.873364,-0.135595
0.176392,0.876397,-0.524971E-01
0.177002,0.879429,0.191865
0.177612,0.882462,0.108924
0.178223,0.885494,0.492342
0.178833,0.888527,-0.614534E-02
0.179443,0.891559,0.384545
0.180054,0.894592,0.880441
0.180664,0.897624,0.279631
0.181274,0.900657,0.412590E-01
0.181885,0.903689,-0.366559
0.182495,0.906722,0.227357
0.183105,0.909754,0.696405
0.183716,0.912787,0.904918
0.184326,0.915819,0.199946
0.184937,0.918852,-0.842286E-01
0.185547,0.921884,0.217206
0.186157,0.924917,-0.232221E-01
0.186768,0.927949,-0.490659
0.187378,0.930982,-0.340566
0.187988,0.934014,-0.114796
0.188599,0.937047,-0.752655
0.189209,0.940079,-0.461173
0.189819,0.943112,0.362410
0.190430,0.946144,0.381931
0.191040,0.949177,-0.800921
0.191650,0.952209,0.636028
0.192261,0.955242,0.543602
0.192871,0.958274,-0.122397
0.193481,0.961307,0.485304
0.194092,0.964339,-0.167495
0.194702,0.967372,0.360273
0.195312,0.970405,0.105201E-01
0.195923,0.973437,0.829037E-01
0.196533,0.976470,-0.124947
0.197144,0.979502,0.553329
0.197754,0.982535,0.767879E-01
0.198364,0.985567,0.714352
0.198975,0.988600,0.383361
0.199585,0.991632,0.167868
0.200195,0.994665,-0.390807
0.200806,0.997697,-0.380382
0.201416,1.00073,0.257558E-01
0.202026,1.00376,-0.131502
0.202637,1.00679,-0.413588E-01
0.203247,1.00983,0.220017
0.203857,1.01286,0.959061E-02
0.204468,1.01589,0.709423
0.205078,1.01892,2.07084
0.205688,1.02196,0.580502E-01
0.206299,1.02499,-0.304550
0.206909,1.02802,-0.790883E-01
0.207520,1.03105,0.228003
0.208130,1.03409,-0.341137
0.208740,1.03712,0.164007
0.209351,1.04015,0.781628
0.209961,1.04318,-0.189483E-02
0.210571,1.04622,-0.897261E-02
0.211182,1.04925,-0.638534
0.211792,1.05228,-0.313624
0.212402,1.05531,0.671725E-01
0.213013,1.05835,0.293806
0.213623,1.06138,0.678170
0.214233,1.06441,0.246423
0.214844,1.06744,0.116937E-01
0.215454,1.07048,0.392429E-01
0.216064,1.07351,-0.875750E-01
0.216675,1.07654,0.320725
0.217285,1.07958,-0.341951E-01
0.217896,1.08261,-0.105845
0.218506,1.08564,-0.786613E-01
0.219116,1.08867,-0.712359E-01
0.219727,1.09171,0.123426E-01
0.220337,1.09474,0.195042E-01
0.220947,1.09777,0.676254
0.221558,1.10080,0.808160
0.222168,1.10384,0.192565
0.222778,1.10687,0.239943
0.223389,1.10990,0.348054
0.223999,1.11293,-0.108082
0.224609,1.11597,0.320256
0.225220,1.11900,0.118186E-01
0.225830,1.12203,0.448094
0.226440,1.12506,0.143038
0.227051,1.12810,0.108017
0.227661,1.13113,0.234196
0.228271,1.13416,0.763231E-01
0.228882,1.13719,0.925323
0.229492,1.14023,0.263588
0.230103,1.14326,-0.175469
0.230713,1.14629,-0.201629
0.231323,1.14932,-0.897388
0.231934,1.15236,0.837448E-01
0.232544,1.15539,-0.513209E-01
0.233154,1.15842,-0.544237
0.233765,1.16145,0.659051
0.234375,1.16449,0.908638
0.234985,1.16752,-0.212775E-01
0.235596,1.17055,0.199722
0.236206,1.17358,-0.296110
0.236816,1.17662,-0.615443
0.237427,1.17965,-1.04413
0.238037,1.18268,0.298117E-01
0.238647,1.18571,0.301061E-01
0.239258,1.18875,-0.333390
0.239868,1.19178,-0.291928
0.240479,1.19481,-0.312462
0.241089,1.19784,0.166989E-01
0.241699,1.20088,0.135451
0.242310,1.20391,-0.136847
0.242920,1.20694,0.147890
0.243530,1.20997,0.125360
0.244141,1.21301,-0.213786E-01
0.244751,1.21604,-0.125209
0.245361,1.21907,0.537554
0.245972,1.22210,-0.235550
0.246582,1.22514,0.256818E-01
0.247192,1.22817,-0.230438E-03
0.247803,1.23120,-0.653297
0.248413,1.23423,-0.212441
0.249023,1.23727,0.546702E-01
0.249634,1.24030,-0.170488E-01
0.250244,1.24333,0.934383E-01
0.250854,1.24636,0.220718E-02
0.251465,1.24940,-0.273210
0.252075,1.25243,0.419368
0.252686,1.25546,-0.285856E-01
0.253296,1.25849,-0.472239
0.253906,1.26153,0.733181
0.254517,1.26456,-0.173988E-02
0.255127,1.26759,0.542554E-02
0.255737,1.27062,-0.129499
0.256348,1.27366,0.699604E-01
0.256958,1.27669,-0.215818
0.257568,1.27972,0.341841
0.258179,1.28275,-0.476792E-01
0.258789,1.28579,0.269744
0.259399,1.28882,0.483440
0.260010,1.29185,0.366358
0.260620,1.29488,0.627531
0.261230,1.29792,-0.238744E-01
0.261841,1.30095,0.658848
0.262451,1.30398,-0.206321
0.263062,1.30701,0.670293
0.263672,1.31005,0.195681
0.264282,1.31308,0.598651
0.264893,1.31611,-0.151639
0.265503,1.31914,0.719144
0.266113,1.32218,0.650663
0.266724,1.32521,0.120172E-01
0.267334,1.32824,0.490028
0.267944,1.33127,-0.567782E-01
0.268555,1.33431,-0.597490
0.269165,1.33734,0.558096E-01
0.269775,1.34037,0.496696
0.270386,1.34340,-0.814391E-01
0.270996,1.34644,0.586987
0.271606,1.34947,0.446736
0.272217,1.35250,-0.218772
0.272827,1.35553,-0.417713E-02
0.273438,1.35857,0.376654E-01
0.274048,1.36160,0.308086
0.274658,1.36463,0.221290
0.275269,1.36766,0.305219
0.275879,1.37070,0.277533
0.276489,1.37373,0.132611
0.277100,1.37676,1.09052
0.277710,1.37979,-0.863551E-01
0.278320,1.38283,0.881029E-01
0.278931,1.38586,-0.511982E-02
0.279541,1.38889,0.566330
0.280151,1.39192,-0.203023
0.280762,1.39496,1.26543
0.281372,1.39799,0.298942
0.281982,1.40102,0.142165
0.282593,1.40405,0.835309
0.283203,1.40709,0.482390
0.283813,1.41012,0.799974
0.284424,1.41315,0.416669E-01
0.285034,1.41618,-0.698154
0.285645,1.41922,-0.140018E-01
0.286255,1.42225,0.114491
0.286865,1.42528,-0.115916
0.287476,1.42831,0.401122
0.288086,1.43135,-0.268996
0.288696,1.43438,-0.908588E-01
0.289307,1.43741,0.407625
0.289917,1.44044,-0.293504
0.290527,1.44348,-0.992150E-01
0.291138,1.44651,-0.285213
0.291748,1.44954,0.559230E-01
0.292358,1.45257,0.539182
0.292969,1.45561,0.267127
0.293579,1.45864,0.401901E-01
0.294189,1.46167,-0.102478
0.294800,1.46470,-0.240888
0.295410,1.46774,-0.481507E-01
0.296021,1.47077,0.865243E-01
0.296631,1.47380,0.147482
0.297241,1.47683,-0.702625E-01
0.297852,1.47987,-0.913477E-01
0.298462,1.48290,-0.306138
0.299072,1.48593,-0.355950
0.299683,1.48896,0.215058
0.300293,1.49200,0.835677E-02
0.300903,1.49503,-0.177863
0.301514,1.49806,-0.460993E-02
0.302124,1.50109,-0.116618
0.302734,1.50413,0.661560
0.303345,1.50716,0.334411
0.303955,1.51019,-0.395478
0.304565,1.51322,0.748224
0.305176,1.51626,0.101638E-01
0.305786,1.51929,0.173517
0.306396,1.52232,0.294138
0.307007,1.52535,-0.120136
0.307617,1.52839,0.607646
0.308228,1.53142,0.391687
0.308838,1.53445,-0.482481
0.309448,1.53748,-0.570839E-01
0.310059,1.54052,0.937758E-01
0.310669,1.54355,-0.175011
0.311279,1.54658,0.722418E-01
0.311890,1.54961,0.775090E-01
0.312500,1.55265,0.113634E-01
0.313110,1.55568,0.575396E-01
0.313721,1.55871,-0.598276E-01
0.314331,1.56174,-0.373197
0.314941,1.56478,-0.254566
0.315552,1.56781,0.783299
0.316162,1.57084,-0.983982E-02
0.316772,1.57387,0.196815
0.317383,1.57691,0.139059
0.317993,1.57994,0.656036E-02
0.318604,1.58297,0.901071E-01
0.319214,1.58600,1.30039
0.319824,1.58904,0.318950
0.320435,1.59207,-0.554533E-01
0.321045,1.59510,0.327770
0.321655,1.59813,0.402330
0.322266,1.60117,0.113667
0.322876,1.60420,-0.376896E-01
0.323486,1.60723,0.521861E-01
0.324097,1.61026,0.970289E-02
0.324707,1.61330,0.388422
0.325317,1.61633,0.400588
0.325928,1.61936,0.324718
0.326538,1.62240,-0.929667E-01
0.327148,1.62543,-0.163597
0.327759,1.62846,0.236921E-01
0.328369,1.63149,0.968792E-01
0.328979,1.63453,0.455198E-01
0.329590,1.63756,0.357707
0.330200,1.64059,0.274237
0.330811,1.64362,-0.137134
0.331421,1.64666,-0.126445
0.332031,1.64969,0.174636
0.332642,1.65272,-0.288891E-01
0.333252,1.65575,0.295472E-01
0.333862,1.65879,-0.145485E-01
0.334473,1.66182,0.205188
0.335083,1.66485,0.197443
0.335693,1.66788,0.163319
0.336304,1.67092,-0.496000E-01
0.336914,1.67395,0.430639
0.337524,1.67698,0.618744E-01
0.338135,1.68001,0.220655
0.338745,1.68305,0.190780
0.339355,1.68608,0.753209E-02
0.339966,1.68911,0.118671
0.340576,1.69214,0.188623
0.341187,1.69518,0.361715
0.341797,1.69821,0.398436
0.342407,1.70124,0.148157
0.343018,1.70427,-0.142851
0.343628,1.70731,0.205596
0.344238,1.71034,-0.145534
0.344849,1.71337,-0.137849
0.345459,1.71640,-0.137758
0.346069,1.71944,-0.182959E-01
0.346680,1.72247,-0.615055E-01
0.347290,1.72550,-0.485773E-02
0.347900,1.72853,0.275162E-01
0.348511,1.73157,0.202111E-01
0.349121,1.73460,-0.110223
0.349731,1.73763,0.363487
0.350342,1.74066,0.339022
0.350952,1.74370,-0.694433E-01
0.351562,1.74673,0.667944E-01
0.352173,1.74976,-0.173897E-01
0.352783,1.75279,0.196445
0.353394,1.75583,0.308034
0.354004,1.75886,-0.537670
0.354614,1.76189,-0.883228E-01
0.355225,1.76492,0.706866E-01
0.355835,1.76796,0.276113
0.356445,1.77099,0.438991
0.357056,1.77402,-0.312037E-02
0.357666,1.77705,-0.547256
0.358276,1.78009,-0.104720
0.358887,1.78312,-0.136920
0.359497,1.78615,0.139764
0.360107,1.78918,0.917995E-02
0.360718,1.79222,0.108678
0.361328,1.79525,0.566171E-01
0.361938,1.79828,-0.651642E-01
0.362549,1.80131,0.233687
0.363159,1.80435,-0.651007E-01
0.363770,1.80738,-0.144689
0.364380,1.81041,0.100001
0.364990,1.81344,-0.249571
0.365601,1.81648,0.138553
0.366211,1.81951,0.459586E-01
0.366821,1.82254,0.131014
0.367432,1.82557,-0.169798
0.368042,1.82861,-0.902214E-01
0.368652,1.83164,-0.415838E-01
0.369263,1.83467,-0.144837
0.369873,1.83770,0.269374E-01
0.370483,1.84074,-0.178208
0.371094,1.84377,-0.511129
0.371704,1.84680,0.321016
0.372314,1.84983,0.128263
0.372925,1.85287,-0.585582
0.373535,1.85590,-0.552036
0.374146,1.85893,-0.729617E-01
0.374756,1.86196,-0.215715
0.375366,1.86500,0.120280
0.375977,1.86803,0.187849
0.376587,1.87106,0.157153
0.377197,1.87409,0.169845
0.377808,1.87713,0.350483
0.378418,1.88016,0.400879
0.379028,1.88319,-0.138662
0.379639,1.88622,-0.254970E-01
0.380249,1.88926,-0.499714
0.380859,1.89229,0.394768E-01
0.381470,1.89532,0.366161
0.382080,1.89835,-0.108411
0.382690,1.90139,0.691974
0.383301,1.90442,0.183969E-02
0.383911,1.90745,-0.187668
0.384521,1.91048,0.532160
0.385132,1.91352,0.519813
0.385742,1.91655,0.551153
0.386353,1.91958,0.541594
0.386963,1.92261,0.486244E-01
0.387573,1.92565,-0.864928E-02
0.388184,1.92868,0.150849
0.388794,1.93171,-0.293440E-01
0.389404,1.93474,0.175230
0.390015,1.93778,0.232602
0.390625,1.94081,0.478562
0.391235,1.94384,0.107426
0.391846,1.94687,0.427368E-01
0.392456,1.94991,0.101320
0.393066,1.95294,-0.313558E-01
0.393677,1.95597,0.430103
0.394287,1.95900,0.441498
0.394897,1.96204,0.758873E-01
0.395508,1.96507,0.490919
0.396118,1.96810,-0.650095E-01
0.396729,1.97113,0.659829
0.397339,1.97417,1.12955
0.397949,1.97720,0.173649E-01
0.398560,1.98023,0.240800
0.399170,1.98326,-0.928468E-01
0.399780,1.98630,0.902375E-01
0.400391,1.98933,-0.558751E-01
0.401001,1.99236,-0.432773E-01
0.401611,1.99539,0.189978
0.402222,1.99843,0.668840
0.402832,2.00146,-0.938488E-01
0.403442,2.00449,-0.219994
0.404053,2.00752,0.382665
0.404663,2.01056,1.47011
0.405273,2.01359,0.154104
0.405884,2.01662,0.101703
0.406494,2.01965,0.238772E-01
0.407104,2.02269,0.719944
0.407715,2.02572,0.108079E-01
0.408325,2.02875,0.123691
0.408936,2.03178,-0.988090E-01
0.409546,2.03482,0.183795
0.410156,2.03785,-0.598891E-01
0.410767,2.04088,0.784273E-01
0.411377,2.04391,0.486015
0.411987,2.04695,0.271071
0.412598,2.04998,-0.100936
0.413208,2.05301,-0.252529E-01
0.413818,2.05604,-0.325543E-01
0.414429,2.05908,-0.108785
0.415039,2.06211,0.127110
0.415649,2.06514,0.353744E-01
0.416260,2.06817,-0.187485
0.416870,2.07121,0.678723E-01
0.417480,2.07424,0.521204E-01
0.418091,2.07727,0.905711
0.418701,2.08030,-0.117360
0.419312,2.08334,-0.247558
0.419922,2.08637,-0.580387
0.420532,2.08940,0.169358
0.421143,2.09243,0.360001
0.421753,2.09547,-0.190995
0.422363,2.09850,0.302444
0.422974,2.10153,-0.661583
0.423584,2.10456,-0.268418E-01
0.424194,2.10760,0.293095
0.424805,2.11063,-0.852436E-01
0.425415,2.11366,-0.357091
0.426025,2.11669,0.498492
0.426636,2.11973,0.464162
0.427246,2.12276,-0.107684E-01
0.427856,2.12579,-0.574400E-01
0.428467,2.12882,-0.767487E-01
0.429077,2.13186,-0.113475
0.429688,2.13489,-0.354056
0.430298,2.13792,0.839713E-01
0.430908,2.14095,0.309159
0.431519,2.14399,-0.232740
0.432129,2.14702,0.296337E-01
0.432739,2.15005,-0.670992
0.433350,2.15309,-0.184805
0.433960,2.15612,0.263840
0.434570,2.15915,-0.174985
0.435181,2.16218,-0.404393
0.435791,2.16522,0.297362E-01
0.436401,2.16825,-0.632180E-01
0.437012,2.17128,0.110096
0.437622,2.17431,0.360488
0.438232,2.17735,0.821606
0.438843,2.18038,0.678109
0.439453,2.18341,0.826579
0.440063,2.18644,-0.121402
0.440674,2.18948,-0.325456
0.441284,2.19251,-0.189130
0.441895,2.19554,0.145519E-01
0.442505,2.19857,0.399389
0.443115,2.20161,0.141268E-02
0.443726,2.20464,0.674926E-01
0.444336,2.20767,0.451031E-01
0.444946,2.21070,-0.100792
0.445557,2.21374,-0.159576E-01
0.446167,2.21677,-0.131724
0.446777,2.21980,0.434937
0.447388,2.22283,-0.416819E-01
0.447998,2.22587,-0.263300
0.448608,2.22890,-0.108939
0.449219,2.23193,-0.187964
0.449829,2.23496,-0.304105E-01
0.450439,2.23800,-1.07031
0.451050,2.24103,-0.253335
0.451660,2.24406,-0.339953
0.452271,2.24709,-0.219629
0.452881,2.25013,0.689298E-01
0.453491,2.25316,-0.199955
0.454102,2.25619,-0.288745
0.454712,2.25922,-0.952252E-01
0.455322,2.26226,-0.346524
0.455933,2.26529,0.139032
0.456543,2.26832,-0.269846
0.457153,2.27135,-0.440147
0.457764,2.27439,-0.876713E-01
0.458374,2.27742,-0.306768
0.458984,2.28045,0.334581E-01
0.459595,2.28348,0.948315E-02
0.460205,2.28652,-0.168034
0.460815,2.28955,-0.127880
0.461426,2.29258,-0.226027E-01
0.462036,2.29561,-0.429735E-01
0.462646,2.29865,-0.520448E-01
0.463257,2.30168,-0.542947E-01
0.463867,2.30471,-0.200110
0.464478,2.30774,-0.246040E-01
0.465088,2.31078,0.627394E-02
0.465698,2.31381,-0.124291
0.466309,2.31684,0.275257E-01
0.466919,2.31987,0.686139E-01
0.467529,2.32291,-0.109238
0.468140,2.32594,0.565320E-01
0.468750,2.32897,-0.875480E-01
0.469360,2.33200,-0.258556
0.469971,2.33504,0.571328
0.470581,2.33807,0.299197
0.471191,2.34110,0.119190
0.471802,2.34413,0.252782
0.472412,2.34717,0.763540
0.473022,2.35020,0.276467
0.473633,2.35323,-0.877215E-01
0.474243,2.35626,0.298678
0.474854,2.35930,0.931077E-01
0.475464,2.36233,-0.522666
0.476074,2.36536,-0.414256
0.476685,2.36839,-0.873237E-02
0.477295,2.37143,0.563416E-01
0.477905,2.37446,-0.169291
0.478516,2.37749,0.965450E-01
0.479126,2.38052,0.708391
0.479736,2.38356,0.188417
0.480347,2.38659,0.354994
0.480957,2.38962,0.500928
0.481567,2.39265,0.108200
0.482178,2.39569,0.100980
0.482788,2.39872,-0.198889E-01
0.483398,2.40175,-0.140428
0.484009,2.40478,0.174904
0.484619,2.40782,0.111947
0.485229,2.41085,0.431414E-01
0.485840,2.41388,0.185330E-01
0.486450,2.41691,0.563096E-01
0.487061,2.41995,0.146511
0.487671,2.42298,0.157625
0.488281,2.42601,-0.244867E-02
0.488892,2.42904,0.767723E-01
0.489502,2.43208,-0.694664E-02
0.490112,2.43511,0.295221
0.490723,2.43814,-0.837355E-01
0.491333,2.44117,0.400496E-02
0.491943,2.44421,-0.251662
0.492554,2.44724,0.301163
0.493164,2.45027,0.561768
0.493774,2.45330,-0.341590
0.494385,2.45634,-0.160434E-01
0.494995,2.45937,-0.683129E-01
0.495605,2.46240,0.591107E-03
0.496216,2.46543,0.269519
0.496826,2.46847,0.207658
0.497437,2.47150,-0.279431E-01
0.498047,2.47453,-0.117725
0.498657,2.47756,0.296687
0.499268,2.48060,0.841113E-01
0.499878,2.48363,-0.789840
0.500488,2.48666,-0.233879
0.501099,2.48969,-0.171311
0.501709,2.49273,-0.179942
0.502319,2.49576,-0.385233E-02
0.502930,2.49879,0.110661
0.503540,2.50182,-0.373125E-01
0.504150,2.50486,0.625839E-01
0.504761,2.50789,-0.640855
0.505371,2.51092,-0.384085
0.505981,2.51395,-0.240745
0.506592,2.51699,-0.928671E-01
0.507202,2.52002,0.572171
0.507812,2.52305,-0.647643E-01
0.508423,2.52608,0.177289
0.509033,2.52912,0.134748
0.509644,2.53215,0.134289E-01
0.510254,2.53518,0.117196E-01
0.510864,2.53821,0.136152
0.511475,2.54125,-0.369480E-01
0.512085,2.54428,0.164600E-02
0.512695,2.54731,0.625016E-01
0.513306,2.55034,-0.514210E-01
0.513916,2.55338,-0.511800E-01
0.514526,2.55641,0.259210E-01
0.515137,2.55944,-0.614168E-01
0.515747,2.56247,0.137993
0.516357,2.56551,0.147245
0.516968,2.56854,0.191129E-01
0.517578,2.57157,-0.614352E-01
0.518188,2.57460,0.362800E-02
0.518799,2.57764,-0.271262
0.519409,2.58067,0.248503
0.520020,2.58370,0.393494
0.520630,2.58673,0.362782
0.521240,2.58977,0.293904
0.521851,2.59280,0.395044
0.522461,2.59583,-0.829233E-01
0.523071,2.59886,-0.126424
0.523682,2.60190,0.196243E-01
0.524292,2.60493,-0.168225
0.524902,2.60796,-0.837540E-01
0.525513,2.61099,0.381119
0.526123,2.61403,0.482660
0.526733,2.61706,0.543000E-01
0.527344,2.62009,0.155337E-01
0.527954,2.62312,-0.155778
0.528564,2.62616,-0.885538E-01
0.529175,2.62919,-0.191772
0.529785,2.63222,-0.364651
0.530396,2.63525,-0.754533
0.531006,2.63829,-0.154582
0.531616,2.64132,-0.714459E-01
0.532227,2.64435,0.172905
0.532837,2.64738,0.671919
0.533447,2.65042,0.275347
0.534058,2.65345,0.115457
0.534668,2.65648,0.440454
0.535278,2.65951,0.381572
0.535889,2.66255,-0.807959E-01
0.536499,2.66558,-0.640110E-01
0.537109,2.66861,-0.107243
0.537720,2.67164,-0.806619E-03
0.538330,2.67468,0.142158
0.538940,2.67771,0.238056
0.539551,2.68074,0.849996E-01
0.540161,2.68377,-0.676229E-01
0.540771,2.68681,0.631938E-03
0.541382,2.68984,-0.196813E-01
0.541992,2.69287,-0.300774
0.542603,2.69591,-0.326652E-02
0.543213,2.69894,0.150062
0.543823,2.70197,-0.118445
0.544434,2.70500,-0.610674E-02
0.545044,2.70804,0.660414
0.545654,2.71107,0.995760E-02
0.546265,2.71410,0.944701E-01
0.546875,2.71713,-0.908174E-01
0.547485,2.72017,0.264026
0.548096,2.72320,0.895441E-01
0.548706,2.72623,-0.513518E-01
0.549316,2.72926,-0.184799
0.549927,2.73230,-0.152600
0.550537,2.73533,0.533909
0.551147,2.73836,0.275462
0.551758,2.74139,0.119213
0.552368,2.74443,0.492231
0.552979,2.74746,0.209646
0.553589,2.75049,-0.167450E-01
0.554199,2.75352,-0.152386E-01
0.554810,2.75656,0.248422
0.555420,2.75959,-0.426640E-01
0.556030,2.76262,-0.102071
0.556641,2.76565,-0.106662
0.557251,2.76869,-0.736966E-01
0.557861,2.77172,-0.476700
0.558472,2.77475,0.633596E-01
0.559082,2.77778,-0.179122
0.559692,2.78082,0.537938
0.560303,2.78385,0.216711
0.560913,2.78688,0.546013E-01
0.561523,2.78991,-0.140859
0.562134,2.79295,-0.494263
0.562744,2.79598,0.237878E-01
0.563354,2.79901,-0.380035E-01
0.563965,2.80204,-0.998549E-01
0.564575,2.80508,0.254494
0.565186,2.80811,0.998810E-01
0.565796,2.81114,0.136066
0.566406,2.81417,0.148876
0.567017,2.81721,0.335858
0.567627,2.82024,0.193150
0.568237,2.82327,-0.127448
0.568848,2.82630,0.313907E-01
0.569458,2.82934,0.382934
0.570068,2.83237,0.263114E-01
0.570679,2.83540,0.358363E-02
0.571289,2.83843,-0.275162
0.571899,2.84147,0.149116
0.572510,2.84450,0.234619
0.573120,2.84753,0.170650
0.573730,2.85056,0.501094E-01
0.574341,2.85360,-0.140027E-01
0.574951,2.85663,-0.557685E-01
0.575562,2.85966,0.265313
0.576172,2.86269,0.721579E-01
0.576782,2.86573,0.523096E-01
0.577393,2.86876,0.373212
0.578003,2.87179,0.163460
0.578613,2.87482,-0.148132
0.579224,2.87786,-0.851380
0.579834,2.88089,0.302805
0.580444,2.88392,0.399342
0.581055,2.88695,-0.143868
0.581665,2.88999,-0.125813
0.582275,2.89302,-0.141447
0.582886,2.89605,0.329613E-01
0.583496,2.89908,0.574324
0.584106,2.90212,0.223296
0.584717,2.90515,-0.216299
0.585327,2.90818,0.390932
0.585938,2.91121,-0.221479E-02
0.586548,2.91425,-0.401148E-01
0.587158,2.91728,-0.747734E-01
0.587769,2.92031,0.293034
0.588379,2.92334,0.101311
0.588989,2.92638,0.144684E-01
0.589600,2.92941,-0.116398
0.590210,2.93244,-0.967099E-01
0.590820,2.93547,0.107369
0.591431,2.93851,0.127693
0.592041,2.94154,-0.241178
0.592651,2.94457,-0.108646E-01
0.593262,2.94760,-0.308358E-01
0.593872,2.95064,0.254874
0.594482,2.95367,-0.423442E-01
0.595093,2.95670,-0.124427
0.595703,2.95973,-0.403901E-02
0.596313,2.96277,0.836963E-01
0.596924,2.96580,-0.327031
0.597534,2.96883,0.352339
0.598145,2.97186,-0.780342E-01
0.598755,2.97490,0.476932
0.599365,2.97793,0.774126
0.599976,2.98096,0.344099
0.600586,2.98399,0.160053
0.601196,2.98703,0.673271E-01
0.601807,2.99006,0.375431
0.602417,2.99309,-0.886079E-01
0.603027,2.99612,0.920754E-01
0.603638,2.99916,0.680396E-01
0.604248,3.00219,0.892454E-01
0.604858,3.00522,-0.184985
0.605469,3.00825,0.136795
0.606079,3.01129,-0.120053
0.606689,3.01432,-0.911608E-01
0.607300,3.01735,0.439970
0.607910,3.02038,0.162577
0.608521,3.02342,0.171411
0.609131,3.02645,0.290282
0.609741,3.02948,0.396098
0.610352,3.03251,-0.406265E-01
0.610962,3.03555,0.152175E-01
0.611572,3.03858,-0.189141
0.612183,3.04161,-0.403821E-01
0.612793,3.04464,-0.574161E-01
0.613403,3.04768,-0.224703
0.614014,3.05071,0.341909
0.614624,3.05374,0.195378
0.615234,3.05677,-0.134344
0.615845,3.05981,-0.949699E-02
0.616455,3.06284,-0.205582E-01
0.617065,3.06587,0.235650
0.617676,3.06890,0.720980
0.618286,3.07194,0.300665E-01
0.618896,3.07497,0.973030E-01
0.619507,3.07800,-0.117225
0.620117,3.08103,-0.396289E-01
0.620728,3.08407,-0.775676E-01
0.621338,3.08710,0.769570E-01
0.621948,3.09013,-0.805495E-01
0.622559,3.09316,0.137062E-01
0.623169,3.09620,-0.378866
0.623779,3.09923,-0.194002
0.624390,3.10226,0.220303
0.625000,3.10529,0.124310E-01
0.625610,3.10833,-0.368216
0.626221,3.11136,-0.216854
0.626831,3.11439,0.915789E-01
0.627441,3.11742,0.483411
0.628052,3.12046,0.296001
0.628662,3.12349,0.395021E-01
0.629272,3.12652,0.145880
0.629883,3.12955,-0.215980
0.630493,3.13259,0.333860E-01
0.631104,3.13562,-0.566070E-01
0.631714,3.13865,-0.433369E-01
0.632324,3.14168,0.785201E-01
0.632935,3.14472,0.377536
0.633545,3.14775,0.379503
0.634155,3.15078,0.334204
0.634766,3.15381,-0.234670
0.635376,3.15685,-0.807674E-01
0.635986,3.15988,0.171818
0.636597,3.16291,0.357827
0.637207,3.16594,-0.958095E-02
0.637817,3.16898,-0.332123
0.638428,3.17201,-0.268786E-01
0.639038,3.17504,0.339581
0.639648,3.17807,1.30649
0.640259,3.18111,-0.114457
0.640869,3.18414,0.610197E-01
0.641479,3.18717,-0.449094
0.642090,3.19020,0.195342E-01
0.642700,3.19324,0.857689E-01
0.643311,3.19627,-0.261504E-01
0.643921,3.19930,-0.229286
0.644531,3.20233,0.550042E-01
0.645142,3.20537,0.142292
0.645752,3.20840,0.204481
0.646362,3.21143,0.547569E-01
0.646973,3.21446,0.172438
0.647583,3.21750,0.359962
0.648193,3.22053,0.990809E-01
0.648804,3.22356,0.222570
0.649414,3.22660,-0.857255E-01
0.650024,3.22963,0.613351
0.650635,3.23266,0.634558
0.651245,3.23569,-0.114192
0.651855,3.23873,-0.105249
0.652466,3.24176,-0.611576E-01
0.653076,3.24479,-0.147999
0.653687,3.24782,0.694117
0.654297,3.25086,0.195848
0.654907,3.25389,-0.202781
0.655518,3.25692,0.240987
0.656128,3.25995,-0.126486
0.656738,3.26299,-0.739887E-01
0.657349,3.26602,0.374577E-01
0.657959,3.26905,-0.292454
0.658569,3.27208,-0.170659
0.659180,3.27512,-0.172880E-01
0.659790,3.27815,0.417658
0.660400,3.28118,-0.797531E-02
0.661011,3.28421,-0.423721E-02
0.661621,3.28725,0.111803
0.662231,3.29028,0.411600
0.662842,3.29331,0.604218
0.663452,3.29634,-0.177191
0.664062,3.29938,-0.192768
0.664673,3.30241,0.229281
0.665283,3.30544,0.948243
0.665894,3.30847,0.336064
0.666504,3.31151,0.299363
0.667114,3.31454,0.831035
0.667725,3.31757,0.289248
0.668335,3.32060,0.319195
0.668945,3.32364,0.192106
0.669556,3.32667,-0.217823E-01
0.670166,3.32970,0.306332
0.670776,3.33273,-0.155142E-01
0.671387,3.33577,-0.761508E-01
0.671997,3.33880,-0.135972
0.672607,3.34183,-0.189918
0.673218,3.34486,0.186272
0.673828,3.34790,-0.140657
0.674438,3.35093,0.116334
0.675049,3.35396,0.641281E-01
0.675659,3.35699,0.240218
0.676270,3.36003,0.694679
0.676880,3.36306,0.311488
0.677490,3.36609,0.155713E-01
0.678101,3.36912,0.743435E-01
0.678711,3.37216,0.163237
0.679321,3.37519,-0.573020E-01
0.679932,3.37822,-0.390680E-01
0.680542,3.38125,0.559395E-02
0.681152,3.38429,0.621207
0.681763,3.38732,0.289717
0.682373,3.39035,0.281627E-01
0.682983,3.39338,0.419739
0.683594,3.39642,0.572376
0.684204,3.39945,0.171325
0.684814,3.40248,0.611658
0.685425,3.40551,0.319054E-01
0.686035,3.40855,0.121762
0.686646,3.41158,-0.310001E-01
0.687256,3.41461,0.408385E-01
0.687866,3.41764,0.147904
0.688477,3.42068,0.160417
0.689087,3.42371,0.216386
0.689697,3.42674,-0.147456
0.690308,3.42977,-0.473429E-02
0.690918,3.43281,0.438239
0.691528,3.43584,0.537106
0.692139,3.43887,0.211334
0.692749,3.44190,-0.950536E-01
0.693359,3.44494,0.176982
0.693970,3.44797,-0.131713
0.694580,3.45100,0.397742
0.695190,3.45403,0.197155
0.695801,3.45707,0.410189
0.696411,3.46010,0.177024
0.697021,3.46313,-0.592571E-01
0.697632,3.46616,-0.186703
0.698242,3.46920,-0.181751
0.698853,3.47223,0.498714
0.699463,3.47526,1.50675
0.700073,3.47829,0.392242
0.700684,3.48133,-0.327948E-03
0.701294,3.48436,0.177357
0.701904,3.48739,0.231098E-01
0.702515,3.49042,0.359565
0.703125,3.49346,0.203577
0.703735,3.49649,-0.242238
0.704346,3.49952,-0.791458
0.704956,3.50255,0.291591
0.705566,3.50559,0.958191E-01
0.706177,3.50862,-0.659707E-01
0.706787,3.51165,-0.759736E-01
0.707397,3.51468,0.173739
0.708008,3.51772,0.643619
0.708618,3.52075,0.116159
0.709229,3.52378,0.858356E-01
0.709839,3.52681,0.582065E-01
0.710449,3.52985,-0.711852
0.711060,3.53288,0.179136
0.711670,3.53591,0.262627
0.712280,3.53894,-0.205581
0.712891,3.54198,-0.458337E-01
0.713501,3.54501,0.214425
0.714111,3.54804,-0.550479E-01
0.714722,3.55107,-0.384768E-01
0.715332,3.55411,0.647316E-02
0.715942,3.55714,0.682239
0.716553,3.56017,0.167299
0.717163,3.56320,-0.459979E-01
0.717773,3.56624,0.702493E-01
0.718384,3.56927,-0.193227
0.718994,3.57230,0.794810E-01
0.719604,3.57533,0.292565
0.720215,3.57837,-0.103452
0.720825,3.58140,0.273333
0.721436,3.58443,-0.670653E-02
0.722046,3.58746,-0.595387E-01
0.722656,3.59050,0.466876E-01
0.723267,3.59353,0.615496E-01
0.723877,3.59656,-0.403873E-01
0.724487,3.59959,-0.250233
0.725098,3.60263,-0.407417
0.725708,3.60566,-0.116318E-01
0.726318,3.60869,0.153449
0.726929,3.61172,0.659528E-01
0.727539,3.61476,0.139447
0.728149,3.61779,-0.155569
0.728760,3.62082,-0.102316
0.729370,3.62385,0.431619E-01
0.729980,3.62689,-0.500220
0.730591,3.62992,-0.150930
0.731201,3.63295,-0.268182
0.731812,3.63598,-0.115076
0.732422,3.63902,0.394101
0.733032,3.64205,0.423285
0.733643,3.64508,0.108632
0.734253,3.64811,-0.192484
0.734863,3.65115,-0.616684E-01
0.735474,3.65418,0.233720
0.736084,3.65721,-0.195800
0.736694,3.66024,-0.164556
0.737305,3.66328,-0.306331
0.737915,3.66631,-0.302767E-01
0.738525,3.66934,0.428497E-01
0.739136,3.67237,0.120766
0.739746,3.67541,0.115684
0.740356,3.67844,-0.843459E-01
0.740967,3.68147,-0.111697
0.741577,3.68450,0.213916
0.742188,3.68754,-0.885577E-01
0.742798,3.69057,-0.146061
0.743408,3.69360,-0.398391E-02
0.744019,3.69663,0.266750
0.744629,3.69967,-0.349728
0.745239,3.70270,0.132938
0.745850,3.70573,-0.262868
0.746460,3.70876,0.150212
0.747070,3.71180,-0.233860
0.747681,3.71483,-0.112334
0.748291,3.71786,0.153746
0.748901,3.72089,0.471925E-01
0.749512,3.72393,0.207842
0.750122,3.72696,0.395145E-01
0.750732,3.72999,-0.843333E-03
0.751343,3.73302,-0.154092
0.751953,3.73606,0.152839
0.752563,3.73909,0.179531
0.753174,3.74212,-0.842237E-01
0.753784,3.74515,0.710549E-01
0.754395,3.74819,-0.144827
0.755005,3.75122,-0.608797
0.755615,3.75425,-0.135638
0.756226,3.75728,-0.353000
0.756836,3.76032,0.790773E-02
0.757446,3.76335,0.135697
0.758057,3.76638,-0.104566
0.758667,3.76942,-0.423992
0.759277,3.77245,0.725634E-01
0.759888,3.77548,-0.182897
0.760498,3.77851,-0.576598E-01
0.761108,3.78155,-0.508315E-01
0.761719,3.78458,0.319641E-01
0.762329,3.78761,0.320489
0.762939,3.79064,-0.712729E-01
0.763550,3.79368,-0.666363E-01
0.764160,3.79671,-0.634854E-03
0.764771,3.79974,0.137900
0.765381,3.80277,0.337869E-01
0.765991,3.80581,-0.458159
0.766602,3.80884,-0.117220
0.767212,3.81187,-0.320420
0.767822,3.81490,0.763929E-01
0.768433,3.81794,-0.382104
0.769043,3.82097,-0.135270
0.769653,3.82400,-0.230302E-01
0.770264,3.82703,-0.321178
0.770874,3.83007,-0.473526
0.771484,3.83310,-0.282073
0.772095,3.83613,-0.481683
0.772705,3.83916,-0.252441
0.773315,3.84220,-0.894049E-01
0.773926,3.84523,-0.120555
0.774536,3.84826,0.152903E-01
0.775146,3.85129,-0.329422
0.775757,3.85433,-0.424752
0.776367,3.85736,0.256780
0.776978,3.86039,0.210949
0.777588,3.86342,-0.153195
0.778198,3.86646,-0.616230E-01
0.778809,3.86949,-0.316705
0.779419,3.87252,0.615104E-01
0.780029,3.87555,-0.843804E-01
0.780640,3.87859,-0.949893E-01
0.781250,3.88162,0.118981
0.781860,3.88465,-0.412450E-01
0.782471,3.88768,0.834171E-01
0.783081,3.89072,-0.526215E-01
0.783691,3.89375,-0.327403E-01
0.784302,3.89678,0.286700E-01
0.784912,3.89981,0.120031E-01
0.785522,3.90285,-0.589923E-01
0.786133,3.90588,0.492234E-01
0.786743,3.90891,-0.530711E-01
0.787354,3.91194,-0.202386E-01
0.787964,3.91498,0.688924E-01
0.788574,3.91801,0.260505
0.789185,3.92104,0.920107E-01
0.789795,3.92407,0.365177E-01
0.790405,3.92711,-0.246061
0.791016,3.93014,-0.678366E-02
0.791626,3.93317,-0.150077E-01
0.792236,3.93620,0.155116
0.792847,3.93924,0.133571
0.793457,3.94227,-0.535811E-01
0.794067,3.94530,-0.142335
0.794678,3.94833,-0.148942
0.795288,3.95137,-0.257537
0.795898,3.95440,-0.599497E-01
0.796509,3.95743,0.236192
0.797119,3.96046,0.288095
0.797729,3.96350,-0.921662E-02
0.798340,3.96653,0.243198
0.798950,3.96956,0.358526
0.799561,3.97259,-0.625473E-01
0.800171,3.97563,0.414983
0.800781,3.97866,0.379314
0.801392,3.98169,-0.881122E-01
0.802002,3.98472,0.111861
0.802612,3.98776,-0.749297E-01
0.803223,3.99079,0.155227
0.803833,3.99382,0.115189E-01
0.804443,3.99685,0.137768
0.805054,3.99989,0.115563
0.805664,4.00292,0.216843
0.806274,4.00595,-0.509228E-01
0.806885,4.00898,0.293664E-01
0.807495,4.01202,-0.247201E-01
0.808105,4.01505,-0.109943
0.808716,4.01808,-0.166426
0.809326,4.02111,-0.202362
0.809937,4.02415,0.475420
0.810547,4.02718,0.358728
0.811157,4.03021,-0.396225
0.811768,4.03324,-0.318143
0.812378,4.03628,0.537301E-01
0.812988,4.03931,-0.107468
0.813599,4.04234,0.259680
0.814209,4.04537,0.836971E-01
0.814819,4.04841,0.951956E-02
0.815430,4.05144,-0.126099
0.816040,4.05447,-0.160181
0.816650,4.05750,-0.830270E-01
0.817261,4.06054,0.528929E-01
0.817871,4.06357,-0.118750
0.818481,4.06660,-0.516960
0.819092,4.06963,0.267387
0.819702,4.07267,-0.321932
0.820312,4.07570,0.285640
0.820923,4.07873,-0.111412
0.821533,4.08176,-0.445309E-01
0.822144,4.08480,0.945479E-01
0.822754,4.08783,-0.167217
0.823364,4.09086,-0.111543
0.823975,4.09389,0.282376E-01
0.824585,4.09693,-0.415988
0.825195,4.09996,-0.141587
0.825806,4.10299,0.243769E-01
0.826416,4.10602,-0.694371E-01
0.827026,4.10906,0.139396
0.827637,4.11209,0.247045E-02
0.828247,4.11512,-0.300601
0.828857,4.11815,-0.364712
0.829468,4.12119,-0.841086E-01
0.830078,4.12422,0.638963E-01
0.830688,4.12725,0.251785
0.831299,4.13028,0.878800E-01
0.831909,4.13332,-0.329469E-01
0.832520,4.13635,-0.782733E-01
0.833130,4.13938,-0.653259E-01
0.833740,4.14241,-0.318388E-01
0.834351,4.14545,0.243208
0.834961,4.14848,0.216252
0.835571,4.15151,0.106222
0.836182,4.15454,0.281324
0.836792,4.15758,0.242891
0.837402,4.16061,0.773031E-01
0.838013,4.16364,0.502095E-01
0.838623,4.16667,-0.130039
0.839233,4.16971,0.414078
0.839844,4.17274,0.913735E-01
0.840454,4.17577,0.160219
0.841064,4.17880,0.456470
0.841675,4.18184,0.603513E-01
0.842285,4.18487,0.888627E-01
0.842896,4.18790,-0.377410E-01
0.843506,4.19093,0.103861
0.844116,4.19397,0.484666
0.844727,4.19700,0.189801
0.845337,4.20003,-0.117551
0.845947,4.20306,-0.424562E-02
0.846558,4.20610,-0.266402
0.847168,4.20913,0.452547E-01
0.847778,4.21216,-0.946652E-01
0.848389,4.21519,0.235861E-01
0.848999,4.21823,0.294186E-01
0.849609,4.22126,0.181903E-01
0.850220,4.22429,0.432421
0.850830,4.22732,0.104718
0.851440,4.23036,0.384672
0.852051,4.23339,-0.416130
0.852661,4.23642,-0.213487
0.853271,4.23945,-0.287961
0.853882,4.24249,0.289721
0.854492,4.24552,-0.158353E-01
0.855103,4.24855,0.764227E-01
0.855713,4.25158,0.562296
0.856323,4.25462,0.216209
0.856934,4.25765,0.886277E-01
0.857544,4.26068,0.191808E-01
0.858154,4.26371,-0.306302
0.858765,4.26675,0.108231
0.859375,4.26978,-0.153421E-01
0.859985,4.27281,0.511870E-01
0.860596,4.27584,0.353600
0.861206,4.27888,0.223019
0.861816,4.28191,-0.382261E-01
0.862427,4.28494,0.152081E-01
0.863037,4.28797,0.357325E-01
0.863647,4.29101,0.483148
0.864258,4.29404,0.160328
0.864868,4.29707,0.227733
0.865479,4.30011,-0.308935E-02
0.866089,4.30314,0.248707E-01
0.866699,4.30617,0.129543
0.867310,4.30920,0.184804
0.867920,4.31224,-0.601642E-02
0.868530,4.31527,0.362687E-01
0.869141,4.31830,0.195293E-01
0.869751,4.32133,-0.341827E-01
0.870361,4.32437,0.125997
0.870972,4.32740,0.383375
0.871582,4.33043,-0.107029
0.872192,4.33346,0.176021
0.872803,4.33650,0.296056E-01
0.873413,4.33953,0.242762
0.874023,4.34256,-0.848396E-01
0.874634,4.34559,0.619967E-01
0.875244,4.34863,-0.852863E-01
0.875854,4.35166,0.871041E-01
0.876465,4.35469,0.763073
0.877075,4.35772,0.251748
0.877686,4.36076,-0.348918E-01
0.878296,4.36379,0.415272E-01
0.878906,4.36682,-0.250933
0.879517,4.36985,-0.244040E-01
0.880127,4.37289,-0.294983
0.880737,4.37592,-0.198813
0.881348,4.37895,-0.231552E-01
0.881958,4.38198,0.549477
0.882568,4.38502,0.760955E-01
0.883179,4.38805,0.105855
0.883789,4.39108,0.343902E-01
0.884399,4.39411,0.106157
0.885010,4.39715,0.299487
0.885620,4.40018,-0.127470
0.886230,4.40321,0.364893E-01
0.886841,4.40624,0.246986
0.887451,4.40928,0.197780
0.888062,4.41231,-0.527759E-01
0.888672,4.41534,0.173878E-01
0.889282,4.41837,0.146696E-01
0.889893,4.42141,0.986929E-01
0.890503,4.42444,-0.733645E-01
0.891113,4.42747,-0.416703E-01
0.891724,4.43050,0.258573
0.892334,4.43354,0.634559E-02
0.892944,4.43657,0.849422E-01
0.893555,4.43960,0.118211
0.894165,4.44263,-0.328771
0.894775,4.44567,-0.171697
0.895386,4.44870,0.142586
0.895996,4.45173,-0.426138E-01
0.896606,4.45476,-0.376713E-01
0.897217,4.45780,0.179606
0.897827,4.46083,0.137685
0.898438,4.46386,-0.313825E-01
0.899048,4.46689,0.316480E-01
0.899658,4.46993,0.573998E-01
0.900269,4.47296,0.310440E-01
0.900879,4.47599,0.338803
0.901489,4.47902,0.320736
0.902100,4.48206,0.177248
0.902710,4.48509,0.158386
0.903320,4.48812,0.912596E-01
0.903931,4.49115,0.433581E-01
0.904541,4.49419,0.428505E-01
0.905151,4.49722,0.447173E-01
0.905762,4.50025,0.185306
0.906372,4.50328,0.134348
0.906982,4.50632,0.128124
0.907593,4.50935,-0.313747E-01
0.908203,4.51238,-0.538106E-01
0.908813,4.51541,-0.917133E-01
0.909424,4.51845,0.273295E-01
0.910034,4.52148,0.280733E-01
0.910645,4.52451,0.173791E-01
0.911255,4.52754,0.310268E-01
0.911865,4.53058,0.321358E-02
0.912476,4.53361,-0.863681E-01
0.913086,4.53664,0.144778
0.913696,4.53967,0.425430E-01
0.914307,4.54271,-0.910539E-01
0.914917,4.54574,0.110751
0.915527,4.54877,0.200860
0.916138,4.55180,-0.215136
0.916748,4.55484,0.102663
0.917358,4.55787,0.128406
0.917969,4.56090,0.195659
0.918579,4.56393,-0.781236E-01
0.919189,4.56697,0.365491E-01
0.919800,4.57000,0.187300
0.920410,4.57303,0.625139E-01
0.921021,4.57606,-0.153575
0.921631,4.57910,0.660978E-01
0.922241,4.58213,-0.487710
0.922852,4.58516,0.762304E-01
0.923462,4.58819,-0.112910E-01
0.924072,4.59123,0.316184
0.924683,4.59426,0.103005
0.925293,4.59729,0.150930E-01
0.925903,4.60032,0.680167E-01
0.926514,4.60336,-0.453569E-01
0.927124,4.60639,0.101516
0.927734,4.60942,-0.769045E-01
0.928345,4.61245,-0.115531
0.928955,4.61549,-0.165787
0.929565,4.61852,0.166888E-01
0.930176,4.62155,-0.117316
0.930786,4.62458,-0.460170E-01
0.931396,4.62762,0.190418
0.932007,4.63065,0.491708E-03
0.932617,4.63368,0.149742
0.933228,4.63671,0.486610
0.933838,4.63975,0.238663
0.934448,4.64278,-0.444666E-01
0.935059,4.64581,0.838565E-02
0.935669,4.64884,0.500655E-01
0.936279,4.65188,0.379627
0.936890,4.65491,-0.366974E-01
0.937500,4.65794,-0.256996E-01
0.938110,4.66097,0.484148E-01
0.938721,4.66401,-0.167490
0.939331,4.66704,-0.195784
0.939941,4.67007,-0.924823E-01
0.940552,4.67310,0.238151
0.941162,4.67614,-0.296042E-01
0.941772,4.67917,0.390828E-01
0.942383,4.68220,0.920935E-01
0.942993,4.68523,-0.262755E-01
0.943604,4.68827,-0.122673E-01
0.944214,4.69130,-0.312869E-01
0.944824,4.69433,0.329349E-01
0.945435,4.69736,0.280855E-01
0.946045,4.70040,0.676174E-01
0.946655,4.70343,-0.376293E-01
0.947266,4.70646,-0.187543E-02
0.947876,4.70949,0.936974E-01
0.948486,4.71253,-0.194938E-03
0.949097,4.71556,0.113799
0.949707,4.71859,0.168069
0.950317,4.72162,0.346758E-01
0.950928,4.72466,0.632935E-01
0.951538,4.72769,-0.713146E-01
0.952148,4.73072,-0.101523
0.952759,4.73375,0.250557
0.953369,4.73679,0.124062
0.953979,4.73982,-0.598485E-01
0.954590,4.74285,0.107037
0.955200,4.74588,0.674395E-01
0.955811,4.74892,0.317581
0.956421,4.75195,0.128477E-02
0.957031,4.75498,-0.927920E-02
0.957642,4.75801,0.945665E-01
0.958252,4.76105,-0.497264
0.958862,4.76408,0.142276
0.959473,4.76711,0.295059
0.960083,4.77014,-0.277734
0.960693,4.77318,-0.179537E-01
0.961304,4.77621,0.397851
0.961914,4.77924,0.337763E-01
0.962524,4.78227,0.224638
0.963135,4.78531,0.533909E-01
0.963745,4.78834,0.277013E-01
0.964355,4.79137,-0.195871
0.964966,4.79440,0.139590E-01
0.965576,4.79744,-0.988747E-01
0.966187,4.80047,-0.173979
0.966797,4.80350,0.303836E-01
0.967407,4.80653,-0.184712E-02
0.968018,4.80957,0.146145
0.968628,4.81260,0.201119
0.969238,4.81563,0.119405
0.969849,4.81866,0.723078E-01
0.970459,4.82170,-0.530480E-01
0.971069,4.82473,0.106626
0.971680,4.82776,0.111624E-01
0.972290,4.83079,-0.716061E-01
0.972900,4.83383,-0.245171
0.973511,4.83686,0.260046E-01
0.974121,4.83989,0.230468
0.974731,4.84293,-0.441716E-01
0.975342,4.84596,0.244917
0.975952,4.84899,-0.163715
0.976562,4.85202,0.180018
0.977173,4.85506,0.481598E-01
0.977783,4.85809,-0.443439E-01
0.978394,4.86112,-0.596708E-01
0.979004,4.86415,0.154106E-01
0.979614,4.86719,0.471708E-01
0.980225,4.87022,0.876172E-01
0.980835,4.87325,-0.103341E-01
0.981445,4.87628,-0.460254E-01
0.982056,4.87932,0.624679
0.982666,4.88235,0.130690
0.983276,4.88538,0.267178E-03
0.983887,4.88841,-0.924295E-01
0.984497,4.89145,-0.901398E-03
0.985107,4.89448,-0.397042
0.985718,4.89751,-0.597696
0.986328,4.90054,-0.190582
0.986938,4.90358,0.492563
0.987549,4.90661,0.407276
0.988159,4.90964,-0.799367E-01
0.988770,4.91267,0.177154E-01
0.989380,4.91571,0.578690E-01
0.989990,4.91874,0.616119E-01
0.990601,4.92177,0.325674E-02
0.991211,4.92480,0.485530E-02
0.991821,4.92784,0.158502
0.992432,4.93087,-0.353694E-01
0.993042,4.93390,-0.692740E-01
0.993652,4.93693,-0.968252E-02
0.994263,4.93997,0.338005
0.994873,4.94300,-0.245235E-01
0.995483,4.94603,0.151229E-01
0.996094,4.94906,-0.427279E-01
0.996704,4.95210,-0.603431E-01
0.997314,4.95513,-0.201062E-01
0.997925,4.95816,0.903053E-01
0.998535,4.96119,0.308729E-01
0.999146,4.96423,0.506792E-01
0.999756,4.96726,0.857928E-01
1.00037,4.97029,-0.155961
1.00098,4.97332,-0.123308
1.00159,4.97636,0.121610
1.00220,4.97939,0.169659
1.00281,4.98242,0.953579E-01
1.00342,4.98545,-0.136370
1.00403,4.98849,-0.168639
1.00464,4.99152,-0.268026
1.00525,4.99455,-0.105303
1.00586,4.99758,-0.376680E-01
1.00647,5.00062,0.169712
1.00708,5.00365,0.495335
1.00769,5.00668,0.999965E-01
1.00830,5.00971,0.559601E-01
1.00891,5.01275,-0.699580E-02
1.00952,5.01578,-0.118617
1.01013,5.01881,-0.834398E-02
1.01074,5.02184,0.473610
1.01135,5.02488,0.595897E-01
1.01196,5.02791,0.114145
1.01257,5.03094,0.719175E-01
1.01318,5.03397,0.630390E-02
1.01379,5.03701,0.248240E-01
1.01440,5.04004,0.264444
1.01501,5.04307,0.953906E-02
1.01562,5.04610,-0.436314E-01
1.01624,5.04914,-0.610768E-01
1.01685,5.05217,0.269590E-01
1.01746,5.05520,-0.371433
1.01807,5.05823,0.137088E-01
1.01868,5.06127,0.223719
1.01929,5.06430,0.324565
1.01990,5.06733,-0.533438E-01
1.02051,5.07036,-0.733138E-01
1.02112,5.07340,0.143322
1.02173,5.07643,0.690455E-01
1.02234,5.07946,0.108191E-01
1.02295,5.08249,-0.349630
1.02356,5.08553,-0.308201
1.02417,5.08856,-0.121274
1.02478,5.09159,-0.128885
1.02539,5.09462,0.613533E-01
1.02600,5.09766,0.247840
1.02661,5.10069,0.175748E-01
1.02722,5.10372,-0.746811E-01
1.02783,5.10675,-0.540703E-01
1.02844,5.10979,-0.269828
1.02905,5.11282,-0.229117
1.02966,5.11585,-0.141170
1.03027,5.11888,0.485600E-01
1.03088,5.12192,-0.191918E-01
1.03149,5.12495,0.547825E-01
1.03210,5.12798,0.196660E-01
1.03271,5.13101,0.182064
1.03333,5.13405,0.234504
1.03394,5.13708,-0.127019E-01
1.03455,5.14011,-0.327919
1.03516,5.14314,-0.221917
1.03577,5.14618,0.215943
1.03638,5.14921,-0.296523
1.03699,5.15224,-0.231384
1.03760,5.15527,0.243976E-01
1.03821,5.15831,-0.111191
1.03882,5.16134,0.170239
1.03943,5.16437,0.329058
1.04004,5.16740,-0.274848E-01
1.04065,5.17044,-0.283238
1.04126,5.17347,-0.132882
1.04187,5.17650,0.170973
1.04248,5.17953,-0.108548
1.04309,5.18257,-0.135763
1.04370,5.18560,-0.266594E-01
1.04431,5.18863,0.747871E-01
1.04492,5.19166,0.265773
1.04553,5.19470,-0.224785
1.04614,5.19773,0.176693
1.04675,5.20076,0.325679
1.04736,5.20379,0.482443E-01
1.04797,5.20683,-0.105934
1.04858,5.20986,-0.190845
1.04919,5.21289,0.987886E-01
1.04980,5.21592,0.350717E-01
1.05042,5.21896,-0.349760
1.05103,5.22199,0.188237
1.05164,5.22502,0.593042E-01
1.05225,5.22805,-0.907968E-01
1.05286,5.23109,0.102095
1.05347,5.23412,-0.669066E-01
1.05408,5.23715,0.998022E-01
1.05469,5.24018,-0.111412
1.05530,5.24322,-0.299754E-01
1.05591,5.24625,-0.198247
1.05652,5.24928,-0.891964E-02
1.05713,5.25231,-0.562409E-01
1.05774,5.25535,0.605882E-02
1.05835,5.25838,0.169795
1.05896,5.26141,0.154162
1.05957,5.26444,-0.644278E-01
1.06018,5.26748,-0.115462
1.06079,5.27051,0.165456
1.06140,5.27354,0.312113
1.06201,5.27657,0.116190
1.06262,5.27961,0.148601
1.06323,5.28264,0.126571
1.06384,5.28567,-0.447950
1.06445,5.28870,-0.497685
1.06506,5.29174,0.528329E-02
1.06567,5.29477,0.208438
1.06628,5.29780,-0.127421
1.06689,5.30083,0.191982E-01
1.06750,5.30387,-0.126619
1.06812,5.30690,0.117431
1.06873,5.30993,0.268905
1.06934,5.31296,0.266760
1.06995,5.31600,-0.121752E-02
1.07056,5.31903,0.625500E-01
1.07117,5.32206,0.490897
1.07178,5.32509,0.239888
1.07239,5.32813,0.418190E-01
1.07300,5.33116,-0.303554E-01
1.07361,5.33419,0.880033E-01
1.07422,5.33722,0.571636E-02
1.07483,5.34026,-0.186013
1.07544,5.34329,0.320439
1.07605,5.34632,-0.312688
1.07666,5.34935,0.626554E-01
1.07727,5.35239,-0.636239
1.07788,5.35542,0.299871
1.07849,5.35845,-0.192384E-01
1.07910,5.36148,0.292154
1.07971,5.36452,0.752309E-01
1.08032,5.36755,-0.707546E-01
1.08093,5.37058,-0.345123E-01
1.08154,5.37362,0.164516E-01
1.08215,5.37665,0.157435E-01
1.08276,5.37968,-0.240471
1.08337,5.38271,-0.828727E-01
1.08398,5.38575,-0.104753
1.08459,5.38878,-0.597998E-01
1.08521,5.39181,-0.864140E-01
1.08582,5.39484,-0.319996E-01
1.08643,5.39788,0.113742
1.08704,5.40091,-0.417429
1.08765,5.40394,-0.395864
1.08826,5.40697,-0.355665
1.08887,5.41001,-0.782677E-01
1.08948,5.41304,-0.203705
1.09009,5.41607,-0.448226
1.09070,5.41910,0.373921
1.09131,5.42214,0.123173
1.09192,5.42517,0.919826E-01
1.09253,5.42820,0.468390E-01
1.09314,5.43123,0.353396
1.09375,5.43427,0.440175E-01
1.09436,5.43730,0.167064
1.09497,5.44033,0.291774E-01
1.09558,5.44336,0.289963
1.09619,5.44640,0.113402E-01
1.09680,5.44943,-0.276427E-01
1.09741,5.45246,0.317224
1.09802,5.45549,0.266554E-01
1.09863,5.45853,0.138948
1.09924,5.46156,0.117277E-01
1.09985,5.46459,-0.136027
1.10046,5.46762,-0.130549
1.10107,5.47066,0.211687
1.10168,5.47369,0.140466E-01
1.10229,5.47672,0.189237E-01
1.10291,5.47975,-0.521344E-02
1.10352,5.48279,0.336450E-02
1.10413,5.48582,0.254080
1.10474,5.48885,-0.658214E-01
1.10535,5.49188,0.177447
1.10596,5.49492,0.562157
1.10657,5.49795,-0.251920E-02
1.10718,5.50098,0.388781
1.10779,5.50401,0.271042
1.10840,5.50705,0.504399
1.10901,5.51008,-0.153275
1.10962,5.51311,0.289213
1.11023,5.51614,0.205547
1.11084,5.51918,0.142491
1.11145,5.52221,-0.168860E-01
1.11206,5.52524,0.352226E-01
1.11267,5.52827,0.102872
1.11328,5.53131,0.205513
1.11389,5.53434,0.256580
1.11450,5.53737,0.347213E-01
1.11511,5.54040,-0.718889E-01
1.11572,5.54344,0.760181E-01
1.11633,5.54647,0.438423
1.11694,5.54950,0.197508
1.11755,5.55253,-0.712999E-02
1.11816,5.55557,0.671065E-01
1.11877,5.55860,0.664857E-01
1.11938,5.56163,0.114312
1.12000,5.56466,0.802228E-01
1.12061,5.56770,-0.282930
1.12122,5.57073,-0.181322E-01
1.12183,5.57376,-0.405335E-01
1.12244,5.57679,0.257298E-01
1.12305,5.57983,0.222898E-01
1.12366,5.58286,0.414694
1.12427,5.58589,0.151500
1.12488,5.58892,-0.399673E-02
1.12549,5.59196,0.497907E-01
1.12610,5.59499,0.255019
1.12671,5.59802,0.123888E-01
1.12732,5.60105,0.796671E-01
1.12793,5.60409,-0.128667
1.12854,5.60712,-0.647380E-01
1.12915,5.61015,-0.152244
1.12976,5.61318,-0.646270E-02
1.13037,5.61622,0.170316
1.13098,5.61925,0.162091
1.13159,5.62228,-0.179689E-01
1.13220,5.62531,0.596756
1.13281,5.62835,0.152309
1.13342,5.63138,-0.646016E-01
1.13403,5.63441,0.155351E-01
1.13464,5.63744,-0.102267
1.13525,5.64048,-0.145502
1.13586,5.64351,-0.370255
1.13647,5.64654,0.157743
1.13708,5.64957,0.304582
1.13770,5.65261,-0.247072
1.13831,5.65564,-0.781694E-01
1.13892,5.65867,0.107477E-01
1.13953,5.66170,-0.342914
1.14014,5.66474,-0.119677
1.14075,5.66777,0.139207
1.14136,5.67080,-0.119373
1.14197,5.67383,-0.125936
1.14258,5.67687,0.102806
1.14319,5.67990,0.318595
1.14380,5.68293,-0.247375
1.14441,5.68596,-0.116691
1.14502,5.68900,-0.170456
1.14563,5.69203,0.774822E-01
1.14624,5.69506,0.847981E-01
1.14685,5.69809,-0.246974E-01
1.14746,5.70113,0.502176E-01
1.14807,5.70416,0.938390E-01
1.14868,5.70719,0.219410
1.14929,5.71022,0.112911
1.14990,5.71326,0.120585
1.15051,5.71629,-0.607085E-01
1.15112,5.71932,-0.787774E-01
1.15173,5.72235,0.221497
1.15234,5.72539,0.261139
1.15295,5.72842,-0.494854E-02
1.15356,5.73145,0.314822E-01
1.15417,5.73448,0.152978
1.15479,5.73752,-0.534989E-01
1.15540,5.74055,-0.254953E-02
1.15601,5.74358,-0.418470
1.15662,5.74661,-0.562874E-02
1.15723,5.74965,0.445139
1.15784,5.75268,-0.126294
1.15845,5.75571,-0.217038
1.15906,5.75874,-0.194056
1.15967,5.76178,-0.809495E-02
1.16028,5.76481,0.184700
1.16089,5.76784,-0.885309E-01
1.16150,5.77087,0.157038
1.16211,5.77391,0.233096
1.16272,5.77694,-0.136863E-02
1.16333,5.77997,0.263814
1.16394,5.78300,-0.709593E-01
1.16455,5.78604,0.290287
1.16516,5.78907,0.110547
1.16577,5.79210,0.783140E-01
1.16638,5.79513,0.300473E-01
1.16699,5.79817,-0.315318
1.16760,5.80120,-0.570861E-01
1.16821,5.80423,0.862413E-01
1.16882,5.80726,0.126090E-01
1.16943,5.81030,-0.112468
1.17004,5.81333,0.104890E-01
1.17065,5.81636,0.570522E-01
1.17126,5.81939,0.137155E-01
1.17188,5.82243,0.689463E-01
1.17249,5.82546,-0.179615
1.17310,5.82849,-0.256406
1.17371,5.83152,-0.141325
1.17432,5.83456,-0.272573
1.17493,5.83759,0.261157E-01
1.17554,5.84062,-0.277459
1.17615,5.84365,0.386394
1.17676,5.84669,0.339923
1.17737,5.84972,-0.521854E-01
1.17798,5.85275,-0.556818E-01
1.17859,5.85578,0.538113E-01
1.17920,5.85882,-0.193004E-01
1.17981,5.86185,-0.875526E-01
1.18042,5.86488,-0.305085E-01
1.18103,5.86791,-0.211336
1.18164,5.87095,-0.904263E-01
1.18225,5.87398,-0.636488E-01
1.18286,5.87701,-0.103304
1.18347,5.88004,-0.193761
1.18408,5.88308,-0.264307E-01
1.18469,5.88611,0.568339
1.18530,5.88914,0.118037E-01
1.18591,5.89217,0.114788
1.18652,5.89521,0.736854E-01
1.18713,5.89824,0.529339E-01
1.18774,5.90127,0.498499E-01
1.18835,5.90430,-0.593946E-01
1.18896,5.90734,0.352876
1.18958,5.91037,-0.195490E-02
1.19019,5.91340,0.511144E-01
1.19080,5.91644,0.110972E-01
1.19141,5.91947,0.145987
1.19202,5.92250,-0.876087E-01
1.19263,5.92553,0.282901
1.19324,5.92857,-0.291509E-01
1.19385,5.93160,0.118319E-01
1.19446,5.93463,-0.145524
1.19507,5.93766,0.117253
1.19568,5.94070,-0.701238E-01
1.19629,5.94373,-0.259384
1.19690,5.94676,-0.446338E-01
1.19751,5.94979,0.150732
1.19812,5.95283,0.565115E-01
1.19873,5.95586,0.144089
1.19934,5.95889,-0.774554E-02
1.19995,5.96192,-0.164876
1.20056,5.96496,-0.187828E-02
1.20117,5.96799,0.360696E-01
1.20178,5.97102,0.170648
1.20239,5.97405,0.172583
1.20300,5.97709,0.925651E-01
1.20361,5.98012,0.110316E-02
1.20422,5.98315,-0.153992
1.20483,5.98618,0.192655
1.20544,5.98922,-0.151857
1.20605,5.99225,-0.100512
1.20667,5.99528,0.447774
1.20728,5.99831,0.127196
1.20789,6.00135,0.205270
1.20850,6.00438,0.333943
1.20911,6.00741,-0.498651E-01
1.20972,6.01044,0.429997E-01
1.21033,6.01348,0.530802
1.21094,6.01651,0.169838
1.21155,6.01954,0.224728E-01
1.21216,6.02257,0.129506
1.21277,6.02561,-0.506727E-01
1.21338,6.02864,-0.104528
1.21399,6.03167,0.209282
1.21460,6.03470,-0.348182
1.21521,6.03774,0.600507E-01
1.21582,6.04077,0.777895E-01
1.21643,6.04380,-0.110372
1.21704,6.04683,-0.689406E-03
1.21765,6.04987,-0.256486E-01
1.21826,6.05290,-0.943505E-02
1.21887,6.05593,-0.632118E-01
1.21948,6.05896,0.153330
1.22009,6.06200,0.153784
1.22070,6.06503,-0.433612E-03
1.22131,6.06806,0.387229E-01
1.22192,6.07109,0.166559
1.22253,6.07413,0.126364
1.22314,6.07716,0.539314E-01
1.22375,6.08019,0.171357
1.22437,6.08322,0.245849
1.22498,6.08626,0.246886
1.22559,6.08929,0.673673E-02
1.22620,6.09232,0.661543E-01
1.22681,6.09535,0.162321E-01
1.22742,6.09839,-0.189898E-01
1.22803,6.10142,-0.215244
1.22864,6.10445,0.262844
1.22925,6.10748,0.397725
1.22986,6.11052,0.197526
1.23047,6.11355,0.214743
1.23108,6.11658,-0.307559E-01
1.23169,6.11961,0.173215
1.23230,6.12265,0.101682
1.23291,6.12568,-0.446135E-01
1.23352,6.12871,0.858885E-02
1.23413,6.13174,0.121545
1.23474,6.13478,0.729222E-01
1.23535,6.13781,0.901541E-01
1.23596,6.14084,0.437565E-01
1.23657,6.14387,-0.202125E-01
1.23718,6.14691,0.216842
1.23779,6.14994,0.497271
1.23840,6.15297,-0.363971E-01
1.23901,6.15600,0.140938
1.23962,6.15904,-0.134565E-01
1.24023,6.16207,0.272471E-01
1.24084,6.16510,-0.521069E-01
1.24146,6.16813,0.525907E-01
1.24207,6.17117,0.274946
1.24268,6.17420,0.117196
1.24329,6.17723,0.677256E-02
1.24390,6.18026,-0.381178E-01
1.24451,6.18330,-0.376463E-02
1.24512,6.18633,-0.218512E-01
1.24573,6.18936,0.251576
1.24634,6.19239,-0.496068E-01
1.24695,6.19543,-0.123332E-01
1.24756,6.19846,0.389346E-02
1.24817,6.20149,0.225426E-01
1.24878,6.20452,0.942546E-01
1.24939,6.20756,0.155519
1.25000,6.21059,-0.613549
1.25061,6.21362,-0.425949
1.25122,6.21665,-0.288150E-01
1.25183,6.21969,0.758762E-01
1.25244,6.22272,0.151263E-01
1.25305,6.22575,-0.105599
1.25366,6.22878,-0.295223E-01
1.25427,6.23182,-0.895639E-01
1.25488,6.23485,-0.513288E-01
1.25549,6.23788,-0.343546
1.25610,6.24091,-0.274952
1.25671,6.24395,-0.370656
1.25732,6.24698,-0.469198E-01
1.25793,6.25001,-0.102014
1.25854,6.25304,-0.118958E-01
1.25916,6.25608,-0.479864E-01
1.25977,6.25911,0.219904
1.26038,6.26214,0.335904
1.26099,6.26517,0.551288E-01
1.26160,6.26821,0.502454
1.26221,6.27124,-0.126040
1.26282,6.27427,-0.166569E-01
1.26343,6.27730,-0.111148
1.26404,6.28034,0.191298
1.26465,6.28337,0.156548
1.26526,6.28640,-0.542732E-01
1.26587,6.28943,-0.589540E-01
1.26648,6.29247,0.990472E-01
1.26709,6.29550,0.372633
1.26770,6.29853,0.144666
1.26831,6.30156,-0.103230
1.26892,6.30460,-0.119688
1.26953,6.30763,0.657740E-01
1.27014,6.31066,0.936373E-01
1.27075,6.31369,0.108068
1.27136,6.31673,-0.833242E-01
1.27197,6.31976,-0.590475E-01
1.27258,6.32279,0.104668
1.27319,6.32582,0.109013
1.27380,6.32886,0.370486
1.27441,6.33189,0.265714
1.27502,6.33492,-0.863159E-01
1.27563,6.33795,0.214984
1.27625,6.34099,0.149932
1.27686,6.34402,0.226465
1.27747,6.34705,-0.244317E-01
1.27808,6.35008,0.107896
1.27869,6.35312,0.927385E-01
1.27930,6.35615,-0.108403E-01
1.27991,6.35918,0.143820
1.28052,6.36221,-0.422057
1.28113,6.36525,-0.230681
1.28174,6.36828,-0.329074
1.28235,6.37131,0.356687
1.28296,6.37434,0.279629
1.28357,6.37738,-0.158045
1.28418,6.38041,0.297633
1.28479,6.38344,-0.311535
1.28540,6.38647,-0.352539E-01
1.28601,6.38951,0.104054
1.28662,6.39254,0.928444E-01
1.28723,6.39557,0.299309E-01
1.28784,6.39860,-0.360972E-01
1.28845,6.40164,-0.407348E-01
1.28906,6.40467,-0.448086E-01
1.28967,6.40770,0.124677
1.29028,6.41073,0.486935E-01
1.29089,6.41377,0.140270
1.29150,6.41680,0.816077
1.29211,6.41983,0.616096E-01
1.29272,6.42286,0.178394E-01
1.29333,6.42590,0.102850
1.29395,6.42893,0.196949
1.29456,6.43196,0.282181E-01
1.29517,6.43499,0.124278
1.29578,6.43803,0.109151
1.29639,6.44106,0.607916E-01
1.29700,6.44409,-0.125209
1.29761,6.44713,-0.187316
1.29822,6.45016,-0.631980E-01
1.29883,6.45319,-0.379314
1.29944,6.45622,-0.312764E-01
1.30005,6.45926,0.517819E-01
1.30066,6.46229,-0.131448
1.30127,6.46532,0.602355E-01
1.30188,6.46835,-0.178128E-01
1.30249,6.47139,-0.124867
1.30310,6.47442,0.333578E-01
1.30371,6.47745,0.522384E-01
1.30432,6.48048,-0.101597
1.30493,6.48352,-0.113685E-01
1.30554,6.48655,-0.351800E-01
1.30615,6.48958,0.957591E-01
1.30676,6.49261,0.330670
1.30737,6.49565,0.492029
1.30798,6.49868,-0.687917E-01
1.30859,6.50171,0.342348
1.30920,6.50474,0.248652
1.30981,6.50778,0.618034E-01
1.31042,6.51081,-0.432188E-01
1.31104,6.51384,0.436450E-01
1.31165,6.51687,-0.229559
1.31226,6.51991,-0.331070
1.31287,6.52294,0.670122
1.31348,6.52597,0.474554E-01
1.31409,6.52900,-0.963588E-01
1.31470,6.53204,-0.132042
1.31531,6.53507,0.937500E-01
1.31592,6.53810,0.407687E-01
1.31653,6.54113,0.536382E-01
1.31714,6.54417,0.334247
1.31775,6.54720,0.260098
1.31836,6.55023,-0.105207E-01
1.31897,6.55326,0.452457E-01
1.31958,6.55630,0.642241E-01
1.32019,6.55933,-0.865354E-01
1.32080,6.56236,0.216522
1.32141,6.56539,0.126834
1.32202,6.56843,0.513455E-01
1.32263,6.57146,0.850811E-01
1.32324,6.57449,-0.203975
1.32385,6.57752,0.326713
1.32446,6.58056,-0.119690
1.32507,6.58359,0.443849
1.32568,6.58662,0.737059
1.32629,6.58965,-0.145486E-01
1.32690,6.59269,-0.311781E-01
1.32751,6.59572,-0.201383
1.32812,6.59875,-0.283484E-01
1.32874,6.60178,-0.774250E-01
1.32935,6.60482,-0.473341E-01
1.32996,6.60785,-0.250924E-01
1.33057,6.61088,0.210018
1.33118,6.61391,0.612930
1.33179,6.61695,-0.167346E-01
1.33240,6.61998,0.455905
1.33301,6.62301,0.359738
1.33362,6.62604,-0.259366
1.33423,6.62908,-0.222154
1.33484,6.63211,0.146941
1.33545,6.63514,0.228827E-01
1.33606,6.63817,-0.125503
1.33667,6.64121,-0.607850E-01
1.33728,6.64424,0.401790
1.33789,6.64727,0.699517E-01
1.33850,6.65030,-0.117130
1.33911,6.65334,-0.118584
1.33972,6.65637,-0.175673
1.34033,6.65940,0.349897E-02
1.34094,6.66243,-0.131897
1.34155,6.66547,-0.173900
1.34216,6.66850,-0.483451E-01
1.34277,6.67153,0.762792E-01
1.34338,6.67456,-0.524620E-01
1.34399,6.67760,-0.947702E-02
1.34460,6.68063,-0.418198E-01
1.34521,6.68366,-0.538143E-01
1.34583,6.68669,-0.165039
1.34644,6.68973,0.543287
1.34705,6.69276,0.522267E-02
1.34766,6.69579,-0.278797E-01
1.34827,6.69882,-0.461341E-01
1.34888,6.70186,-0.970231E-01
1.34949,6.70489,-0.165527
1.35010,6.70792,0.377117
1.35071,6.71095,-0.219659E-01
1.35132,6.71399,-0.114971
1.35193,6.71702,0.645563E-01
1.35254,6.72005,0.262332E-01
1.35315,6.72308,-0.377678
1.35376,6.72612,0.298491
1.35437,6.72915,0.144557
1.35498,6.73218,-0.172560E-01
1.35559,6.73521,-0.411625E-01
1.35620,6.73825,0.126281
1.35681,6.74128,-0.135804
1.35742,6.74431,-0.996520E-01
1.35803,6.74734,-0.615733E-01
1.35864,6.75038,0.409212
1.35925,6.75341,0.254766
1.35986,6.75644,0.542310E-01
1.36047,6.75947,0.495122E-01
1.36108,6.76251,-0.296205
1.36169,6.76554,0.129787E-03
1.36230,6.76857,-0.339329
1.36292,6.77160,0.101695
1.36353,6.77464,-0.929582
1.36414,6.77767,-0.437183
1.36475,6.78070,-0.143100
1.36536,6.78373,-0.307792
1.36597,6.78677,0.259744E-01
1.36658,6.78980,-0.807735E-02
1.36719,6.79283,0.123744E-02
1.36780,6.79586,-0.353318E-01
1.36841,6.79890,0.810988E-01
1.36902,6.80193,0.163087
1.36963,6.80496,-0.755298E-01
1.37024,6.80799,-0.252026E-01
1.37085,6.81103,0.808548E-02
1.37146,6.81406,-0.185651
1.37207,6.81709,-0.260815E-02
1.37268,6.82012,0.184645
1.37329,6.82316,0.158738E-01
1.37390,6.82619,-0.545616E-01
1.37451,6.82922,-0.598011E-01
1.37512,6.83225,-0.131713
1.37573,6.83529,-0.305956
1.37634,6.83832,-0.422742
1.37695,6.84135,-0.129961
1.37756,6.84438,-0.995619E-01
1.37817,6.84742,0.111070E-01
1.37878,6.85045,0.292111
1.37939,6.85348,-0.509177E-01
1.38000,6.85651,-0.132553
1.38062,6.85955,-0.231539
1.38123,6.86258,-0.213900
1.38184,6.86561,-0.169896
1.38245,6.86864,-0.309579
1.38306,6.87168,-0.303362E-01
1.38367,6.87471,-0.295688E-01
1.38428,6.87774,-0.606820E-01
1.38489,6.88077,0.169356
1.38550,6.88381,-0.370961E-01
1.38611,6.88684,-0.192549
1.38672,6.88987,0.114651
1.38733,6.89290,0.262223
1.38794,6.89594,-0.103776
1.38855,6.89897,0.716088E-01
1.38916,6.90200,0.980734E-01
1.38977,6.90503,-0.526393E-01
1.39038,6.90807,-0.113004
1.39099,6.91110,-0.820665E-02
1.39160,6.91413,0.185757E-01
1.39221,6.91716,0.141508
1.39282,6.92020,0.902972E-01
1.39343,6.92323,0.184050E-01
1.39404,6.92626,0.107109
1.39465,6.92929,-0.329341E-01
1.39526,6.93233,0.213814
1.39587,6.93536,0.445525
1.39648,6.93839,-0.606273E-01
1.39709,6.94142,0.295890
1.39771,6.94446,0.242357
1.39832,6.94749,0.291660
1.39893,6.95052,0.356511E-01
1.39954,6.95355,-0.103273
1.40015,6.95659,-0.636546E-01
1.40076,6.95962,0.128077
1.40137,6.96265,0.795459E-01
1.40198,6.96568,0.275330
1.40259,6.96872,-0.652234E-01
1.40320,6.97175,0.201928
1.40381,6.97478,-0.180401
1.40442,6.97781,-0.569287E-01
1.40503,6.98085,0.160984
1.40564,6.98388,-0.143445
1.40625,6.98691,-0.704316E-01
1.40686,6.98995,-0.136404
1.40747,6.99298,-0.705294E-01
1.40808,6.99601,-0.835203E-01
1.40869,6.99904,0.150886
1.40930,7.00208,0.159005
1.40991,7.00511,-0.104236
1.41052,7.00814,-0.113073
1.41113,7.01117,0.576032E-01
1.41174,7.01421,0.235398
1.41235,7.01724,0.413476
1.41296,7.02027,-0.584650E-01
1.41357,7.02330,0.274164E-01
1.41418,7.02634,-0.106488
1.41479,7.02937,-0.904038E-01
1.41541,7.03240,-0.629547E-01
1.41602,7.03543,0.415553E-01
1.41663,7.03847,0.809910E-01
1.41724,7.04150,-0.208621E-01
1.41785,7.04453,-0.763878E-01
1.41846,7.04756,-0.453143E-01
1.41907,7.05060,-0.216391
1.41968,7.05363,-0.341426E-01
1.42029,7.05666,0.143976
1.42090,7.05969,-0.368869E-01
1.42151,7.06273,-0.332215
1.42212,7.06576,-0.337355
1.42273,7.06879,-0.213450
1.42334,7.07182,-0.117950E-01
1.42395,7.07486,-0.161982E-01
1.42456,7.07789,0.118685
1.42517,7.08092,0.376565E-01
1.42578,7.08395,-0.843691E-01
1.42639,7.08699,-0.386154
1.42700,7.09002,0.230485
1.42761,7.09305,0.154243
1.42822,7.09608,-0.816995E-02
1.42883,7.09912,-0.276208E-01
1.42944,7.10215,0.805008
1.43005,7.10518,-0.788047E-01
1.43066,7.10821,-0.111720
1.43127,7.11125,0.129179
1.43188,7.11428,-0.153406
1.43250,7.11731,0.465588E-02
1.43311,7.12034,-0.774029E-01
1.43372,7.12338,0.259240E-01
1.43433,7.12641,-0.305409E-01
1.43494,7.12944,-0.325010E-01
1.43555,7.13247,0.228028E-01
1.43616,7.13551,0.598589E-01
1.43677,7.13854,0.420609E-01
1.43738,7.14157,0.147352
1.43799,7.14460,0.173951
1.43860,7.14764,0.176022
1.43921,7.15067,0.354017E-01
1.43982,7.15370,0.155446E-01
1.44043,7.15673,-0.131079
1.44104,7.15977,0.238932
1.44165,7.16280,-0.738098E-01
1.44226,7.16583,0.545764E-01
1.44287,7.16886,0.297179
1.44348,7.17190,0.226474E-01
1.44409,7.17493,0.678293E-01
1.44470,7.17796,0.765763E-01
1.44531,7.18099,0.149674
1.44592,7.18403,-0.607815E-01
1.44653,7.18706,0.205156E-01
1.44714,7.19009,0.221380
1.44775,7.19312,0.149114
1.44836,7.19616,-0.450021E-02
1.44897,7.19919,0.752525E-01
1.44958,7.20222,0.619831E-01
1.45020,7.20525,-0.256783E-01
1.45081,7.20829,0.723224E-01
1.45142,7.21132,0.801815E-01
1.45203,7.21435,0.544452E-01
1.45264,7.21738,-0.776150E-03
1.45325,7.22042,-0.153746
1.45386,7.22345,-0.338209E-01
1.45447,7.22648,0.913013E-01
1.45508,7.22951,-0.452367E-01
1.45569,7.23255,0.887117E-01
1.45630,7.23558,0.506124
1.45691,7.23861,-0.349759E-01
1.45752,7.24164,-0.399606E-01
1.45813,7.24468,0.746821E-01
1.45874,7.24771,-0.122195
1.45935,7.25074,-0.651394E-01
1.45996,7.25377,0.543783E-03
1.46057,7.25681,-0.138548
1.46118,7.25984,-0.101663
1.46179,7.26287,-0.128353
1.46240,7.26590,-0.479135E-01
1.46301,7.26894,-0.152577E-01
1.46362,7.27197,-0.193086
1.46423,7.27500,-0.187078E-01
1.46484,7.27803,0.700879E-01
1.46545,7.28107,-0.637531E-01
1.46606,7.28410,-0.609607E-01
1.46667,7.28713,-0.881049E-01
1.46729,7.29016,0.351291E-01
1.46790,7.29320,-0.756780E-02
1.46851,7.29623,0.290825E-01
1.46912,7.29926,0.222041
1.46973,7.30229,-0.714703E-01
1.47034,7.30533,0.240575
1.47095,7.30836,-0.330477E-01
1.47156,7.31139,-0.105749
1.47217,7.31442,-0.359564E-01
1.47278,7.31746,-0.153879
1.47339,7.32049,-0.470577E-01
1.47400,7.32352,-0.264407E-01
1.47461,7.32655,-0.236251
1.47522,7.32959,-0.127714
1.47583,7.33262,0.486983E-01
1.47644,7.33565,0.139947E-01
1.47705,7.33868,0.352655
1.47766,7.34172,0.368197
1.47827,7.34475,0.910170E-01
1.47888,7.34778,-0.263921
1.47949,7.35081,-0.204320
1.48010,7.35385,0.168729
1.48071,7.35688,-0.756355E-02
1.48132,7.35991,0.300737E-01
1.48193,7.36294,0.961654E-02
1.48254,7.36598,-0.586587E-01
1.48315,7.36901,0.121631
1.48376,7.37204,0.274909
1.48438,7.37507,-0.103151E-01
1.48499,7.37811,-0.792194E-01
1.48560,7.38114,0.129509
1.48621,7.38417,0.661934E-01
1.48682,7.38720,0.503737E-01
1.48743,7.39024,-0.897000E-01
1.48804,7.39327,0.282265
1.48865,7.39630,-0.166352E-01
1.48926,7.39933,0.694908E-01
1.48987,7.40237,0.357469E-01
1.49048,7.40540,-0.824487E-01
1.49109,7.40843,-0.220873
1.49170,7.41146,0.156681
1.49231,7.41450,0.194473
1.49292,7.41753,0.840241E-01
1.49353,7.42056,-0.330764E-01
1.49414,7.42359,0.409231E-01
1.49475,7.42663,0.140862
1.49536,7.42966,-0.148024
1.49597,7.43269,0.184901
1.49658,7.43572,0.168378E-01
1.49719,7.43876,0.114144E-01
1.49780,7.44179,-0.973505E-01
1.49841,7.44482,0.235923
1.49902,7.44785,0.431571E-02
1.49963,7.45089,0.262115
1.50024,7.45392,0.329447
1.50085,7.45695,0.250458E-01
1.50146,7.45998,-0.366837E-01
1.50208,7.46302,-0.127399E-01
1.50269,7.46605,-0.943800E-02
1.50330,7.46908,0.144492
1.50391,7.47211,0.120257
1.50452,7.47515,0.152666
1.50513,7.47818,0.505051E-01
1.50574,7.48121,-0.378864E-01
1.50635,7.48424,-0.162555
1.50696,7.48728,0.618099E-01
1.50757,7.49031,0.139962E-01
1.50818,7.49334,-0.367254E-02
1.50879,7.49637,-0.882722E-01
1.50940,7.49941,0.821931E-02
1.51001,7.50244,0.298230E-02
1.51062,7.50547,-0.583433E-02
1.51123,7.50850,0.190780E-01
1.51184,7.51154,0.226802
1.51245,7.51457,0.252067
1.51306,7.51760,0.360606E-01
1.51367,7.52064,-0.296281
1.51428,7.52367,0.111207
1.51489,7.52670,-0.149499
1.51550,7.52973,-0.106300
1.51611,7.53277,-0.167421
1.51672,7.53580,-0.260432E-01
1.51733,7.53883,0.149731
1.51794,7.54186,-0.258662
1.51855,7.54490,-0.846639E-02
1.51917,7.54793,-0.509111E-01
1.51978,7.55096,0.764742E-01
1.52039,7.55399,0.620916E-01
1.52100,7.55703,0.187608E-01
1.52161,7.56006,-0.567675E-01
1.52222,7.56309,0.495388E-01
1.52283,7.56612,0.402972E-01
1.52344,7.56916,0.675582E-01
1.52405,7.57219,0.811064E-01
1.52466,7.57522,0.351794E-01
1.52527,7.57825,-0.319464E-01
1.52588,7.58129,0.202305E-01
1.52649,7.58432,0.190257
1.52710,7.58735,-0.595781E-01
1.52771,7.59038,0.232427E-01
1.52832,7.59342,0.137556E-01
1.52893,7.59645,0.100287
1.52954,7.59948,0.111148
1.53015,7.60251,0.958697E-01
1.53076,7.60555,-0.512317E-02
1.53137,7.60858,0.418708E-01
1.53198,7.61161,0.138257
1.53259,7.61464,-0.111877
1.53320,7.61768,-0.197358
1.53381,7.62071,-0.138519
1.53442,7.62374,-0.128356E-01
1.53503,7.62677,-0.349333E-01
1.53564,7.62981,0.806505E-01
1.53625,7.63284,0.187480
1.53687,7.63587,0.358728E-01
1.53748,7.63890,-0.129173
1.53809,7.64194,0.770128E-01
1.53870,7.64497,0.115701
1.53931,7.64800,0.804614E-01
1.53992,7.65103,-0.457928
1.54053,7.65407,-0.205680
1.54114,7.65710,0.424778
1.54175,7.66013,0.664192E-01
1.54236,7.66316,0.126224
1.54297,7.66620,0.402085
1.54358,7.66923,-0.263601
1.54419,7.67226,-0.248992
1.54480,7.67529,-0.112459E-02
1.54541,7.67833,0.837158E-01
1.54602,7.68136,0.520151E-01
1.54663,7.68439,0.117404
1.54724,7.68742,0.182016
1.54785,7.69046,0.639075E-02
1.54846,7.69349,-0.372099E-01
1.54907,7.69652,-0.242725
1.54968,7.69955,-0.567048
1.55029,7.70259,0.959817E-01
1.55090,7.70562,-0.131696
1.55151,7.70865,0.687457E-01
1.55212,7.71168,-0.735283E-01
1.55273,7.71472,0.274647
1.55334,7.71775,-0.259495E-01
1.55396,7.72078,-0.241036
1.55457,7.72381,-0.409409
1.55518,7.72685,-0.189847
1.55579,7.72988,0.216072
1.55640,7.73291,0.996581E-01
1.55701,7.73594,-0.621011E-01
1.55762,7.73898,-0.812036E-01
1.55823,7.74201,0.102705
1.55884,7.74504,-0.144827E-01
1.55945,7.74807,0.219304
1.56006,7.75111,0.643797E-01
1.56067,7.75414,-0.155591
1.56128,7.75717,0.126285
1.56189,7.76020,-0.310736E-01
1.56250,7.76324,-0.159251
1.56311,7.76627,0.382728
1.56372,7.76930,0.388091
1.56433,7.77233,0.475927
1.56494,7.77537,0.182064
1.56555,7.77840,0.352200E-01
1.56616,7.78143,-0.989141E-01
1.56677,7.78446,-0.586078E-01
1.56738,7.78750,0.765286E-01
1.56799,7.79053,0.144010
1.56860,7.79356,0.167557
1.56921,7.79659,0.116569E-02
1.56982,7.79963,0.112968E-01
1.57043,7.80266,0.369198E-01
1.57104,7.80569,-0.246408E-01
1.57166,7.80872,-0.470550E-01
1.57227,7.81176,-0.491670E-01
1.57288,7.81479,0.451579
1.57349,7.81782,0.560676
1.57410,7.82085,0.737081E-01
1.57471,7.82389,-0.161597E-02
1.57532,7.82692,-0.249284E-01
1.57593,7.82995,0.865060E-01
1.57654,7.83298,0.806184E-02
1.57715,7.83602,0.119090E-01
1.57776,7.83905,0.192111E-01
1.57837,7.84208,0.775467E-02
1.57898,7.84511,0.134643E-01
1.57959,7.84815,0.447513E-01
1.58020,7.85118,0.820002E-01
1.58081,7.85421,-0.341683E-01
1.58142,7.85724,0.804595E-01
1.58203,7.86028,-0.489418E-01
1.58264,7.86331,0.816815E-01
1.58325,7.86634,-0.633525
1.58386,7.86937,0.209849
1.58447,7.87241,0.567653E-01
1.58508,7.87544,0.959499E-02
1.58569,7.87847,-0.310058E-01
1.58630,7.88150,0.318267E-01
1.58691,7.88454,0.139035E-01
1.58752,7.88757,-0.580552E-01
1.58813,7.89060,-0.370025E-02
1.58875,7.89363,-0.187010
1.58936,7.89667,-0.179741E-02
1.58997,7.89970,-0.165715
1.59058,7.90273,-0.236523
1.59119,7.90576,0.817576E-01
1.59180,7.90880,-0.174230E-01
1.59241,7.91183,-0.226532
1.59302,7.91486,0.126904
1.59363,7.91789,0.144954
1.59424,7.92093,0.535249
1.59485,7.92396,0.220910E-01
1.59546,7.92699,0.297988
1.59607,7.93002,0.357562
1.59668,7.93306,-0.149596E-01
1.59729,7.93609,0.364612
1.59790,7.93912,0.457859
1.59851,7.94215,0.946595E-01
1.59912,7.94519,-0.150359
1.59973,7.94822,0.195699
1.60034,7.95125,0.129360
1.60095,7.95428,0.950169E-01
1.60156,7.95732,-0.233712E-01
1.60217,7.96035,0.380193E-02
1.60278,7.96338,-0.850231E-04
1.60339,7.96641,0.271017E-02
1.60400,7.96945,0.136198
1.60461,7.97248,-0.311119E-01
1.60522,7.97551,0.433036
1.60583,7.97854,0.827393E-02
1.60645,7.98158,-0.220801E-01
1.60706,7.98461,-0.723769E-01
1.60767,7.98764,-0.172921
1.60828,7.99067,0.645509E-01
1.60889,7.99371,-0.144120E-01
1.60950,7.99674,0.196675E-01
1.61011,7.99977,0.117235
1.61072,8.00280,0.857888E-01
1.61133,8.00584,-0.243594
1.61194,8.00887,-0.126914
1.61255,8.01190,-0.797099E-01
1.61316,8.01493,-0.204253E-01
1.61377,8.01797,0.835683E-01
1.61438,8.02100,-0.607482E-01
1.61499,8.02403,0.550416E-01
1.61560,8.02706,-0.319980E-01
1.61621,8.03010,-0.188695E-01
1.61682,8.03313,-0.483998E-02
1.61743,8.03616,-0.192630
1.61804,8.03919,-0.770860
1.61865,8.04223,0.843809E-01
1.61926,8.04526,-0.154763
1.61987,8.04829,0.424018E-01
1.62048,8.05132,0.170543
1.62109,8.05436,0.378627E-01
1.62170,8.05739,0.911277E-01
1.62231,8.06042,0.465109E-02
1.62292,8.06346,0.485960E-01
1.62354,8.06649,0.203022
1.62415,8.06952,-0.839213E-01
1.62476,8.07255,-0.656914E-01
1.62537,8.07559,0.446612E-01
1.62598,8.07862,0.770487E-02
1.62659,8.08165,0.171690
1.62720,8.08468,0.281540
1.62781,8.08772,0.232940
1.62842,8.09075,-0.208911E-01
1.62903,8.09378,-0.205735
1.62964,8.09681,0.159571E-01
1.63025,8.09985,0.802527E-01
1.63086,8.10288,0.721831E-02
1.63147,8.10591,0.386231E-01
1.63208,8.10894,0.553212E-02
1.63269,8.11198,-0.603956E-01
1.63330,8.11501,0.292065E-01
1.63391,8.11804,-0.109509
1.63452,8.12107,0.376001E-01
1.63513,8.12411,-0.550766E-01
1.63574,8.12714,0.823924E-01
1.63635,8.13017,0.389664E-02
1.63696,8.13320,-0.550657E-01
1.63757,8.13624,0.185197E-01
1.63818,8.13927,-0.288636E-01
1.63879,8.14230,-0.696968E-01
1.63940,8.14533,-0.793178E-01
1.64001,8.14837,0.998687E-01
1.64062,8.15140,-0.134670
1.64124,8.15443,-0.555373E-01
1.64185,8.15746,-0.732057E-01
1.64246,8.16050,-0.512013E-01
1.64307,8.16353,0.466503E-01
1.64368,8.16656,0.171785
1.64429,8.16959,0.228243E-01
1.64490,8.17263,0.223961
1.64551,8.17566,-0.625825E-01
1.64612,8.17869,-0.267912
1.64673,8.18172,-0.340274
1.64734,8.18476,-0.799797E-01
1.64795,8.18779,-0.286868
1.64856,8.19082,0.100993E-01
1.64917,8.19385,-0.139239E-01
1.64978,8.19689,-0.284377
1.65039,8.19992,-0.384590
1.65100,8.20295,-0.857800E-01
1.65161,8.20598,-0.122520
1.65222,8.20902,0.205514
1.65283,8.21205,-0.975909E-01
1.65344,8.21508,-0.631377E-01
1.65405,8.21811,0.334303E-01
1.65466,8.22115,0.169799
1.65527,8.22418,-0.204217E-01
1.65588,8.22721,-0.218052
1.65649,8.23024,0.675028E-01
1.65710,8.23328,0.230954E-01
1.65771,8.23631,0.192601
1.65833,8.23934,0.539992E-01
1.65894,8.24237,0.117900
1.65955,8.24541,0.302047
1.66016,8.24844,-0.263824
1.66077,8.25147,-0.549862E-01
1.66138,8.25450,0.453948E-01
1.66199,8.25754,-0.739674E-02
1.66260,8.26057,-0.296722E-01
1.66321,8.26360,-0.809923E-01
1.66382,8.26663,0.999037E-01
1.66443,8.26967,0.791089E-01
1.66504,8.27270,-0.101192
1.66565,8.27573,-0.279580E-01
1.66626,8.27876,-0.675697E-01
1.66687,8.28180,-0.231881
1.66748,8.28483,-0.259731E-01
1.66809,8.28786,-0.209904E-01
1.66870,8.29089,0.491516E-01
1.66931,8.29393,0.110692
1.66992,8.29696,0.283307
1.67053,8.29999,-0.136613
1.67114,8.30302,0.731770E-01
1.67175,8.30606,0.169823
1.67236,8.30909,0.951239E-01
1.67297,8.31212,0.942611E-01
1.67358,8.31515,-0.178497
1.67419,8.31819,0.169492E-01
1.67480,8.32122,0.721344E-01
1.67542,8.32425,0.107161
1.67603,8.32728,0.460588
1.67664,8.33032,0.218209
1.67725,8.33335,-0.305534
1.67786,8.33638,0.348010E-01
1.67847,8.33941,0.629264E-01
1.67908,8.34245,-0.185466
1.67969,8.34548,-0.151250E-01
1.68030,8.34851,0.730876E-01
1.68091,8.35154,0.567499E-01
1.68152,8.35458,-0.877035E-01
1.68213,8.35761,-0.373801
1.68274,8.36064,0.830653E-01
1.68335,8.36367,0.361941
1.68396,8.36671,0.179706E-01
1.68457,8.36974,0.122642
1.68518,8.37277,-0.755193E-01
1.68579,8.37580,-0.152458
1.68640,8.37884,-0.126865
1.68701,8.38187,-0.295113
1.68762,8.38490,-0.589682
1.68823,8.38793,-0.560542E-01
1.68884,8.39097,0.245693E-02
1.68945,8.39400,0.624312E-01
1.69006,8.39703,-0.282473E-01
1.69067,8.40006,0.120249
1.69128,8.40310,-0.417871E-01
1.69189,8.40613,0.284823
1.69250,8.40916,-0.175635
1.69312,8.41219,-0.785588
1.69373,8.41523,-0.356448
1.69434,8.41826,-0.893614E-01
1.69495,8.42129,-0.176686
1.69556,8.42432,0.203443E-01
1.69617,8.42736,-0.482185E-02
1.69678,8.43039,-0.217219
1.69739,8.43342,0.365052E-01
1.69800,8.43645,0.770879E-01
1.69861,8.43949,-0.673740E-01
1.69922,8.44252,0.166941
1.69983,8.44555,0.466684E-01
1.70044,8.44858,0.227731
1.70105,8.45162,0.262824
1.70166,8.45465,0.349497E-01
1.70227,8.45768,0.315160
1.70288,8.46071,0.447419E-01
1.70349,8.46375,-0.531329E-01
1.70410,8.46678,-0.248190E-01
1.70471,8.46981,0.474000E-01
1.70532,8.47284,-0.156368
1.70593,8.47588,-0.178807
1.70654,8.47891,0.618018E-01
1.70715,8.48194,0.377494
1.70776,8.48497,0.265635
1.70837,8.48801,0.683887E-01
1.70898,8.49104,-0.843542E-02
1.70959,8.49407,0.641186E-01
1.71021,8.49710,0.123128E-01
1.71082,8.50014,0.187714
1.71143,8.50317,0.518156E-01
1.71204,8.50620,-0.210951
1.71265,8.50923,-0.942985E-01
1.71326,8.51227,-0.208490E-01
1.71387,8.51530,0.178694
1.71448,8.51833,0.944093E-01
1.71509,8.52136,0.235089
1.71570,8.52440,0.175406
1.71631,8.52743,0.651295E-01
1.71692,8.53046,-0.505474E-01
1.71753,8.53349,0.278633
1.71814,8.53653,0.107289E-01
1.71875,8.53956,-0.489408E-01
1.71936,8.54259,-0.963441E-01
1.71997,8.54562,-0.140307E-01
1.72058,8.54866,0.350883E-01
1.72119,8.55169,-0.132801
1.72180,8.55472,-0.495647E-01
1.72241,8.55775,-0.665023E-01
1.72302,8.56079,0.212724
1.72363,8.56382,0.549109E-01
1.72424,8.56685,0.115023
1.72485,8.56988,0.130343E-01
1.72546,8.57292,0.127825E-01
1.72607,8.57595,-0.221181
1.72668,8.57898,0.172683E-01
1.72729,8.58201,0.280969E-01
1.72791,8.58505,0.217756E-02
1.72852,8.58808,0.518117E-01
1.72913,8.59111,0.264411
1.72974,8.59415,0.517854
1.73035,8.59718,0.235861
1.73096,8.60021,-0.117288E-01
1.73157,8.60324,0.183032
1.73218,8.60628,0.774702E-01
1.73279,8.60931,-0.279183E-02
1.73340,8.61234,-0.320282E-01
1.73401,8.61537,0.182960E-01
1.73462,8.61841,0.289452
1.73523,8.62144,0.242524
1.73584,8.62447,0.162754
1.73645,8.62750,0.539931E-01
1.73706,8.63054,0.214132
1.73767,8.63357,0.968172
1.73828,8.63660,0.387710
1.73889,8.63963,-0.298299
1.73950,8.64267,0.932419E-02
1.74011,8.64570,-0.157340
1.74072,8.64873,-0.185839
1.74133,8.65176,-0.106430
1.74194,8.65480,-0.114548
1.74255,8.65783,0.484119E-01
1.74316,8.66086,0.202307
1.74377,8.66389,0.151680
1.74438,8.66693,0.948735E-01
1.74500,8.66996,-0.347279
1.74561,8.67299,0.220476
1.74622,8.67602,0.155429
1.74683,8.67906,-0.108775
1.74744,8.68209,0.254773E-01
1.74805,8.68512,0.111992
1.74866,8.68815,-0.368286E-01
1.74927,8.69119,0.180418
1.74988,8.69422,-0.122243
1.75049,8.69725,-0.433521E-01
1.75110,8.70028,-0.282045
1.75171,8.70332,-0.768568E-01
1.75232,8.70635,-0.710858E-01
1.75293,8.70938,-0.965460E-01
1.75354,8.71241,0.116779
1.75415,8.71545,-0.393700E-01
1.75476,8.71848,-0.613908E-01
1.75537,8.72151,0.898624E-02
1.75598,8.72454,0.572244E-01
1.75659,8.72758,0.619383E-02
1.75720,8.73061,0.854751E-01
1.75781,8.73364,-0.116196
1.75842,8.73667,0.172160
1.75903,8.73971,0.425565
1.75964,8.74274,0.932227E-02
1.76025,8.74577,-0.101583E-01
1.76086,8.74880,-0.116412
1.76147,8.75184,-0.246538
1.76208,8.75487,-0.185517E-01
1.76270,8.75790,-0.245892E-01
1.76331,8.76093,-0.114400E-01
1.76392,8.76397,-0.206368
1.76453,8.76700,-0.316219E-02
1.76514,8.77003,0.301478E-02
1.76575,8.77306,-0.659186E-03
1.76636,8.77610,-0.385266
1.76697,8.77913,0.319792E-01
1.76758,8.78216,-0.166833E-01
1.76819,8.78519,0.760048E-01
1.76880,8.78823,0.534539E-01
1.76941,8.79126,0.240621
1.77002,8.79429,-0.651016E-01
1.77063,8.79732,0.915258E-01
1.77124,8.80036,0.480334E-01
1.77185,8.80339,-0.529432E-01
1.77246,8.80642,-0.219980E-01
1.77307,8.80945,-0.871340E-01
1.77368,8.81249,-0.330434E-01
1.77429,8.81552,0.520105E-01
1.77490,8.81855,-0.190683
1.77551,8.82158,0.529798E-02
1.77612,8.82462,-0.391500E-01
1.77673,8.82765,0.216659
1.77734,8.83068,-0.131106
1.77795,8.83371,-0.120192
1.77856,8.83675,-0.128987E-01
1.77917,8.83978,0.475474E-01
1.77979,8.84281,-0.170982E-02
1.78040,8.84584,0.187943E-01
1.78101,8.84888,-0.183320
1.78162,8.85191,0.114676
1.78223,8.85494,0.288674
1.78284,8.85797,-0.865145E-01
1.78345,8.86101,-0.525166
1.78406,8.86404,-0.963242E-01
1.78467,8.86707,0.393649
1.78528,8.87010,0.266903E-01
1.78589,8.87314,-0.116665
1.78650,8.87617,0.106706E-01
1.78711,8.87920,-0.318049E-01
1.78772,8.88223,0.141804E-01
1.78833,8.88527,0.228164
1.78894,8.88830,0.113004
1.78955,8.89133,0.159952
1.79016,8.89436,-0.783941E-01
1.79077,8.89740,0.281818E-02
1.79138,8.90043,-0.885072E-03
1.79199,8.90346,0.447843
1.79260,8.90649,0.142545
1.79321,8.90953,-0.208182E-01
1.79382,8.91256,0.494858E-01
1.79443,8.91559,-0.507282E-01
1.79504,8.91862,-0.169567E-01
1.79565,8.92166,-0.156024
1.79626,8.92469,0.999608E-01
1.79688,8.92772,-0.149640E-01
1.79749,8.93075,0.655263E-01
1.79810,8.93379,-0.505982E-01
1.79871,8.93682,0.506867E-01
1.79932,8.93985,-0.216788E-01
1.79993,8.94288,-0.113036
1.80054,8.94592,0.372306E-01
1.80115,8.94895,-0.135408
1.80176,8.95198,-0.437621E-01
1.80237,8.95501,-0.119128
1.80298,8.95805,0.709334E-01
1.80359,8.96108,0.489942E-01
1.80420,8.96411,-0.296320
1.80481,8.96714,0.427186E-02
1.80542,8.97018,0.489432E-01
1.80603,8.97321,-0.172449
1.80664,8.97624,0.220711E-01
1.80725,8.97927,-0.233438E-01
1.80786,8.98231,0.979436E-01
1.80847,8.98534,-0.142645
1.80908,8.98837,-0.143745
1.80969,8.99140,0.498086E-02
1.81030,8.99444,0.119272E-01
1.81091,8.99747,0.755520E-01
1.81152,9.00050,0.301842
1.81213,9.00353,0.701253E-01
1.81274,9.00657,0.119421
1.81335,9.00960,-0.126046
1.81396,9.01263,0.105910
1.81458,9.01566,0.247557E-01
1.81519,9.01870,-0.156683
1.81580,9.02173,-0.110613
1.81641,9.02476,-0.756284E-01
1.81702,9.02779,-0.504715E-01
1.81763,9.03083,-0.104996
1.81824,9.03386,0.144170
1.81885,9.03689,0.105880
1.81946,9.03992,0.213196
1.82007,9.04296,0.167758E-01
1.82068,9.04599,0.128663
1.82129,9.04902,0.328191
1.82190,9.05205,0.241420
1.82251,9.05509,0.703855E-01
1.82312,9.05812,-0.117102
1.82373,9.06115,-0.128863
1.82434,9.06418,0.298702E-01
1.82495,9.06722,0.978151E-01
1.82556,9.07025,0.450814E-02
1.82617,9.07328,0.662018E-01
1.82678,9.07631,0.294565
1.82739,9.07935,-0.666938E-01
1.82800,9.08238,0.278583E-01
1.82861,9.08541,0.972832E-01
1.82922,9.08844,-0.304026
1.82983,9.09148,0.115227E-01
1.83044,9.09451,-0.235607
1.83105,9.09754,0.114314
1.83167,9.10057,-0.146211
1.83228,9.10361,-0.452107E-03
1.83289,9.10664,-0.116667
1.83350,9.10967,0.105140
1.83411,9.11270,0.362280
1.83472,9.11574,0.374731E-01
1.83533,9.11877,-0.756326E-01
1.83594,9.12180,0.143044
1.83655,9.12483,-0.912561E-01
1.83716,9.12787,-0.178569
1.83777,9.13090,-0.251065
1.83838,9.13393,-0.349257
1.83899,9.13697,0.461807E-02
1.83960,9.14000,0.278876
1.84021,9.14303,-0.115337E-01
1.84082,9.14606,0.268525
1.84143,9.14910,0.868072E-01
1.84204,9.15213,0.323003
1.84265,9.15516,0.112486
1.84326,9.15819,-0.734008E-01
1.84387,9.16123,-0.992158E-01
1.84448,9.16426,-0.100782
1.84509,9.16729,-0.968208E-01
1.84570,9.17032,0.244162
1.84631,9.17336,0.934408E-01
1.84692,9.17639,0.159277
1.84753,9.17942,-0.189929
1.84814,9.18245,0.337425
1.84875,9.18549,-0.504042E-01
1.84937,9.18852,0.438823E-02
1.84998,9.19155,-0.103953
1.85059,9.19458,-0.339295
1.85120,9.19762,-0.125227E-01
1.85181,9.20065,-0.924544E-01
1.85242,9.20368,0.480941E-01
1.85303,9.20671,0.134227E-01
1.85364,9.20975,0.273740E-01
1.85425,9.21278,-0.673932E-01
1.85486,9.21581,-0.699066E-01
1.85547,9.21884,0.141312E-01
1.85608,9.22188,0.574801E-01
1.85669,9.22491,-0.432061E-01
1.85730,9.22794,0.248771
1.85791,9.23097,0.184780
1.85852,9.23401,-0.524300E-01
1.85913,9.23704,-0.243608
1.85974,9.24007,0.125084
1.86035,9.24310,0.735282E-01
1.86096,9.24614,0.149685
1.86157,9.24917,0.500765E-01
1.86218,9.25220,0.308131E-01
1.86279,9.25523,0.118271E-01
1.86340,9.25827,0.282071
1.86401,9.26130,0.196524
1.86462,9.26433,0.427729E-02
1.86523,9.26736,-0.121456E-01
1.86584,9.27040,0.942210E-01
1.86646,9.27343,-0.229407E-01
1.86707,9.27646,0.252431E-01
1.86768,9.27949,0.737186E-01
1.86829,9.28253,0.101202
1.86890,9.28556,-0.198106
1.86951,9.28859,0.528935E-01
1.87012,9.29162,-0.113590E-01
1.87073,9.29466,0.110818E-01
1.87134,9.29769,-0.504710E-01
1.87195,9.30072,-0.121192
1.87256,9.30375,0.162940E-02
1.87317,9.30679,0.535229E-01
1.87378,9.30982,-0.220235
1.87439,9.31285,-0.213911
1.87500,9.31588,0.136134
1.87561,9.31892,-0.324733E-02
1.87622,9.32195,-0.263094
1.87683,9.32498,-0.163981
1.87744,9.32801,-0.109054
1.87805,9.33105,0.107552
1.87866,9.33408,-0.620480E-01
1.87927,9.33711,-0.129603E-01
1.87988,9.34014,-0.129264
1.88049,9.34318,0.174025
1.88110,9.34621,0.263497
1.88171,9.34924,0.265159
1.88232,9.35227,-0.118592E-01
1.88293,9.35531,-0.207722E-01
1.88354,9.35834,0.139596
1.88416,9.36137,-0.838773E-02
1.88477,9.36440,0.890360E-01
1.88538,9.36744,0.832041E-02
1.88599,9.37047,0.888585E-01
1.88660,9.37350,0.348981
1.88721,9.37653,0.600882E-02
1.88782,9.37957,-0.215713E-01
1.88843,9.38260,-0.783701E-01
1.88904,9.38563,-0.222504
1.88965,9.38866,-0.107623
1.89026,9.39170,0.177560
1.89087,9.39473,-0.336967E-01
1.89148,9.39776,0.914989E-01
1.89209,9.40079,-0.935057E-01
1.89270,9.40383,0.559238E-01
1.89331,9.40686,-0.178254E-01
1.89392,9.40989,0.733854E-01
1.89453,9.41292,0.330237
1.89514,9.41596,-0.766499E-01
1.89575,9.41899,0.169348E-03
1.89636,9.42202,0.494082E-02
1.89697,9.42505,-0.282798E-01
1.89758,9.42809,0.681402E-01
1.89819,9.43112,0.267430E-02
1.89880,9.43415,-0.210799E-01
1.89941,9.43718,-0.617646
1.90002,9.44022,0.979169E-02
1.90063,9.44325,-0.277647E-01
1.90125,9.44628,-0.533281E-02
1.90186,9.44931,0.226872
1.90247,9.45235,-0.534102E-01
1.90308,9.45538,0.573026E-01
1.90369,9.45841,0.166520
1.90430,9.46144,-0.910624E-01
1.90491,9.46448,-0.247187
1.90552,9.46751,-0.570033E-01
1.90613,9.47054,0.130804
1.90674,9.47357,-0.339887
1.90735,9.47661,-0.119517
1.90796,9.47964,0.284329E-01
1.90857,9.48267,0.356192E-01
1.90918,9.48570,0.130242E-01
1.90979,9.48874,-0.796531E-01
1.91040,9.49177,0.129163
1.91101,9.49480,-0.180811
1.91162,9.49783,-0.198299E-01
1.91223,9.50087,-0.428882E-01
1.91284,9.50390,0.123930
1.91345,9.50693,0.576765
1.91406,9.50996,0.660367E-01
1.91467,9.51300,0.633059E-01
1.91528,9.51603,0.566874E-01
1.91589,9.51906,0.484285E-01
1.91650,9.52209,-0.456553E-01
1.91711,9.52513,-0.275015E-01
1.91772,9.52816,-0.771085E-01
1.91833,9.53119,0.358768
1.91895,9.53422,0.257784
1.91956,9.53726,-0.925270E-02
1.92017,9.54029,0.177810E-01
1.92078,9.54332,0.841068E-01
1.92139,9.54635,0.173440
1.92200,9.54939,-0.486181E-01
1.92261,9.55242,0.447691
1.92322,9.55545,0.383537
1.92383,9.55848,0.293848
1.92444,9.56152,0.135213
1.92505,9.56455,0.969180E-01
1.92566,9.56758,-0.117552
1.92627,9.57061,0.824443E-01
1.92688,9.57365,-0.182877
1.92749,9.57668,0.317022E-01
1.92810,9.57971,0.686724E-01
1.92871,9.58274,-0.530447E-01
1.92932,9.58578,-0.317301E-01
1.92993,9.58881,-0.884522E-02
1.93054,9.59184,-0.290163E-01
1.93115,9.59487,0.240148
1.93176,9.59791,-0.222856
1.93237,9.60094,-0.110198E-01
1.93298,9.60397,0.279125
1.93359,9.60700,0.162766E-01
1.93420,9.61004,-0.722378E-01
1.93481,9.61307,0.315081E-01
1.93542,9.61610,-0.310106E-01
1.93604,9.61913,-0.379747E-01
1.93665,9.62217,-0.144861E-01
1.93726,9.62520,0.692348E-01
1.93787,9.62823,0.305829
1.93848,9.63126,0.576251E-01
1.93909,9.63430,0.461539E-01
1.93970,9.63733,0.509243E-01
1.94031,9.64036,0.310062E-01
1.94092,9.64339,0.187359E-03
1.94153,9.64643,-0.160485
1.94214,9.64946,-0.369556
1.94275,9.65249,-0.107994
1.94336,9.65552,0.115468
1.94397,9.65856,-0.261385
1.94458,9.66159,0.642369E-01
1.94519,9.66462,0.872193E-01
1.94580,9.66766,-0.658170E-01
1.94641,9.67069,-0.579105E-02
1.94702,9.67372,-0.446637E-01
1.94763,9.67675,-0.262114E-01
1.94824,9.67979,0.131477E-01
1.94885,9.68282,0.164304E-01
1.94946,9.68585,0.136045
1.95007,9.68888,0.742840E-01
1.95068,9.69192,0.305736E-02
1.95129,9.69495,0.268724
1.95190,9.69798,0.263971
1.95251,9.70101,-0.160427
1.95312,9.70405,-0.207295
1.95374,9.70708,0.219631
1.95435,9.71011,-0.449666E-01
1.95496,9.71314,0.124237
1.95557,9.71618,0.158383E-01
1.95618,9.71921,0.221301E-01
1.95679,9.72224,-0.233012E-01
1.95740,9.72527,-0.926972E-01
1.95801,9.72831,0.138222
1.95862,9.73134,0.384462
1.95923,9.73437,-0.719173E-02
1.95984,9.73740,-0.142600
1.96045,9.74044,-0.731081E-01
1.96106,9.74347,-0.461374E-01
1.96167,9.74650,0.987183E-02
1.96228,9.74953,0.277580E-01
1.96289,9.75257,0.489523
1.96350,9.75560,0.354216E-01
1.96411,9.75863,-0.188505
1.96472,9.76166,-0.516446E-01
1.96533,9.76470,0.102494
1.96594,9.76773,-0.143532
1.96655,9.77076,-0.205929
1.96716,9.77379,-0.164681E-02
1.96777,9.77683,-0.248385E-01
1.96838,9.77986,0.159737
1.96899,9.78289,0.941535E-01
1.96960,9.78592,0.161612E-01
1.97021,9.78896,-0.159892
1.97083,9.79199,0.277161E-01
1.97144,9.79502,0.941273E-01
1.97205,9.79805,-0.483682E-02
1.97266,9.80109,-0.582015E-01
1.97327,9.80412,-0.542406E-01
1.97388,9.80715,-0.194772
1.97449,9.81018,0.801726E-01
1.97510,9.81322,0.248278E-01
1.97571,9.81625,-0.100333
1.97632,9.81928,0.116419
1.97693,9.82231,-0.137249E-02
1.97754,9.82535,-0.100796E-01
1.97815,9.82838,0.172904
1.97876,9.83141,0.220945E-01
1.97937,9.83444,-0.225584E-01
1.97998,9.83748,-0.144197
1.98059,9.84051,-0.219675E-01
1.98120,9.84354,0.785826E-01
1.98181,9.84657,0.766453E-01
1.98242,9.84961,0.692286E-01
1.98303,9.85264,0.122425
1.98364,9.85567,-0.649919E-01
1.98425,9.85870,0.101027
1.98486,9.86174,0.474091E-01
1.98547,9.86477,-0.498877E-01
1.98608,9.86780,0.135432
1.98669,9.87083,-0.481611E-01
1.98730,9.87387,0.385269E-01
1.98792,9.87690,0.876195E-01
1.98853,9.87993,-0.446831E-01
1.98914,9.88296,0.790611E-01
1.98975,9.88600,0.194407
1.99036,9.88903,0.541591E-01
1.99097,9.89206,0.223491E-01
1.99158,9.89509,0.925859E-01
1.99219,9.89813,0.299082
1.99280,9.90116,0.214885
1.99341,9.90419,-0.145134
1.99402,9.90722,0.382155E-01
1.99463,9.91026,0.249219
1.99524,9.91329,-0.442431E-01
1.99585,9.91632,-0.307975E-01
1.99646,9.91935,0.217774
1.99707,9.92239,0.865166E-01
1.99768,9.92542,0.121388
1.99829,9.92845,-0.104170E-01
1.99890,9.93148,-0.567831E-01
1.99951,9.93452,0.120834
2.00012,9.93755,0.574974E-01
2.00073,9.94058,-0.714769E-01
2.00134,9.94361,-0.668729E-01
2.00195,9.94665,0.839191E-01
2.00256,9.94968,-0.689560E-02
2.00317,9.95271,-0.346839E-01
2.00378,9.95574,0.391239E-01
2.00439,9.95878,-0.423042E-01
2.00500,9.96181,0.951477E-01
2.00562,9.96484,-0.129992
2.00623,9.96787,-0.630825E-01
2.00684,9.97091,-0.185583
2.00745,9.97394,0.383908E-02
2.00806,9.97697,-0.125554
2.00867,9.98000,-0.154636
2.00928,9.98304,0.176012
2.00989,9.98607,-0.399978E-02
2.01050,9.98910,-0.236615
2.01111,9.99213,-0.554658E-01
2.01172,9.99517,0.238039E-01
2.01233,9.99820,-0.104010
2.01294,10.0012,-0.236100E-01
2.01355,10.0043,-0.118784
2.01416,10.0073,0.309085E-01
2.01477,10.0103,0.491193E-01
2.01538,10.0134,-0.145991E-02
2.01599,10.0164,-0.100599E-01
2.01660,10.0194,-0.123440E-01
2.01721,10.0225,0.117231
2.01782,10.0255,0.321075
2.01843,10.0285,0.366065E-01
2.01904,10.0316,-0.108672E-01
2.01965,10.0346,0.124837E-01
2.02026,10.0376,-0.688424E-01
2.02087,10.0407,-0.680457E-01
2.02148,10.0437,0.348209E-01
2.02209,10.0467,0.325121
2.02271,10.0498,0.151799
2.02332,10.0528,-0.917385E-01
2.02393,10.0558,-0.248450
2.02454,10.0588,0.238801
2.02515,10.0619,-0.130446E-01
2.02576,10.0649,-0.106932
2.02637,10.0679,-0.143117E-01
2.02698,10.0710,0.979572E-01
2.02759,10.0740,0.126490
2.02820,10.0770,0.128492
2.02881,10.0801,-0.875387E-01
2.02942,10.0831,0.157795
2.03003,10.0861,0.375897
2.03064,10.0892,0.386169E-01
2.03125,10.0922,-0.115189E-01
2.03186,10.0952,-0.659410E-01
2.03247,10.0983,0.392399E-01
2.03308,10.1013,0.188959
2.03369,10.1043,0.847924E-01
2.03430,10.1074,-0.121587
2.03491,10.1104,0.242297E-01
2.03552,10.1134,-0.668484
2.03613,10.1165,-1.15584
2.03674,10.1195,-0.115089E-01
2.03735,10.1225,0.182107
2.03796,10.1256,0.275648E-01
2.03857,10.1286,0.937191E-01
2.03918,10.1316,0.153963
2.03979,10.1347,0.449484
2.04041,10.1377,-0.795068E-01
2.04102,10.1407,0.716972E-02
2.04163,10.1438,-0.161067E-01
2.04224,10.1468,0.772769E-01
2.04285,10.1498,0.968549E-01
2.04346,10.1529,-0.727217E-02
2.04407,10.1559,0.682557E-02
2.04468,10.1589,0.346888E-01
2.04529,10.1620,-0.195975
2.04590,10.1650,-0.170775
2.04651,10.1680,0.222972E-01
2.04712,10.1711,-0.221341E-01
2.04773,10.1741,0.104408
2.04834,10.1771,-0.331105E-02
2.04895,10.1801,-0.360979
2.04956,10.1832,0.308502E-01
2.05017,10.1862,0.981941E-01
2.05078,10.1892,0.133182
2.05139,10.1923,-0.172662
2.05200,10.1953,-0.115032
2.05261,10.1983,0.205322
2.05322,10.2014,-0.307363
2.05383,10.2044,-0.169505
2.05444,10.2074,0.524797E-02
2.05505,10.2105,-0.975656E-01
2.05566,10.2135,-0.676131E-01
2.05627,10.2165,0.112339
2.05688,10.2196,0.929395E-01
2.05750,10.2226,-0.886495E-01
2.05811,10.2256,-0.635705E-01
2.05872,10.2287,0.277008E-02
2.05933,10.2317,-0.681395E-01
2.05994,10.2347,0.822488E-01
2.06055,10.2378,0.130049
2.06116,10.2408,0.155358
2.06177,10.2438,0.228515E-01
2.06238,10.2469,0.603209E-01
2.06299,10.2499,-0.395661E-03
2.06360,10.2529,0.248701E-01
2.06421,10.2560,0.964344E-01
2.06482,10.2590,-0.576019E-01
2.06543,10.2620,-0.295063E-02
2.06604,10.2651,0.270988E-01
2.06665,10.2681,-0.334827E-01
2.06726,10.2711,-0.497039E-01
2.06787,10.2742,0.110934E-01
2.06848,10.2772,0.976372E-01
2.06909,10.2802,0.175712
2.06970,10.2833,0.134449
2.07031,10.2863,-0.153658E-01
2.07092,10.2893,0.326232
2.07153,10.2924,0.589710E-01
2.07214,10.2954,-0.109702E-01
2.07275,10.2984,-0.166063
2.07336,10.3015,-0.308238
2.07397,10.3045,-0.586308E-02
2.07458,10.3075,0.317383E-01
2.07520,10.3105,0.570603E-01
2.07581,10.3136,-0.609223E-01
2.07642,10.3166,-0.170855
2.07703,10.3196,0.710021E-01
2.07764,10.3227,0.494720E-01
2.07825,10.3257,0.351202
2.07886,10.3287,-0.284273E-01
2.07947,10.3318,0.936342E-01
2.08008,10.3348,-0.247605
2.08069,10.3378,0.347914
2.08130,10.3409,0.145811E-01
2.08191,10.3439,0.167556E-01
2.08252,10.3469,0.673340E-01
2.08313,10.3500,0.357496
2.08374,10.3530,0.138817
2.08435,10.3560,0.109399
2.08496,10.3591,0.390068E-01
2.08557,10.3621,0.196855
2.08618,10.3651,0.162505
2.08679,10.3682,0.153976
2.08740,10.3712,0.249558
2.08801,10.3742,-0.879574E-01
2.08862,10.3773,0.479217E-01
2.08923,10.3803,0.141718E-01
2.08984,10.3833,0.242701
2.09045,10.3864,-0.726297E-01
2.09106,10.3894,0.815388E-02
2.09167,10.3924,0.121317
2.09229,10.3955,-0.262455E-01
2.09290,10.3985,0.132030
2.09351,10.4015,0.883788E-01
2.09412,10.4046,-0.260615
2.09473,10.4076,0.445062
2.09534,10.4106,0.957441E-01
2.09595,10.4137,0.175760
2.09656,10.4167,0.264808
2.09717,10.4197,0.483492E-01
2.09778,10.4228,0.797588E-02
2.09839,10.4258,-0.401880
2.09900,10.4288,-0.145402
2.09961,10.4318,-0.978797E-01
2.10022,10.4349,-0.177061E-01
2.10083,10.4379,0.153338
2.10144,10.4409,-0.701322E-01
2.10205,10.4440,0.306027
2.10266,10.4470,0.120547
2.10327,10.4500,0.253086
2.10388,10.4531,-0.642882E-01
2.10449,10.4561,-0.247838E-01
2.10510,10.4591,0.379300E-02
2.10571,10.4622,-0.142177
2.10632,10.4652,-0.231958
2.10693,10.4682,0.366995E-01
2.10754,10.4713,-0.433438E-01
2.10815,10.4743,0.482695
2.10876,10.4773,-0.729873E-01
2.10938,10.4804,0.253393
2.10999,10.4834,-0.221265E-01
2.11060,10.4864,0.153842E-01
2.11121,10.4895,0.524747E-01
2.11182,10.4925,-0.903730E-01
2.11243,10.4955,0.166365
2.11304,10.4986,-0.673779E-01
2.11365,10.5016,-0.215950
2.11426,10.5046,-0.339912E-01
2.11487,10.5077,0.361523E-01
2.11548,10.5107,0.400164E-01
2.11609,10.5137,0.315553E-01
2.11670,10.5168,0.994871E-01
2.11731,10.5198,-0.855987E-01
2.11792,10.5228,0.504253E-01
2.11853,10.5259,0.271291
2.11914,10.5289,0.652827E-01
2.11975,10.5319,0.108068E-01
2.12036,10.5350,0.120365
2.12097,10.5380,0.158815E-02
2.12158,10.5410,0.270161E-01
2.12219,10.5441,0.209116E-01
2.12280,10.5471,-0.613329E-01
2.12341,10.5501,0.960096E-02
2.12402,10.5531,0.227154E-01
2.12463,10.5562,0.321312E-01
2.12524,10.5592,-0.328796E-01
2.12585,10.5622,0.244544
2.12646,10.5653,0.561552E-01
2.12708,10.5683,-0.540106E-02
2.12769,10.5713,-0.672223E-01
2.12830,10.5744,0.124042E-01
2.12891,10.5774,-0.197212E-01
2.12952,10.5804,-0.225024
2.13013,10.5835,-0.566444E-01
2.13074,10.5865,0.582158E-01
2.13135,10.5895,-0.731754E-01
2.13196,10.5926,0.210212
2.13257,10.5956,0.259693
2.13318,10.5986,0.254817E-02
2.13379,10.6017,0.140860
2.13440,10.6047,0.130100
2.13501,10.6077,-0.469378E-01
2.13562,10.6108,-0.108520
2.13623,10.6138,-0.591557E-01
2.13684,10.6168,0.802530E-01
2.13745,10.6199,0.187741
2.13806,10.6229,-0.382155E-01
2.13867,10.6259,0.338687E-01
2.13928,10.6290,0.805140E-01
2.13989,10.6320,-0.889890E-01
2.14050,10.6350,-0.120905
2.14111,10.6381,-0.292950E-01
2.14172,10.6411,-0.182959
2.14233,10.6441,0.289845E-01
2.14294,10.6472,0.358356
2.14355,10.6502,-0.117412E-01
2.14417,10.6532,0.118249
2.14478,10.6563,-0.174484
2.14539,10.6593,-0.606493E-01
2.14600,10.6623,0.769372E-02
2.14661,10.6654,-0.891526E-01
2.14722,10.6684,-0.761637E-02
2.14783,10.6714,0.322477E-01
2.14844,10.6744,0.208533E-01
2.14905,10.6775,0.255423E-01
2.14966,10.6805,-0.260692
2.15027,10.6835,-0.968113E-01
2.15088,10.6866,-0.372500E-02
2.15149,10.6896,-0.317174
2.15210,10.6926,-0.196508
2.15271,10.6957,-0.468822E-01
2.15332,10.6987,-0.175034
2.15393,10.7017,0.205403E-02
2.15454,10.7048,0.108890
2.15515,10.7078,0.119707
2.15576,10.7108,-0.973971E-01
2.15637,10.7139,-0.143903E-01
2.15698,10.7169,0.224384E-01
2.15759,10.7199,0.433459E-01
2.15820,10.7230,0.677399E-01
2.15881,10.7260,-0.262290E-01
2.15942,10.7290,-0.633465E-01
2.16003,10.7321,0.287873
2.16064,10.7351,0.122439E-01
2.16125,10.7381,0.100747
2.16187,10.7412,0.795959E-01
2.16248,10.7442,-0.103782
2.16309,10.7472,-0.556664
2.16370,10.7503,-0.945461E-02
2.16431,10.7533,0.215362
2.16492,10.7563,-0.988887E-01
2.16553,10.7594,0.133270
2.16614,10.7624,0.266939
2.16675,10.7654,-0.482883E-01
2.16736,10.7685,-0.628594E-01
2.16797,10.7715,-0.700431E-01
2.16858,10.7745,0.228132E-01
2.16919,10.7776,-0.338757
2.16980,10.7806,-0.176705
2.17041,10.7836,0.764797E-01
2.17102,10.7867,0.198115
2.17163,10.7897,-0.247772E-01
2.17224,10.7927,-0.360001E-01
2.17285,10.7958,-0.255283
2.17346,10.7988,-0.959677E-01
2.17407,10.8018,0.528485E-01
2.17468,10.8048,0.545366E-01
2.17529,10.8079,0.492472E-01
2.17590,10.8109,-0.448217E-01
2.17651,10.8139,-0.372322E-01
2.17712,10.8170,-0.217283E-01
2.17773,10.8200,0.110758E-01
2.17834,10.8230,0.505736E-01
2.17896,10.8261,0.129754E-02
2.17957,10.8291,0.166964E-01
2.18018,10.8321,0.491538E-01
2.18079,10.8352,0.147103
2.18140,10.8382,0.536080E-01
2.18201,10.8412,-0.120366
2.18262,10.8443,0.342163
2.18323,10.8473,0.436119
2.18384,10.8503,0.233001E-01
2.18445,10.8534,0.374384
2.18506,10.8564,-0.655876E-02
2.18567,10.8594,-0.132443E-01
2.18628,10.8625,0.279141E-01
2.18689,10.8655,-0.194192
2.18750,10.8685,0.330969
2.18811,10.8716,-0.745510E-01
2.18872,10.8746,-0.144061
2.18933,10.8776,-0.420536E-01
2.18994,10.8807,0.288317E-01
2.19055,10.8837,0.133235
2.19116,10.8867,-0.314988E-01
2.19177,10.8898,0.144357
2.19238,10.8928,0.381673E-01
2.19299,10.8958,-0.634675E-01
2.19360,10.8989,-0.392377E-01
2.19421,10.9019,0.590349E-01
2.19482,10.9049,-0.167215E-01
2.19543,10.9080,0.548567E-01
2.19604,10.9110,0.952795E-01
2.19666,10.9140,0.220299
2.19727,10.9171,0.147828E-01
2.19788,10.9201,0.194356
2.19849,10.9231,-0.360835E-01
2.19910,10.9261,-0.111130
2.19971,10.9292,-0.181565
2.20032,10.9322,0.518946E-01
2.20093,10.9352,-0.361749E-02
2.20154,10.9383,0.165015
2.20215,10.9413,-0.362796E-01
2.20276,10.9443,0.432736E-01
2.20337,10.9474,-0.383388E-01
2.20398,10.9504,0.202391E-01
2.20459,10.9534,0.144769
2.20520,10.9565,0.155274E-01
2.20581,10.9595,0.317061E-01
2.20642,10.9625,0.729582E-01
2.20703,10.9656,-0.140157E-01
2.20764,10.9686,-0.224648
2.20825,10.9716,-0.293723
2.20886,10.9747,-0.317380
2.20947,10.9777,0.639885E-01
2.21008,10.9807,0.224666
2.21069,10.9838,-0.202507
2.21130,10.9868,-0.123542
2.21191,10.9898,0.211675E-01
2.21252,10.9929,-0.252756
2.21313,10.9959,0.397934
2.21375,10.9989,0.640908
2.21436,11.0020,0.377529
2.21497,11.0050,-0.478054E-01
2.21558,11.0080,-0.673310E-02
2.21619,11.0111,0.439832E-01
2.21680,11.0141,0.141236
2.21741,11.0171,-0.365008E-03
2.21802,11.0202,-0.512777
2.21863,11.0232,-0.799104E-01
2.21924,11.0262,0.542653E-03
2.21985,11.0293,-0.647980E-03
2.22046,11.0323,-0.184518
2.22107,11.0353,-0.344078E-02
2.22168,11.0384,0.341812E-01
2.22229,11.0414,-0.139489E-01
2.22290,11.0444,0.133573E-01
2.22351,11.0474,-0.456069E-01
2.22412,11.0505,0.135748E-01
2.22473,11.0535,0.235626E-01
2.22534,11.0565,0.113978E-01
2.22595,11.0596,-0.303024
2.22656,11.0626,-0.191777
2.22717,11.0656,0.339481E-01
2.22778,11.0687,-0.907326E-01
2.22839,11.0717,0.204753E-01
2.22900,11.0747,-0.176543
2.22961,11.0778,-0.155566
2.23022,11.0808,0.842263E-01
2.23083,11.0838,0.585691E-01
2.23145,11.0869,-0.123407
2.23206,11.0899,0.151338E-01
2.23267,11.0929,0.142971
2.23328,11.0960,0.990853E-01
2.23389,11.0990,-0.497267E-01
2.23450,11.1020,-0.497949E-01
2.23511,11.1051,0.300035
2.23572,11.1081,0.245439
2.23633,11.1111,0.138758
2.23694,11.1142,0.417487E-01
2.23755,11.1172,0.729820E-01
2.23816,11.1202,0.709925E-03
2.23877,11.1233,0.189716E-01
2.23938,11.1263,0.133389
2.23999,11.1293,0.853841E-01
2.24060,11.1324,0.582504E-01
2.24121,11.1354,-0.220581
2.24182,11.1384,0.232178
2.24243,11.1415,0.623059E-01
2.24304,11.1445,0.356409E-01
2.24365,11.1475,-0.216406
2.24426,11.1506,0.378967E-01
2.24487,11.1536,-0.118540
2.24548,11.1566,0.345105
2.24609,11.1597,0.643918
2.24670,11.1627,0.251475
2.24731,11.1657,0.581581E-01
2.24792,11.1687,0.686204E-02
2.24854,11.1718,-0.317638E-01
2.24915,11.1748,0.135713
2.24976,11.1778,0.259244
2.25037,11.1809,0.128101
2.25098,11.1839,-0.107042
2.25159,11.1869,0.182145
2.25220,11.1900,-0.111138
2.25281,11.1930,0.103843
2.25342,11.1960,0.130870
2.25403,11.1991,0.987960E-01
2.25464,11.2021,-0.353552E-01
2.25525,11.2051,-0.503597E-01
2.25586,11.2082,0.108836
2.25647,11.2112,0.303012
2.25708,11.2142,0.983463E-01
2.25769,11.2173,0.271323E-01
2.25830,11.2203,-0.113977E-01
2.25891,11.2233,0.286786E-01
2.25952,11.2264,0.157863
2.26013,11.2294,0.346350E-01
2.26074,11.2324,-0.729676E-02
2.26135,11.2355,-0.618097E-01
2.26196,11.2385,-0.305941E-01
2.26257,11.2415,-0.319080E-01
2.26318,11.2446,0.397105E-02
2.26379,11.2476,0.766953E-01
2.26440,11.2506,-0.878503E-01
2.26501,11.2537,0.352423E-01
2.26562,11.2567,-0.471649E-01
2.26624,11.2597,0.148678
2.26685,11.2628,-0.727202E-01
2.26746,11.2658,-0.713712E-01
2.26807,11.2688,0.365776E-01
2.26868,11.2719,0.174445
2.26929,11.2749,0.802093E-01
2.26990,11.2779,-0.196406
2.27051,11.2810,-0.659589E-01
2.27112,11.2840,0.251831
2.27173,11.2870,-0.331055E-01
2.27234,11.2901,0.104020
2.27295,11.2931,-0.279093
2.27356,11.2961,-0.128293
2.27417,11.2991,0.257082E-01
2.27478,11.3022,-0.327678
2.27539,11.3052,0.109380E-01
2.27600,11.3082,0.385582E-02
2.27661,11.3113,-0.413944E-01
2.27722,11.3143,-0.156460
2.27783,11.3173,0.208914
2.27844,11.3204,-0.644086E-01
2.27905,11.3234,0.351573E-02
2.27966,11.3264,-0.376185E-01
2.28027,11.3295,-0.340476E-01
2.28088,11.3325,0.680088E-01
2.28149,11.3355,0.269337E-01
2.28210,11.3386,0.253820E-01
2.28271,11.3416,-0.476279E-01
2.28333,11.3446,0.610310E-01
2.28394,11.3477,0.176751E-02
2.28455,11.3507,-0.156065E-01
2.28516,11.3537,0.552530E-01
2.28577,11.3568,-0.133813
2.28638,11.3598,0.613294E-01
2.28699,11.3628,-0.507651E-01
2.28760,11.3659,0.491314E-01
2.28821,11.3689,-0.235802E-01
2.28882,11.3719,-0.630698E-01
2.28943,11.3750,0.806264E-01
2.29004,11.3780,0.713445E-01
2.29065,11.3810,0.327846E-01
2.29126,11.3841,-0.385895E-01
2.29187,11.3871,-0.161110
2.29248,11.3901,0.189226
2.29309,11.3932,-0.568214
2.29370,11.3962,0.285797E-01
2.29431,11.3992,0.182877
2.29492,11.4023,-0.507336E-02
2.29553,11.4053,0.102962
2.29614,11.4083,0.146947E-01
2.29675,11.4114,0.488636E-01
2.29736,11.4144,-0.317041E-02
2.29797,11.4174,-0.174376
2.29858,11.4204,-0.321693
2.29919,11.4235,-0.662132E-01
2.29980,11.4265,-0.657224E-01
2.30042,11.4295,-0.108064
2.30103,11.4326,-0.837512E-02
2.30164,11.4356,0.386836E-01
2.30225,11.4386,-0.523986E-01
2.30286,11.4417,0.302478E-01
2.30347,11.4447,0.381156E-02
2.30408,11.4477,-0.730634E-01
2.30469,11.4508,0.641933E-01
2.30530,11.4538,-0.601203E-04
2.30591,11.4568,-0.155655E-01
2.30652,11.4599,-0.119147
2.30713,11.4629,-0.826198E-01
2.30774,11.4659,-0.705339E-01
2.30835,11.4690,0.190032E-01
2.30896,11.4720,-0.907641E-01
2.30957,11.4750,-0.257824E-01
2.31018,11.4781,0.154390
2.31079,11.4811,0.348030E-01
2.31140,11.4841,0.583001E-01
2.31201,11.4872,0.580704E-01
2.31262,11.4902,0.285456E-01
2.31323,11.4932,0.140595E-01
2.31384,11.4963,0.653051E-02
2.31445,11.4993,-0.824915E-01
2.31506,11.5023,-0.471452E-02
2.31567,11.5054,-0.277921
2.31628,11.5084,-0.223693
2.31689,11.5114,-0.292241
2.31750,11.5145,-0.295773E-01
2.31812,11.5175,0.739221E-01
2.31873,11.5205,0.110879
2.31934,11.5236,-0.153036E-01
2.31995,11.5266,0.226989
2.32056,11.5296,0.293467
2.32117,11.5327,0.390526E-01
2.32178,11.5357,-0.676197E-01
2.32239,11.5387,0.737374E-02
2.32300,11.5417,-0.339043E-02
2.32361,11.5448,0.349537E-01
2.32422,11.5478,-0.186212
2.32483,11.5508,-0.282731
2.32544,11.5539,0.227838
2.32605,11.5569,-0.736621E-01
2.32666,11.5599,0.294647E-01
2.32727,11.5630,0.506922
2.32788,11.5660,-0.160064
2.32849,11.5690,0.128906
2.32910,11.5721,0.151589
2.32971,11.5751,-0.646913E-01
2.33032,11.5781,-0.433827
2.33093,11.5812,-0.742352E-01
2.33154,11.5842,0.218974
2.33215,11.5872,0.330366E-01
2.33276,11.5903,0.444962E-02
2.33337,11.5933,-0.500549E-02
2.33398,11.5963,-0.842107E-01
2.33459,11.5994,-0.906424E-01
2.33521,11.6024,0.328180E-01
2.33582,11.6054,0.203109
2.33643,11.6085,-0.618632E-01
2.33704,11.6115,-0.643571E-01
2.33765,11.6145,-0.798892E-02
2.33826,11.6176,0.842992E-01
2.33887,11.6206,0.655025E-02
2.33948,11.6236,-0.183363
2.34009,11.6267,-0.277603
2.34070,11.6297,-0.238931E-01
2.34131,11.6327,0.316193
2.34192,11.6358,0.101750
2.34253,11.6388,0.991734E-01
2.34314,11.6418,0.205697E-01
2.34375,11.6449,0.112316
2.34436,11.6479,0.378550E-01
2.34497,11.6509,-0.175694E-01
2.34558,11.6540,0.249470
2.34619,11.6570,0.610925E-01
2.34680,11.6600,0.675760E-02
2.34741,11.6630,0.141281
2.34802,11.6661,-0.194337
2.34863,11.6691,0.180670E-01
2.34924,11.6721,0.158246
2.34985,11.6752,0.124741E-01
2.35046,11.6782,0.189012
2.35107,11.6812,-0.276737E-02
2.35168,11.6843,0.362410E-01
2.35229,11.6873,-0.172461
2.35291,11.6903,-0.365987
2.35352,11.6934,0.255624
2.35413,11.6964,-0.866959E-01
2.35474,11.6994,0.293865E-01
2.35535,11.7025,-0.421128E-02
2.35596,11.7055,-0.561076E-01
2.35657,11.7085,-0.197896
2.35718,11.7116,-0.153995E-01
2.35779,11.7146,0.372968E-02
2.35840,11.7176,-0.186970E-01
2.35901,11.7207,-0.205766
2.35962,11.7237,-0.166774
2.36023,11.7267,-0.556100E-01
2.36084,11.7298,0.752560E-02
2.36145,11.7328,-0.156506
2.36206,11.7358,0.161436
2.36267,11.7389,-0.751728E-01
2.36328,11.7419,-0.530216E-01
2.36389,11.7449,-0.965832E-01
2.36450,11.7480,-0.625473E-01
2.36511,11.7510,-0.514783E-01
2.36572,11.7540,0.384195E-01
2.36633,11.7571,0.542598E-01
2.36694,11.7601,0.748473E-01
2.36755,11.7631,0.488155E-01
2.36816,11.7662,0.605465E-01
2.36877,11.7692,-0.730800E-02
2.36938,11.7722,0.813513E-01
2.37000,11.7753,0.957414E-01
2.37061,11.7783,0.181092
2.37122,11.7813,0.251252E-02
2.37183,11.7843,0.135008
2.37244,11.7874,0.687155E-01
2.37305,11.7904,0.558220E-01
2.37366,11.7934,-0.752372E-01
2.37427,11.7965,-0.695379E-01
2.37488,11.7995,0.529634E-01
2.37549,11.8025,-0.145223
2.37610,11.8056,0.337449E-01
2.37671,11.8086,0.786526E-01
2.37732,11.8116,-0.350601E-01
2.37793,11.8147,0.673772E-01
2.37854,11.8177,0.175294E-01
2.37915,11.8207,-0.441519E-01
2.37976,11.8238,-0.456230
2.38037,11.8268,-0.529882
2.38098,11.8298,0.558260E-02
2.38159,11.8329,-0.129056
2.38220,11.8359,0.391894E-01
2.38281,11.8389,-0.258212E-01
2.38342,11.8420,-0.130548
2.38403,11.8450,0.156257
2.38464,11.8480,0.359763E-01
2.38525,11.8511,0.714125E-01
2.38586,11.8541,-0.290313E-01
2.38647,11.8571,-0.102582
2.38708,11.8602,-0.340798
2.38770,11.8632,-0.205208
2.38831,11.8662,-0.125981
2.38892,11.8693,-0.259241
2.38953,11.8723,0.985651E-01
2.39014,11.8753,-0.822759E-02
2.39075,11.8784,-0.114044E-01
2.39136,11.8814,0.477093
2.39197,11.8844,0.258419
2.39258,11.8875,-0.746549E-01
2.39319,11.8905,0.116962
2.39380,11.8935,-0.211691
2.39441,11.8966,-0.161883E-01
2.39502,11.8996,0.770074E-01
2.39563,11.9026,0.176677E-01
2.39624,11.9057,0.268835E-01
2.39685,11.9087,-0.242287E-01
2.39746,11.9117,0.320763E-01
2.39807,11.9147,-0.248098
2.39868,11.9178,0.901469E-01
2.39929,11.9208,0.174696
2.39990,11.9238,0.104077
2.40051,11.9269,0.128244
2.40112,11.9299,0.135428
2.40173,11.9329,0.676108E-01
2.40234,11.9360,-0.219555
2.40295,11.9390,0.256826
2.40356,11.9420,-0.807871E-02
2.40417,11.9451,0.185784
2.40479,11.9481,0.170431
2.40540,11.9511,0.520353E-01
2.40601,11.9542,-0.135544
2.40662,11.9572,0.759035E-01
2.40723,11.9602,0.317726E-01
2.40784,11.9633,-0.401173E-02
2.40845,11.9663,0.295868E-01
2.40906,11.9693,-0.232252
2.40967,11.9724,0.535733E-01
2.41028,11.9754,0.700135E-01
2.41089,11.9784,-0.155000
2.41150,11.9815,-0.316763E-01
2.41211,11.9845,0.381041E-01
2.41272,11.9875,0.155259E-02
2.41333,11.9906,-0.140041E-01
2.41394,11.9936,0.155935
2.41455,11.9966,-0.427609E-01
2.41516,11.9997,-0.425939E-01
2.41577,12.0027,-0.234290E-01
2.41638,12.0057,-0.234355E-01
2.41699,12.0088,0.835780E-01
2.41760,12.0118,0.180809E-01
2.41821,12.0148,-0.887297E-01
2.41882,12.0179,0.857227E-01
2.41943,12.0209,0.175603
2.42004,12.0239,0.694786E-01
2.42065,12.0270,-0.503351
2.42126,12.0300,-0.232424
2.42188,12.0330,-0.175560
2.42249,12.0360,-0.839377E-01
2.42310,12.0391,-0.816544E-02
2.42371,12.0421,-0.167798E-01
2.42432,12.0451,0.162603
2.42493,12.0482,0.187693E-01
2.42554,12.0512,-0.337479
2.42615,12.0542,0.575027E-01
2.42676,12.0573,0.526266E-01
2.42737,12.0603,0.784914E-01
2.42798,12.0633,-0.154048E-01
2.42859,12.0664,0.136637
2.42920,12.0694,-0.419687E-01
2.42981,12.0724,0.804460E-01
2.43042,12.0755,0.696900E-02
2.43103,12.0785,-0.541889E-01
2.43164,12.0815,0.172783
2.43225,12.0846,0.237625
2.43286,12.0876,-0.162792E-01
2.43347,12.0906,0.561870E-01
2.43408,12.0937,0.159724E-01
2.43469,12.0967,-0.283135
2.43530,12.0997,-0.228535E-01
2.43591,12.1028,0.156085
2.43652,12.1058,0.311435E-01
2.43713,12.1088,0.133336
2.43774,12.1119,0.127046
2.43835,12.1149,0.181365
2.43896,12.1179,0.675811E-01
2.43958,12.1210,-0.239011
2.44019,12.1240,-0.631294E-01
2.44080,12.1270,-0.908788E-02
2.44141,12.1301,-0.681301E-01
2.44202,12.1331,-0.247226E-01
2.44263,12.1361,-0.141751
2.44324,12.1392,-0.199925
2.44385,12.1422,0.375862E-01
2.44446,12.1452,0.790245E-01
2.44507,12.1483,0.247500
2.44568,12.1513,-0.151719
2.44629,12.1543,-0.457414E-01
2.44690,12.1573,0.912697E-03
2.44751,12.1604,-0.365482E-01
2.44812,12.1634,0.103738
2.44873,12.1664,0.718969E-01
2.44934,12.1695,0.173188
2.44995,12.1725,0.103667E-01
2.45056,12.1755,-0.208336E-01
2.45117,12.1786,-0.889231E-01
2.45178,12.1816,-0.270456
2.45239,12.1846,-0.718373E-02
2.45300,12.1877,0.745704E-02
2.45361,12.1907,0.417805E-01
2.45422,12.1937,-0.609448E-01
2.45483,12.1968,-0.242562
2.45544,12.1998,0.235062
2.45605,12.2028,-0.175952E-02
2.45667,12.2059,0.125204E-01
2.45728,12.2089,0.532327E-01
2.45789,12.2119,0.241821
2.45850,12.2150,0.137639
2.45911,12.2180,-0.500468E-01
2.45972,12.2210,-0.251612
2.46033,12.2241,0.845894E-01
2.46094,12.2271,0.173645E-01
2.46155,12.2301,0.116044
2.46216,12.2332,0.268430E-01
2.46277,12.2362,-0.960328E-01
2.46338,12.2392,-0.100410E-01
2.46399,12.2423,-0.314549E-01
2.46460,12.2453,-0.230098E-02
2.46521,12.2483,-0.462515E-01
2.46582,12.2514,0.184525E-01
2.46643,12.2544,0.239791
2.46704,12.2574,0.989772E-02
2.46765,12.2605,0.817709E-01
2.46826,12.2635,0.325697E-01
2.46887,12.2665,0.551816
2.46948,12.2696,0.162396E-01
2.47009,12.2726,0.427803E-01
2.47070,12.2756,0.125383
2.47131,12.2786,-0.243674
2.47192,12.2817,-0.306000
2.47253,12.2847,0.625939E-01
2.47314,12.2877,-0.819238E-01
2.47375,12.2908,0.624409E-02
2.47437,12.2938,-0.164082E-01
2.47498,12.2968,0.268965
2.47559,12.2999,0.442851E-01
2.47620,12.3029,0.817340E-01
2.47681,12.3059,-0.210548E-02
2.47742,12.3090,0.434805E-01
2.47803,12.3120,-0.467103E-01
2.47864,12.3150,0.638661E-01
2.47925,12.3181,-0.815961E-01
2.47986,12.3211,0.628304E-01
2.48047,12.3241,0.239395E-01
2.48108,12.3272,0.103504E-01
2.48169,12.3302,0.374940
2.48230,12.3332,0.283272E-01
2.48291,12.3363,-0.638957E-01
2.48352,12.3393,0.516076
2.48413,12.3423,-0.631489E-01
2.48474,12.3454,-0.469413E-01
2.48535,12.3484,0.117961
2.48596,12.3514,0.391205E-01
2.48657,12.3545,0.154346
2.48718,12.3575,-0.667431E-01
2.48779,12.3605,0.576118E-02
2.48840,12.3636,0.163262
2.48901,12.3666,0.129502
2.48962,12.3696,-0.138876
2.49023,12.3727,-0.317328E-01
2.49084,12.3757,-0.120246
2.49146,12.3787,0.137602
2.49207,12.3818,0.292026E-01
2.49268,12.3848,-0.328376E-01
2.49329,12.3878,0.142250
2.49390,12.3909,0.272899E-01
2.49451,12.3939,0.166373E-01
2.49512,12.3969,-0.508396E-02
2.49573,12.4000,-0.221447E-01
2.49634,12.4030,-0.659226E-01
2.49695,12.4060,0.279313
2.49756,12.4090,-0.498567E-01
2.49817,12.4121,-0.546275E-01
2.49878,12.4151,0.322440
2.49939,12.4181,0.196516
2.50000,12.4212,-0.217030
2.50061,12.4242,-0.837189E-01
2.50122,12.4272,0.422539E-01
2.50183,12.4303,0.179707E-02
2.50244,12.4333,-0.421209E-01
2.50305,12.4363,-0.859621E-01
2.50366,12.4394,0.785052E-01
2.50427,12.4424,0.553147E-01
2.50488,12.4454,0.333911
2.50549,12.4485,0.545851E-01
2.50610,12.4515,-0.669683E-01
2.50671,12.4545,-0.741338E-01
2.50732,12.4576,0.474160E-01
2.50793,12.4606,0.104084
2.50854,12.4636,-0.267654
2.50916,12.4667,0.561245
2.50977,12.4697,-0.272106E-01
2.51038,12.4727,0.107608
2.51099,12.4758,0.250399
2.51160,12.4788,-0.698025E-01
2.51221,12.4818,0.166997
2.51282,12.4849,0.265584
2.51343,12.4879,-0.188262
2.51404,12.4909,0.131298E-01
2.51465,12.4940,0.215210E-01
2.51526,12.4970,0.154417
2.51587,12.5000,-0.478201E-02
2.51648,12.5031,-0.486992E-02
2.51709,12.5061,0.280836E-01
2.51770,12.5091,-0.940424E-01
2.51831,12.5122,-0.505872E-01
2.51892,12.5152,-0.999269E-02
2.51953,12.5182,-0.653493E-02
2.52014,12.5213,-0.154057
2.52075,12.5243,0.130227
2.52136,12.5273,0.474036E-02
2.52197,12.5303,-0.810513E-01
2.52258,12.5334,0.107440E-01
2.52319,12.5364,0.336547E-03
2.52380,12.5394,-0.857599E-01
2.52441,12.5425,0.378964E-01
2.52502,12.5455,0.152660
2.52563,12.5485,0.347296E-01
2.52625,12.5516,-0.428067E-02
2.52686,12.5546,-0.108663
2.52747,12.5576,-0.936473E-02
2.52808,12.5607,-0.106008
2.52869,12.5637,-0.189020
2.52930,12.5667,-0.184440
2.52991,12.5698,0.181355E-01
2.53052,12.5728,-0.317920
2.53113,12.5758,-0.189302
2.53174,12.5789,-0.232652E-01
2.53235,12.5819,-0.447591
2.53296,12.5849,0.148550
2.53357,12.5880,-0.169078
2.53418,12.5910,0.903879E-01
2.53479,12.5940,0.304664
2.53540,12.5971,-0.105780E-01
2.53601,12.6001,0.640034E-01
2.53662,12.6031,0.114937
2.53723,12.6062,-0.604338E-02
2.53784,12.6092,0.319644
2.53845,12.6122,-0.114587
2.53906,12.6153,-0.522385E-01
2.53967,12.6183,0.224454E-02
2.54028,12.6213,0.467739E-02
2.54089,12.6244,0.531275E-01
2.54150,12.6274,-0.708100E-01
2.54211,12.6304,0.232015
2.54272,12.6335,0.689761E-01
2.54333,12.6365,-0.889563E-01
2.54395,12.6395,0.145820
2.54456,12.6426,0.157836
2.54517,12.6456,-0.331299E-01
2.54578,12.6486,0.729840E-01
2.54639,12.6516,0.444783E-01
2.54700,12.6547,-0.220672E-01
2.54761,12.6577,0.226872
2.54822,12.6607,0.135592E-01
2.54883,12.6638,-0.757099E-01
2.54944,12.6668,0.930896E-02
2.55005,12.6698,0.144408
2.55066,12.6729,0.140031
2.55127,12.6759,-0.101108
2.55188,12.6789,-0.408317E-01
2.55249,12.6820,-0.528106E-01
2.55310,12.6850,0.382770
2.55371,12.6880,-0.367666E-01
2.55432,12.6911,-0.131754
2.55493,12.6941,0.102312
2.55554,12.6971,-0.275367E-01
2.55615,12.7002,-0.864983E-01
2.55676,12.7032,-0.664599E-01
2.55737,12.7062,-0.369881
2.55798,12.7093,-0.162452E-01
2.55859,12.7123,0.146090
2.55920,12.7153,-0.133853
2.55981,12.7184,0.690691E-03
2.56042,12.7214,0.403688E-01
2.56104,12.7244,0.884409E-01
2.56165,12.7275,-0.244585E-02
2.56226,12.7305,-0.350994E-01
2.56287,12.7335,-0.451797E-01
2.56348,12.7366,0.311746E-01
2.56409,12.7396,0.323772
2.56470,12.7426,-0.522983E-01
2.56531,12.7457,0.895710E-01
2.56592,12.7487,0.996674E-01
2.56653,12.7517,0.464664E-01
2.56714,12.7548,0.267011
2.56775,12.7578,0.243991
2.56836,12.7608,0.222521
2.56897,12.7639,0.323722E-01
2.56958,12.7669,-0.875442E-01
2.57019,12.7699,-0.198589
2.57080,12.7729,-0.112680
2.57141,12.7760,-0.147461
2.57202,12.7790,0.949359E-01
2.57263,12.7820,-0.157436
2.57324,12.7851,-0.296081
2.57385,12.7881,-0.811464E-02
2.57446,12.7911,0.126503E-01
2.57507,12.7942,0.188904E-01
2.57568,12.7972,-0.279456E-01
2.57629,12.8002,0.784479E-01
2.57690,12.8033,0.703284E-02
2.57751,12.8063,-0.530900E-01
2.57812,12.8093,-0.446103E-01
2.57874,12.8124,0.190943E-01
2.57935,12.8154,-0.294609E-01
2.57996,12.8184,-0.239490
2.58057,12.8215,-0.116005
2.58118,12.8245,-0.414082
2.58179,12.8275,-0.570604E-01
2.58240,12.8306,0.526079E-01
2.58301,12.8336,-0.367348E-01
2.58362,12.8366,0.570718E-01
2.58423,12.8397,0.515518E-01
2.58484,12.8427,-0.523644E-01
2.58545,12.8457,0.302959E-02
2.58606,12.8488,0.995037E-01
2.58667,12.8518,-0.362156E-01
2.58728,12.8548,-0.219972
2.58789,12.8579,-0.301659E-01
2.58850,12.8609,-0.435079
2.58911,12.8639,-0.183192E-01
2.58972,12.8670,0.475019E-01
2.59033,12.8700,0.266670
2.59094,12.8730,0.801460E-01
2.59155,12.8761,-0.133555
2.59216,12.8791,-0.178949
2.59277,12.8821,-0.108217E-01
2.59338,12.8852,0.509877
2.59399,12.8882,0.455394
2.59460,12.8912,-0.811560E-01
2.59521,12.8943,0.219821E-01
2.59583,12.8973,0.104341
2.59644,12.9003,-0.188942E-01
2.59705,12.9033,-0.719331E-01
2.59766,12.9064,-0.169483
2.59827,12.9094,-0.812742E-01
2.59888,12.9124,-0.428632E-02
2.59949,12.9155,-0.172773E-01
2.60010,12.9185,0.359338
2.60071,12.9215,0.117924
2.60132,12.9246,0.797734E-02
2.60193,12.9276,0.159500
2.60254,12.9306,-0.940383E-01
2.60315,12.9337,-0.114609E-01
2.60376,12.9367,0.157624
2.60437,12.9397,0.489524E-01
2.60498,12.9428,-0.148822E-01
2.60559,12.9458,-0.382009E-02
2.60620,12.9488,-0.311906E-01
2.60681,12.9519,-0.332855E-01
2.60742,12.9549,0.643897E-01
2.60803,12.9579,-0.722407E-01
2.60864,12.9610,0.774167E-01
2.60925,12.9640,0.678681E-01
2.60986,12.9670,0.324886E-01
2.61047,12.9701,-0.573735E-01
2.61108,12.9731,-0.422320E-01
2.61169,12.9761,0.967215E-01
2.61230,12.9792,-0.554502
2.61292,12.9822,0.255612
2.61353,12.9852,0.574243E-01
2.61414,12.9883,0.944838E-01
2.61475,12.9913,0.863234E-02
2.61536,12.9943,0.451354E-01
2.61597,12.9974,0.307050E-01
2.61658,13.0004,-0.708518E-01
2.61719,13.0034,0.932906E-01
2.61780,13.0065,0.377433
2.61841,13.0095,-0.211351E-01
2.61902,13.0125,-0.597491E-01
2.61963,13.0156,0.555002E-01
2.62024,13.0186,0.163851E-01
2.62085,13.0216,0.440736E-01
2.62146,13.0246,-0.113305
2.62207,13.0277,0.149856E-01
2.62268,13.0307,-0.264801E-01
2.62329,13.0337,0.660897E-01
2.62390,13.0368,-0.247558
2.62451,13.0398,-0.167806E-01
2.62512,13.0428,-0.258495E-01
2.62573,13.0459,-0.194803
2.62634,13.0489,-0.468966
2.62695,13.0519,0.296684E-01
2.62756,13.0550,0.519726E-01
2.62817,13.0580,-0.156920
2.62878,13.0610,0.334447E-01
2.62939,13.0641,0.862129E-01
2.63000,13.0671,-0.885651E-02
2.63062,13.0701,-0.227300E-01
2.63123,13.0732,0.155000E-02
2.63184,13.0762,-0.855902E-01
2.63245,13.0792,0.165673E-01
2.63306,13.0823,0.168143E-02
2.63367,13.0853,-0.976620E-02
2.63428,13.0883,0.359875
2.63489,13.0914,0.114025
2.63550,13.0944,-0.116739
2.63611,13.0974,0.174671
2.63672,13.1005,-0.570753E-02
2.63733,13.1035,0.200630
2.63794,13.1065,-0.178434
2.63855,13.1096,0.169834
2.63916,13.1126,0.427690E-01
2.63977,13.1156,0.343708E-01
2.64038,13.1187,0.288327E-02
2.64099,13.1217,0.115730
2.64160,13.1247,0.704407E-01
2.64221,13.1278,-0.464901E-01
2.64282,13.1308,-0.445408E-01
2.64343,13.1338,0.499140E-02
2.64404,13.1369,0.138231
2.64465,13.1399,-0.588791E-01
2.64526,13.1429,-0.530671
2.64587,13.1459,-0.628312E-01
2.64648,13.1490,0.195759
2.64709,13.1520,0.123164
2.64771,13.1550,-0.136437
2.64832,13.1581,0.401648
2.64893,13.1611,0.187089
2.64954,13.1641,-0.355228
2.65015,13.1672,-0.689796E-01
2.65076,13.1702,-0.103137E-01
2.65137,13.1732,0.279035E-01
2.65198,13.1763,0.431378E-01
2.65259,13.1793,0.351564E-01
2.65320,13.1823,0.772570E-01
2.65381,13.1854,0.244184E-01
2.65442,13.1884,0.130999
2.65503,13.1914,0.603266E-01
2.65564,13.1945,0.169351E-01
2.65625,13.1975,0.740594E-01
2.65686,13.2005,-0.611879E-01
2.65747,13.2036,0.134724
2.65808,13.2066,-0.198945
2.65869,13.2096,-0.206080
2.65930,13.2127,0.377224
2.65991,13.2157,0.535748E-01
2.66052,13.2187,0.329009
2.66113,13.2218,0.327928E-01
2.66174,13.2248,0.109971
2.66235,13.2278,0.192134E-01
2.66296,13.2309,-0.859836E-01
2.66357,13.2339,0.540508E-01
2.66418,13.2369,-0.358086E-01
2.66479,13.2400,0.121609
2.66541,13.2430,-0.149016
2.66602,13.2460,-0.103691
2.66663,13.2491,-0.223423E-01
2.66724,13.2521,0.967068E-01
2.66785,13.2551,0.404105E-01
2.66846,13.2582,0.179307E-01
2.66907,13.2612,0.382886E-01
2.66968,13.2642,0.184209
2.67029,13.2672,0.443628E-04
2.67090,13.2703,-0.161332E-01
2.67151,13.2733,-0.729596E-01
2.67212,13.2763,-0.556826
2.67273,13.2794,0.301121
2.67334,13.2824,0.236424E-01
2.67395,13.2854,0.179294
2.67456,13.2885,0.307734
2.67517,13.2915,0.362534E-01
2.67578,13.2945,0.319078E-02
2.67639,13.2976,0.907396E-02
2.67700,13.3006,0.221658E-01
2.67761,13.3036,0.955535E-01
2.67822,13.3067,0.685102E-03
2.67883,13.3097,-0.799362E-01
2.67944,13.3127,-0.217861
2.68005,13.3158,0.100598E-01
2.68066,13.3188,-0.892300E-01
2.68127,13.3218,0.193188
2.68188,13.3249,-0.184476
2.68250,13.3279,-0.206940
2.68311,13.3309,-0.105821
2.68372,13.3340,0.199977
2.68433,13.3370,-0.488357E-01
2.68494,13.3400,-0.148932E-01
2.68555,13.3431,-0.134844
2.68616,13.3461,0.148424E-01
2.68677,13.3491,0.140379E-01
2.68738,13.3522,0.189831
2.68799,13.3552,0.137545E-01
2.68860,13.3582,0.134657
2.68921,13.3613,-0.576809E-01
2.68982,13.3643,0.774327E-01
2.69043,13.3673,-0.549813E-01
2.69104,13.3704,-0.765318E-01
2.69165,13.3734,-0.317498E-01
2.69226,13.3764,0.220180
2.69287,13.3795,-0.669801E-01
2.69348,13.3825,-0.478155E-01
2.69409,13.3855,-0.581303E-01
2.69470,13.3885,-0.626791
2.69531,13.3916,0.186758
2.69592,13.3946,-0.117290
2.69653,13.3976,0.405476E-01
2.69714,13.4007,0.778130E-01
2.69775,13.4037,-0.765424E-01
2.69836,13.4067,-0.117923
2.69897,13.4098,0.473622E-01
2.69958,13.4128,-0.136610
2.70020,13.4158,-0.370464E-01
2.70081,13.4189,0.368554E-02
2.70142,13.4219,0.671943E-01
2.70203,13.4249,0.551826E-02
2.70264,13.4280,-0.225875
2.70325,13.4310,-0.152146
2.70386,13.4340,-0.339552
2.70447,13.4371,-0.345351
2.70508,13.4401,-0.371143E-01
2.70569,13.4431,-0.135535
2.70630,13.4462,0.554911E-01
2.70691,13.4492,0.213555
2.70752,13.4522,-0.874768E-01
2.70813,13.4553,0.127124
2.70874,13.4583,0.142374
2.70935,13.4613,0.249687
2.70996,13.4644,-0.101906
2.71057,13.4674,0.110976
2.71118,13.4704,0.128695
2.71179,13.4735,0.197504
2.71240,13.4765,-0.361843E-01
2.71301,13.4795,-0.308172
2.71362,13.4826,0.407361E-01
2.71423,13.4856,-0.414939E-02
2.71484,13.4886,0.104387
2.71545,13.4917,0.722311E-02
2.71606,13.4947,-0.315281
2.71667,13.4977,-0.376720E-01
2.71729,13.5008,0.182446
2.71790,13.5038,0.283300
2.71851,13.5068,0.742905E-01
2.71912,13.5099,0.203507
2.71973,13.5129,0.863757E-02
2.72034,13.5159,-0.804320E-01
2.72095,13.5189,0.782989E-01
2.72156,13.5220,-0.155264E-01
2.72217,13.5250,-0.821994E-01
2.72278,13.5280,-0.287450E-01
2.72339,13.5311,0.350992E-01
2.72400,13.5341,-0.178588
2.72461,13.5371,0.489674E-01
2.72522,13.5402,0.416492E-01
2.72583,13.5432,-0.419373E-01
2.72644,13.5462,-0.250349E-01
2.72705,13.5493,-0.197034
2.72766,13.5523,-0.200545
2.72827,13.5553,0.277611E-01
2.72888,13.5584,-0.380951E-01
2.72949,13.5614,-0.756767E-01
2.73010,13.5644,-0.609707E-01
2.73071,13.5675,0.862286E-01
2.73132,13.5705,0.221094
2.73193,13.5735,0.110228
2.73254,13.5766,-0.379491E-01
2.73315,13.5796,-0.188387
2.73376,13.5826,-0.850283E-01
2.73438,13.5857,-0.212795
2.73499,13.5887,0.106166
2.73560,13.5917,-0.173377
2.73621,13.5948,0.106228
2.73682,13.5978,-0.344477
2.73743,13.6008,-0.516777E-01
2.73804,13.6039,0.792266E-02
2.73865,13.6069,0.125677
2.73926,13.6099,0.682037
2.73987,13.6130,-0.150979E-01
2.74048,13.6160,0.583271E-01
2.74109,13.6190,0.430034E-02
2.74170,13.6221,-0.436666E-01
2.74231,13.6251,0.316953E-01
2.74292,13.6281,0.262386E-01
2.74353,13.6312,0.540266E-01
2.74414,13.6342,-0.126745E-01
2.74475,13.6372,-0.587795E-01
2.74536,13.6402,0.802566E-01
2.74597,13.6433,0.184608
2.74658,13.6463,-0.381778E-01
2.74719,13.6493,-0.763972E-01
2.74780,13.6524,-0.318362E-01
2.74841,13.6554,-0.344478
2.74902,13.6584,0.923139E-01
2.74963,13.6615,0.174760E-01
2.75024,13.6645,-0.503326E-01
2.75085,13.6675,0.784447E-01
2.75146,13.6706,-0.100832
2.75208,13.6736,0.166021E-01
2.75269,13.6766,-0.336356E-01
2.75330,13.6797,-0.915253E-01
2.75391,13.6827,-0.208887
2.75452,13.6857,0.503818E-02
2.75513,13.6888,-0.165798E-01
2.75574,13.6918,-0.852881E-01
2.75635,13.6948,-0.183637
2.75696,13.6979,-0.178250
2.75757,13.7009,0.161059E-02
2.75818,13.7039,-0.202610
2.75879,13.7070,-0.342728
2.75940,13.7100,-0.696670E-01
2.76001,13.7130,0.265693
2.76062,13.7161,0.115365
2.76123,13.7191,0.997732E-01
2.76184,13.7221,0.557782E-01
2.76245,13.7252,-0.485179E-01
2.76306,13.7282,-0.164928
2.76367,13.7312,0.173974E-01
2.76428,13.7343,0.229670
2.76489,13.7373,-0.863336E-01
2.76550,13.7403,-0.776312E-04
2.76611,13.7434,0.394387E-01
2.76672,13.7464,0.270040
2.76733,13.7494,-0.103200
2.76794,13.7525,0.555035E-02
2.76855,13.7555,-0.871234E-01
2.76917,13.7585,0.906730E-01
2.76978,13.7615,-0.487011E-01
2.77039,13.7646,-0.760183E-02
2.77100,13.7676,-0.233081
2.77161,13.7706,0.158553E-01
2.77222,13.7737,0.743804E-02
2.77283,13.7767,-0.741495E-01
2.77344,13.7797,-0.506107E-01
2.77405,13.7828,-0.398516E-01
2.77466,13.7858,-0.810961E-01
2.77527,13.7888,-0.301038
2.77588,13.7919,-0.157791
2.77649,13.7949,0.731951E-02
2.77710,13.7979,0.210174E-02
2.77771,13.8010,0.403095
2.77832,13.8040,0.179252
2.77893,13.8070,0.215448
2.77954,13.8101,-0.509632E-01
2.78015,13.8131,-0.831309E-01
2.78076,13.8161,0.971102E-01
2.78137,13.8192,0.182656
2.78198,13.8222,-0.260301E-01
2.78259,13.8252,-0.146874
2.78320,13.8283,0.270133
2.78381,13.8313,0.374816
2.78442,13.8343,0.273604
2.78503,13.8374,0.608883E-01
2.78564,13.8404,-0.162524E-01
2.78625,13.8434,-0.491239E-01
2.78687,13.8465,-0.188925E-01
2.78748,13.8495,0.178091E-01
2.78809,13.8525,0.287791
2.78870,13.8556,0.383563
2.78931,13.8586,0.691175E-01
2.78992,13.8616,-0.587019E-01
2.79053,13.8647,0.154779
2.79114,13.8677,0.761230E-01
2.79175,13.8707,0.103016
2.79236,13.8738,-0.101434
2.79297,13.8768,-0.105067
2.79358,13.8798,-0.120833E-01
2.79419,13.8828,0.225810
2.79480,13.8859,-0.164497
2.79541,13.8889,0.331640
2.79602,13.8919,-0.223142E-01
2.79663,13.8950,-0.248189E-02
2.79724,13.8980,0.911885E-01
2.79785,13.9010,0.102400
2.79846,13.9041,-0.447564E-01
2.79907,13.9071,0.227775E-01
2.79968,13.9101,-0.111354
2.80029,13.9132,0.497954E-01
2.80090,13.9162,-0.113675
2.80151,13.9192,0.997071E-01
2.80212,13.9223,0.242181
2.80273,13.9253,0.218969
2.80334,13.9283,0.458172E-01
2.80396,13.9314,0.120713E-01
2.80457,13.9344,0.204849
2.80518,13.9374,-0.117858E-02
2.80579,13.9405,0.830273E-01
2.80640,13.9435,0.190386
2.80701,13.9465,0.100178
2.80762,13.9496,0.103604
2.80823,13.9526,-0.639783E-01
2.80884,13.9556,0.102018
2.80945,13.9587,0.379424E-01
2.81006,13.9617,-0.255565E-01
2.81067,13.9647,0.492165E-01
2.81128,13.9678,-0.611121E-01
2.81189,13.9708,0.721328E-02
2.81250,13.9738,0.426885E-01
2.81311,13.9769,-0.218403E-01
2.81372,13.9799,-0.104011
2.81433,13.9829,-0.110813E-02
2.81494,13.9860,0.153982
2.81555,13.9890,0.120059
2.81616,13.9920,-0.138208E-01
2.81677,13.9951,0.270556E-02
2.81738,13.9981,0.552818E-01
2.81799,14.0011,0.512608E-01
2.81860,14.0042,0.452185E-01
2.81921,14.0072,-0.999654E-01
2.81982,14.0102,0.606168E-01
2.82043,14.0132,0.170788
2.82104,14.0163,-0.119927E-01
2.82166,14.0193,0.373823E-01
2.82227,14.0223,-0.978184E-01
2.82288,14.0254,-0.432929E-01
2.82349,14.0284,0.207824
2.82410,14.0314,0.150930
2.82471,14.0345,0.469039
2.82532,14.0375,-0.785408E-01
2.82593,14.0405,-0.210513E-01
2.82654,14.0436,0.333649E-01
2.82715,14.0466,0.162499E-01
2.82776,14.0496,0.464838E-01
2.82837,14.0527,-0.357055E-01
2.82898,14.0557,-0.158091E-01
2.82959,14.0587,-0.153049
2.83020,14.0618,-0.191891
2.83081,14.0648,-0.506094E-01
2.83142,14.0678,0.155878E-01
2.83203,14.0709,0.208710
2.83264,14.0739,0.126987
2.83325,14.0769,-0.117156
2.83386,14.0800,0.108290
2.83447,14.0830,-0.367798E-01
2.83508,14.0860,-0.253151
2.83569,14.0891,-0.678312E-01
2.83630,14.0921,-0.301991
2.83691,14.0951,0.126225
2.83752,14.0982,-0.512005E-01
2.83813,14.1012,0.138506
2.83875,14.1042,-0.168032
2.83936,14.1073,0.299337E-01
2.83997,14.1103,-0.812010E-01
2.84058,14.1133,0.118830
2.84119,14.1164,0.901017E-02
2.84180,14.1194,0.505289E-01
2.84241,14.1224,0.698280E-01
2.84302,14.1255,0.643151E-01
2.84363,14.1285,0.102231E-01
2.84424,14.1315,0.609179E-01
2.84485,14.1345,0.156996
2.84546,14.1376,-0.428073E-01
2.84607,14.1406,-0.102472
2.84668,14.1436,0.657882E-01
2.84729,14.1467,0.772851E-01
2.84790,14.1497,0.457462E-01
2.84851,14.1527,0.199463E-01
2.84912,14.1558,0.848592E-03
2.84973,14.1588,-0.394600E-01
2.85034,14.1618,0.132227E-01
2.85095,14.1649,-0.117007
2.85156,14.1679,0.732591E-01
2.85217,14.1709,-0.154652
2.85278,14.1740,0.617165E-01
2.85339,14.1770,-0.483582E-01
2.85400,14.1800,-0.296975E-01
2.85461,14.1831,-0.412853
2.85522,14.1861,-0.279022
2.85583,14.1891,0.849256E-01
2.85645,14.1922,-0.563484E-01
2.85706,14.1952,-0.360695
2.85767,14.1982,0.540687E-01
2.85828,14.2013,0.642006E-01
2.85889,14.2043,-0.528028E-02
2.85950,14.2073,-0.100379E-01
2.86011,14.2104,0.448985E-01
2.86072,14.2134,0.307362E-01
2.86133,14.2164,0.720268E-01
2.86194,14.2195,0.331870
2.86255,14.2225,-0.245881
2.86316,14.2255,-0.218407
2.86377,14.2286,0.480756E-01
2.86438,14.2316,-0.152958E-01
2.86499,14.2346,0.406612E-02
2.86560,14.2377,0.120998
2.86621,14.2407,0.266683E-01
2.86682,14.2437,-0.103659
2.86743,14.2468,-0.323465E-01
2.86804,14.2498,0.108955
2.86865,14.2528,0.609972E-01
2.86926,14.2558,0.144593E-01
2.86987,14.2589,0.161595
2.87048,14.2619,0.135593
2.87109,14.2649,0.131661
2.87170,14.2680,0.634488E-01
2.87231,14.2710,0.533283E-01
2.87292,14.2740,0.262478E-02
2.87354,14.2771,0.101029E-01
2.87415,14.2801,-0.120780
2.87476,14.2831,-0.779772E-02
2.87537,14.2862,-0.303703E-02
2.87598,14.2892,-0.233980
2.87659,14.2922,-0.243889E-02
2.87720,14.2953,-0.134927E-01
2.87781,14.2983,0.292007
2.87842,14.3013,-0.184313
2.87903,14.3044,-0.154436
2.87964,14.3074,0.160775
2.88025,14.3104,0.165979
2.88086,14.3135,-0.140253
2.88147,14.3165,-0.695901E-01
2.88208,14.3195,-0.279394
2.88269,14.3226,0.406700
2.88330,14.3256,-0.195293
2.88391,14.3286,-0.122492
2.88452,14.3317,0.205168E-01
2.88513,14.3347,0.167234
2.88574,14.3377,0.382404E-01
2.88635,14.3408,0.683961E-02
2.88696,14.3438,0.451844E-02
2.88757,14.3468,0.418067E-01
2.88818,14.3499,-0.196505
2.88879,14.3529,-0.130015
2.88940,14.3559,0.998029E-01
2.89001,14.3590,0.102305E-01
2.89062,14.3620,-0.238048E-01
2.89124,14.3650,-0.552154E-01
2.89185,14.3681,-0.182288
2.89246,14.3711,-0.879008E-01
2.89307,14.3741,0.217570
2.89368,14.3771,0.205127
2.89429,14.3802,-0.220778
2.89490,14.3832,0.503732E-01
2.89551,14.3862,-0.128946
2.89612,14.3893,-0.104767
2.89673,14.3923,0.309000E-01
2.89734,14.3953,-0.109436
2.89795,14.3984,0.382891E-01
2.89856,14.4014,-0.894003E-01
2.89917,14.4044,0.497723E-01
2.89978,14.4075,-0.153896
2.90039,14.4105,-0.499227E-01
2.90100,14.4135,-0.670357E-01
2.90161,14.4166,0.257612E-01
2.90222,14.4196,-0.109908
2.90283,14.4226,0.285329
2.90344,14.4257,0.433717E-01
2.90405,14.4287,0.228565
2.90466,14.4317,0.339028E-01
2.90527,14.4348,0.231750E-01
2.90588,14.4378,0.155953
2.90649,14.4408,0.120189
2.90710,14.4439,0.379607
2.90771,14.4469,0.191321E-01
2.90833,14.4499,0.257478
2.90894,14.4530,0.449550E-01
2.90955,14.4560,-0.611263E-01
2.91016,14.4590,0.586607E-01
2.91077,14.4621,-0.649078E-01
2.91138,14.4651,-0.246548
2.91199,14.4681,0.156152
2.91260,14.4712,-0.638565E-01
2.91321,14.4742,0.154161
2.91382,14.4772,-0.253471
2.91443,14.4803,-0.205111
2.91504,14.4833,-0.326842E-01
2.91565,14.4863,0.110005
2.91626,14.4894,0.232048E-01
2.91687,14.4924,-0.282861
2.91748,14.4954,0.721025E-01
2.91809,14.4984,-0.263671
2.91870,14.5015,0.180458
2.91931,14.5045,0.234641
2.91992,14.5075,0.252013
2.92053,14.5106,0.672680E-01
2.92114,14.5136,-0.929070E-01
2.92175,14.5166,0.110438
2.92236,14.5197,0.162011
2.92297,14.5227,0.822328E-01
2.92358,14.5257,-0.443351E-01
2.92419,14.5288,-0.229867E-01
2.92480,14.5318,0.167700
2.92542,14.5348,0.116125
2.92603,14.5379,-0.648080E-01
2.92664,14.5409,0.123010
2.92725,14.5439,0.301198
2.92786,14.5470,0.230450
2.92847,14.5500,0.417118E-01
2.92908,14.5530,-0.620247E-01
2.92969,14.5561,0.380774E-01
2.93030,14.5591,0.776671E-02
2.93091,14.5621,-0.114877E-01
2.93152,14.5652,-0.155151
2.93213,14.5682,0.773709E-01
2.93274,14.5712,-0.253436E-01
2.93335,14.5743,0.109486E-01
2.93396,14.5773,0.141560
2.93457,14.5803,0.547735
2.93518,14.5834,0.176530E-01
2.93579,14.5864,-0.147206E-01
2.93640,14.5894,-0.103831
2.93701,14.5925,-0.222296E-01
2.93762,14.5955,-0.588661E-02
2.93823,14.5985,-0.499087E-01
2.93884,14.6016,-0.112491
2.93945,14.6046,-0.277723E-01
2.94006,14.6076,0.162836E-01
2.94067,14.6107,-0.983601E-01
2.94128,14.6137,0.418789E-01
2.94189,14.6167,-0.983010E-03
2.94250,14.6198,0.499571
2.94312,14.6228,0.971656E-01
2.94373,14.6258,-0.143824
2.94434,14.6288,-0.114062
2.94495,14.6319,-0.841157E-01
2.94556,14.6349,-0.252352
2.94617,14.6379,-0.637636
2.94678,14.6410,-0.291012E-01
2.94739,14.6440,-0.913294E-02
2.94800,14.6470,-0.446545E-01
2.94861,14.6501,0.166366
2.94922,14.6531,0.180125
2.94983,14.6561,0.325152E-02
2.95044,14.6592,0.483593E-01
2.95105,14.6622,-0.240832
2.95166,14.6652,-0.858392E-01
2.95227,14.6683,-0.312763E-02
2.95288,14.6713,-0.103217
2.95349,14.6743,0.481608E-01
2.95410,14.6774,-0.726972E-01
2.95471,14.6804,0.528013E-01
2.95532,14.6834,0.407561E-02
2.95593,14.6865,0.748850E-01
2.95654,14.6895,-0.900309E-01
2.95715,14.6925,-0.158690
2.95776,14.6956,-0.977839E-01
2.95837,14.6986,-0.627924E-01
2.95898,14.7016,-0.973830E-01
2.95959,14.7047,0.411349E-01
2.96021,14.7077,0.195281E-01
2.96082,14.7107,-0.638977E-01
2.96143,14.7138,0.363412
2.96204,14.7168,-0.571748E-01
2.96265,14.7198,0.213100E-01
2.96326,14.7229,0.183570E-01
2.96387,14.7259,-0.632070E-01
2.96448,14.7289,-0.164956E-01
2.96509,14.7320,-0.170642
2.96570,14.7350,-0.300627E-01
2.96631,14.7380,0.156073
2.96692,14.7411,0.136829E-01
2.96753,14.7441,0.588837E-01
2.96814,14.7471,-0.197871E-01
2.96875,14.7501,-0.302605E-01
2.96936,14.7532,0.250965
2.96997,14.7562,0.279562E-01
2.97058,14.7592,-0.425899E-01
2.97119,14.7623,0.880543E-01
2.97180,14.7653,0.113488
2.97241,14.7683,-0.203059
2.97302,14.7714,0.976679E-01
2.97363,14.7744,-0.123887
2.97424,14.7774,-0.449681
2.97485,14.7805,-0.553444E-01
2.97546,14.7835,0.666702E-01
2.97607,14.7865,-0.108013E-01
2.97668,14.7896,0.369834
2.97729,14.7926,0.172160
2.97791,14.7956,-0.104192E-01
2.97852,14.7987,0.132139E-03
2.97913,14.8017,-0.219219
2.97974,14.8047,0.605649E-01
2.98035,14.8078,-0.122406
2.98096,14.8108,0.496424E-01
2.98157,14.8138,-0.337116E-01
2.98218,14.8169,-0.595147E-03
2.98279,14.8199,0.121947E-01
2.98340,14.8229,0.654961E-01
2.98401,14.8260,0.111841
2.98462,14.8290,0.348174E-02
2.98523,14.8320,-0.100354
2.98584,14.8351,-0.488633E-03
2.98645,14.8381,0.128334E-01
2.98706,14.8411,-0.872092E-01
2.98767,14.8442,0.125186
2.98828,14.8472,0.354370E-01
2.98889,14.8502,0.706184E-01
2.98950,14.8533,-0.199929
2.99011,14.8563,0.481446E-01
2.99072,14.8593,0.245826E-01
2.99133,14.8624,-0.923126E-02
2.99194,14.8654,0.413963E-03
2.99255,14.8684,0.130962
2.99316,14.8714,0.233426
2.99377,14.8745,0.262688
2.99438,14.8775,0.398753E-01
2.99500,14.8805,0.209967
2.99561,14.8836,0.235210
2.99622,14.8866,-0.344356
2.99683,14.8896,0.424099
2.99744,14.8927,0.591783E-01
2.99805,14.8957,0.567207E-01
2.99866,14.8987,0.480082E-01
2.99927,14.9018,-0.346099E-02
2.99988,14.9048,0.710612E-02
3.00049,14.9078,-0.715882E-01
3.00110,14.9109,0.235040
3.00171,14.9139,-0.116597
3.00232,14.9169,-0.106129E-01
3.00293,14.9200,0.870344E-01
3.00354,14.9230,-0.257245E-01
3.00415,14.9260,0.748716E-01
3.00476,14.9291,0.798187E-01
3.00537,14.9321,0.540738E-01
3.00598,14.9351,-0.161729
3.00659,14.9382,-0.117347
3.00720,14.9412,0.964632E-01
3.00781,14.9442,0.576745E-01
3.00842,14.9473,0.156611
3.00903,14.9503,0.159957E-01
3.00964,14.9533,-0.659638E-01
3.01025,14.9564,0.397603E-01
3.01086,14.9594,0.187026E-01
3.01147,14.9624,0.610446E-01
3.01208,14.9655,0.135726
3.01270,14.9685,-0.933696E-01
3.01331,14.9715,-0.467230E-02
3.01392,14.9746,-0.274858
3.01453,14.9776,0.123704E-01
3.01514,14.9806,-0.128734E-01
3.01575,14.9837,0.583720E-01
3.01636,14.9867,-0.297843
3.01697,14.9897,-0.134578
3.01758,14.9927,0.596906E-01
3.01819,14.9958,-0.425783
3.01880,14.9988,0.206942E-02
3.01941,15.0018,-0.103723E-01
3.02002,15.0049,0.104727
3.02063,15.0079,-0.908991E-01
3.02124,15.0109,-0.973787E-02
3.02185,15.0140,0.376866E-01
3.02246,15.0170,0.601142E-01
3.02307,15.0200,-0.203461
3.02368,15.0231,0.361799E-02
3.02429,15.0261,-0.358081E-01
3.02490,15.0291,0.780491E-01
3.02551,15.0322,-0.238133
3.02612,15.0352,0.592149E-01
3.02673,15.0382,-0.104550
3.02734,15.0413,-0.783770E-01
3.02795,15.0443,0.576497E-01
3.02856,15.0473,0.457630E-01
3.02917,15.0504,0.141092E-01
3.02979,15.0534,0.109420
3.03040,15.0564,0.342254E-01
3.03101,15.0595,0.592999E-01
3.03162,15.0625,0.370905E-01
3.03223,15.0655,0.719140E-01
3.03284,15.0686,-0.564045E-02
3.03345,15.0716,0.186028E-02
3.03406,15.0746,0.406097E-01
3.03467,15.0777,0.929999E-01
3.03528,15.0807,0.167124E-01
3.03589,15.0837,0.324063E-01
3.03650,15.0868,0.677645E-01
3.03711,15.0898,0.122265
3.03772,15.0928,-0.891942E-02
3.03833,15.0959,-0.706878E-01
3.03894,15.0989,-0.645781E-01
3.03955,15.1019,0.352099
3.04016,15.1050,0.945617E-01
3.04077,15.1080,0.960948E-01
3.04138,15.1110,-0.292260
3.04199,15.1141,0.986414E-01
3.04260,15.1171,0.459614
3.04321,15.1201,0.413860E-02
3.04382,15.1231,0.397058E-01
3.04443,15.1262,0.145340
3.04504,15.1292,0.351327E-01
3.04565,15.1322,0.986757E-01
3.04626,15.1353,-0.195257
3.04688,15.1383,-0.155329
3.04749,15.1413,0.580397E-02
3.04810,15.1444,0.439912
3.04871,15.1474,0.582835E-01
3.04932,15.1504,-0.170472E-03
3.04993,15.1535,-0.175896E-01
3.05054,15.1565,-0.269967
3.05115,15.1595,-0.391914E-01
3.05176,15.1626,0.551887E-01
3.05237,15.1656,-0.249801
3.05298,15.1686,0.101072
3.05359,15.1717,-0.813683E-01
3.05420,15.1747,0.701808E-01
3.05481,15.1777,-0.132616
3.05542,15.1808,-0.201099
3.05603,15.1838,-0.638489E-01
3.05664,15.1868,-0.228180E-02
3.05725,15.1899,-0.131240
3.05786,15.1929,0.285953E-01
3.05847,15.1959,-0.219794
3.05908,15.1990,-0.227788
3.05969,15.2020,0.691201E-01
3.06030,15.2050,-0.330929
3.06091,15.2081,-0.200347
3.06152,15.2111,0.192971E-03
3.06213,15.2141,-0.167491
3.06274,15.2172,0.112940
3.06335,15.2202,-0.435680E-01
3.06396,15.2232,0.225495
3.06458,15.2263,0.576907E-02
3.06519,15.2293,-0.115261
3.06580,15.2323,0.649129E-01
3.06641,15.2354,0.161229
3.06702,15.2384,0.149779
3.06763,15.2414,0.792900E-01
3.06824,15.2444,0.113754E-01
3.06885,15.2475,-0.114578
3.06946,15.2505,0.456692
3.07007,15.2535,0.160473
3.07068,15.2566,0.482017E-01
3.07129,15.2596,0.747998E-02
3.07190,15.2626,-0.166753E-01
3.07251,15.2657,0.154612E-01
3.07312,15.2687,-0.196942
3.07373,15.2717,-0.487821E-01
3.07434,15.2748,0.127921
3.07495,15.2778,0.224766E-01
3.07556,15.2808,-0.522723E-01
3.07617,15.2839,-0.195846
3.07678,15.2869,-0.128113
3.07739,15.2899,-0.637017E-01
3.07800,15.2930,0.114821
3.07861,15.2960,0.220958
3.07922,15.2990,-0.700800E-01
3.07983,15.3021,0.182195
3.08044,15.3051,0.102167
3.08105,15.3081,-0.219265E-01
3.08167,15.3112,0.104986E-01
3.08228,15.3142,-0.333946
3.08289,15.3172,-0.184023
3.08350,15.3203,0.295267
3.08411,15.3233,-0.143136
3.08472,15.3263,0.119741E-01
3.08533,15.3294,-0.427355E-01
3.08594,15.3324,-0.802398E-02
3.08655,15.3354,0.587609E-01
3.08716,15.3385,-0.129941E-01
3.08777,15.3415,-0.126427
3.08838,15.3445,-0.139382E-01
3.08899,15.3476,0.519917E-01
3.08960,15.3506,-0.128783
3.09021,15.3536,-0.288370
3.09082,15.3567,-0.250050
3.09143,15.3597,-0.208856
3.09204,15.3627,0.627220E-01
3.09265,15.3657,0.598843E-01
3.09326,15.3688,0.393371E-01
3.09387,15.3718,-0.148447E-01
3.09448,15.3748,0.830182E-01
3.09509,15.3779,0.250993
3.09570,15.3809,0.219831
3.09631,15.3839,-0.295953E-01
3.09692,15.3870,-0.307972
3.09753,15.3900,0.379389E-01
3.09814,15.3930,-0.562099E-01
3.09875,15.3961,-0.112179
3.09937,15.3991,-0.835850E-01
3.09998,15.4021,0.201894
3.10059,15.4052,0.660686E-02
3.10120,15.4082,-0.235156E-01
3.10181,15.4112,-0.215727E-01
3.10242,15.4143,0.714262E-01
3.10303,15.4173,-0.138553
3.10364,15.4203,-0.963498E-01
3.10425,15.4234,0.268344
3.10486,15.4264,-0.159453
3.10547,15.4294,-0.861081E-01
3.10608,15.4325,0.352114E-01
3.10669,15.4355,0.105682
3.10730,15.4385,0.163010E-01
3.10791,15.4416,0.426894E-01
3.10852,15.4446,-0.739521E-01
3.10913,15.4476,0.142037
3.10974,15.4507,0.820110E-01
3.11035,15.4537,-0.302581E-01
3.11096,15.4567,-0.173243
3.11157,15.4598,0.128017
3.11218,15.4628,-0.830477E-01
3.11279,15.4658,-0.464528E-01
3.11340,15.4689,0.694521E-02
3.11401,15.4719,0.296031
3.11462,15.4749,-0.102142
3.11523,15.4780,0.768189E-01
3.11584,15.4810,0.109883
3.11646,15.4840,-0.159711E-01
3.11707,15.4870,-0.175645
3.11768,15.4901,-0.127983E-01
3.11829,15.4931,0.122765
3.11890,15.4961,-0.118735E-02
3.11951,15.4992,-0.131421
3.12012,15.5022,0.270428E-01
3.12073,15.5052,0.181646E-01
3.12134,15.5083,-0.676693E-02
3.12195,15.5113,-0.257930E-02
3.12256,15.5143,-0.337362E-01
3.12317,15.5174,0.288436E-01
3.12378,15.5204,0.231274E-01
3.12439,15.5234,-0.100164
3.12500,15.5265,0.473237E-01
3.12561,15.5295,-0.711865E-01
3.12622,15.5325,-0.747165E-01
3.12683,15.5356,-0.172185E-01
3.12744,15.5386,-0.170278
3.12805,15.5416,0.311776
3.12866,15.5447,0.177389
3.12927,15.5477,-0.123309E-01
3.12988,15.5507,0.851987E-01
3.13049,15.5538,0.616251E-01
3.13110,15.5568,0.109345E-02
3.13171,15.5598,-0.832248E-01
3.13232,15.5629,0.165733
3.13293,15.5659,-0.950540E-01
3.13354,15.5689,-0.943555E-01
3.13416,15.5720,0.499366E-01
3.13477,15.5750,0.606126
3.13538,15.5780,0.117950
3.13599,15.5811,-0.602215E-01
3.13660,15.5841,-0.568891E-02
3.13721,15.5871,-0.780125E-01
3.13782,15.5902,-0.213711
3.13843,15.5932,0.697396E-01
3.13904,15.5962,0.830454E-01
3.13965,15.5993,0.121474E-01
3.14026,15.6023,-0.409593E-01
3.14087,15.6053,0.528699E-01
3.14148,15.6084,0.143754E-01
3.14209,15.6114,0.543669E-01
3.14270,15.6144,0.875217E-01
3.14331,15.6174,0.151887
3.14392,15.6205,0.228676
3.14453,15.6235,0.278203E-02
3.14514,15.6265,-0.825915E-01
3.14575,15.6296,0.418966
3.14636,15.6326,-0.495318
3.14697,15.6356,0.460316E-01
3.14758,15.6387,-0.813857E-02
3.14819,15.6417,0.118426
3.14880,15.6447,0.338151E-01
3.14941,15.6478,0.363606E-01
3.15002,15.6508,-0.419827E-01
3.15063,15.6538,0.558050E-01
3.15125,15.6569,0.651360E-01
3.15186,15.6599,0.851455E-03
3.15247,15.6629,0.201353
3.15308,15.6660,0.157310E-01
3.15369,15.6690,-0.552075E-01
3.15430,15.6720,0.781360E-01
3.15491,15.6751,0.292807E-01
3.15552,15.6781,-0.672950E-01
3.15613,15.6811,-0.584933E-01
3.15674,15.6842,-0.523007E-02
3.15735,15.6872,-0.586257E-01
3.15796,15.6902,0.582505E-01
3.15857,15.6933,-0.175240E-01
3.15918,15.6963,0.936738E-02
3.15979,15.6993,0.729926E-02
3.16040,15.7024,0.463259E-01
3.16101,15.7054,-0.179167
3.16162,15.7084,0.158887
3.16223,15.7115,0.124440
3.16284,15.7145,0.509486E-01
3.16345,15.7175,0.127046
3.16406,15.7206,-0.183542
3.16467,15.7236,-0.930020E-01
3.16528,15.7266,0.115064E-01
3.16589,15.7297,0.836568E-02
3.16650,15.7327,-0.866588E-01
3.16711,15.7357,0.345221E-02
3.16772,15.7387,-0.280629E-01
3.16833,15.7418,0.139519
3.16895,15.7448,0.933200E-01
3.16956,15.7478,0.226517
3.17017,15.7509,-0.600685E-01
3.17078,15.7539,-0.274778E-01
3.17139,15.7569,0.204443
3.17200,15.7600,0.524421E-02
3.17261,15.7630,0.520580E-01
3.17322,15.7660,0.411161E-01
3.17383,15.7691,-0.547059E-01
3.17444,15.7721,-0.775677E-01
3.17505,15.7751,-0.512140E-01
3.17566,15.7782,-0.794336E-01
3.17627,15.7812,0.138940E-01
3.17688,15.7842,-0.205424
3.17749,15.7873,0.167475
3.17810,15.7903,0.651475
3.17871,15.7933,-0.929237E-01
3.17932,15.7964,-0.266453
3.17993,15.7994,0.106868
3.18054,15.8024,0.208488E-02
3.18115,15.8055,0.296038E-01
3.18176,15.8085,0.342664E-01
3.18237,15.8115,0.178666
3.18298,15.8146,0.241346
3.18359,15.8176,0.698119E-01
3.18420,15.8206,0.317245
3.18481,15.8237,-0.689611E-01
3.18542,15.8267,-0.286472E-01
3.18604,15.8297,-0.200730
3.18665,15.8328,-0.156350E-01
3.18726,15.8358,-0.520471E-01
3.18787,15.8388,0.355970E-02
3.18848,15.8419,0.231441
3.18909,15.8449,-0.864985E-01
3.18970,15.8479,-0.573948E-01
3.19031,15.8510,0.138297
3.19092,15.8540,-0.158275
3.19153,15.8570,-0.224909E-01
3.19214,15.8600,0.768681E-01
3.19275,15.8631,0.158923E-01
3.19336,15.8661,0.151387
3.19397,15.8691,-0.163521
3.19458,15.8722,0.102834E-01
3.19519,15.8752,-0.666891E-01
3.19580,15.8782,-0.989314E-01
3.19641,15.8813,0.552479E-02
3.19702,15.8843,0.753483E-02
3.19763,15.8873,-0.421182E-01
3.19824,15.8904,0.437694E-02
3.19885,15.8934,-0.101214E-01
3.19946,15.8964,0.184393
3.20007,15.8995,0.122809E-01
3.20068,15.9025,0.408840E-01
3.20129,15.9055,-0.204536E-01
3.20190,15.9086,-0.228124
3.20251,15.9116,0.566481E-01
3.20312,15.9146,0.285357E-01
3.20374,15.9177,-0.207282
3.20435,15.9207,0.235423E-01
3.20496,15.9237,0.244188
3.20557,15.9268,0.256605E-01
3.20618,15.9298,-0.190043
3.20679,15.9328,-0.188594
3.20740,15.9359,-0.799410E-01
3.20801,15.9389,-0.519756E-01
3.20862,15.9419,-0.135917
3.20923,15.9450,-0.368147E-01
3.20984,15.9480,-0.765874E-01
3.21045,15.9510,-0.773995E-02
3.21106,15.9541,0.387232
3.21167,15.9571,-0.100468
3.21228,15.9601,-0.493707E-01
3.21289,15.9632,0.296205
3.21350,15.9662,-0.494244E-01
3.21411,15.9692,0.569727E-01
3.21472,15.9723,-0.181833
3.21533,15.9753,-0.575172E-01
3.21594,15.9783,-0.502070E-02
3.21655,15.9813,0.287399
3.21716,15.9844,0.224229
3.21777,15.9874,0.248068E-01
3.21838,15.9904,0.297156
3.21899,15.9935,0.362869E-01
3.21960,15.9965,-0.769155E-01
3.22021,15.9995,0.447078E-01
3.22083,16.0026,0.106240
3.22144,16.0056,-0.260995E-01
3.22205,16.0086,0.187066
3.22266,16.0117,-0.705958E-01
3.22327,16.0147,0.405572E-01
3.22388,16.0177,0.142893
3.22449,16.0208,0.736812E-02
3.22510,16.0238,0.136086
3.22571,16.0268,0.134044
3.22632,16.0299,0.139504
3.22693,16.0329,-0.155139
3.22754,16.0359,-0.159695E-02
3.22815,16.0390,0.149831
3.22876,16.0420,0.192842E-01
3.22937,16.0450,-0.212995
3.22998,16.0481,-0.290934
3.23059,16.0511,0.148471
3.23120,16.0541,-0.723039E-01
3.23181,16.0572,0.139230E-01
3.23242,16.0602,-0.446930E-01
3.23303,16.0632,0.724711E-01
3.23364,16.0663,0.387041E-01
3.23425,16.0693,0.144936E-01
3.23486,16.0723,0.274426
3.23547,16.0754,-0.129690E-01
3.23608,16.0784,0.819428E-01
3.23669,16.0814,0.337603
3.23730,16.0845,-0.893201E-03
3.23792,16.0875,0.124342
3.23853,16.0905,-0.597497E-01
3.23914,16.0936,-0.298883E-01
3.23975,16.0966,0.290223
3.24036,16.0996,0.782330E-01
3.24097,16.1026,0.102322
3.24158,16.1057,-0.235351
3.24219,16.1087,-0.510535E-02
3.24280,16.1117,-0.138296
3.24341,16.1148,-0.403463E-02
3.24402,16.1178,0.949840E-01
3.24463,16.1208,0.250035
3.24524,16.1239,-0.181523
3.24585,16.1269,-0.225220E-01
3.24646,16.1299,-0.597541E-01
3.24707,16.1330,0.369189E-01
3.24768,16.1360,0.368495E-01
3.24829,16.1390,-0.107594
3.24890,16.1421,0.261053E-01
3.24951,16.1451,-0.108298E-01
3.25012,16.1481,0.251594
3.25073,16.1512,0.320988
3.25134,16.1542,0.170793
3.25195,16.1572,0.192425E-01
3.25256,16.1603,0.929836E-01
3.25317,16.1633,0.411450E-02
3.25378,16.1663,-0.496713E-01
3.25439,16.1694,0.116354E-01
3.25500,16.1724,0.174387E-02
3.25562,16.1754,0.739024E-02
3.25623,16.1785,0.166039E-01
3.25684,16.1815,0.881302E-01
3.25745,16.1845,0.256929
3.25806,16.1876,0.207108
3.25867,16.1906,0.143360
3.25928,16.1936,-0.246440E-01
3.25989,16.1967,0.411459E-01
3.26050,16.1997,0.404056E-02
3.26111,16.2027,-0.300598
3.26172,16.2058,-0.155776E-01
3.26233,16.2088,-0.173475
3.26294,16.2118,-0.250497
3.26355,16.2149,-0.120710
3.26416,16.2179,0.239825E-01
3.26477,16.2209,0.264240
3.26538,16.2240,-0.690283E-01
3.26599,16.2270,-0.152777E-01
3.26660,16.2300,-0.970315E-01
3.26721,16.2330,0.732558E-02
3.26782,16.2361,-0.124080
3.26843,16.2391,-0.127925
3.26904,16.2421,-0.124412
3.26965,16.2452,0.267602E-01
3.27026,16.2482,-0.682817E-01
3.27087,16.2512,0.600656E-02
3.27148,16.2543,-0.373857E-01
3.27209,16.2573,-0.326456
3.27271,16.2603,0.325677
3.27332,16.2634,-0.530661E-01
3.27393,16.2664,0.167908E-01
3.27454,16.2694,0.140826
3.27515,16.2725,0.569233E-01
3.27576,16.2755,-0.309711E-01
3.27637,16.2785,0.116426
3.27698,16.2816,0.101117
3.27759,16.2846,0.108412
3.27820,16.2876,-0.120029
3.27881,16.2907,-0.742363E-01
3.27942,16.2937,-0.208120
3.28003,16.2967,0.484052E-01
3.28064,16.2998,0.229284
3.28125,16.3028,0.109908
3.28186,16.3058,-0.284304
3.28247,16.3089,0.239522
3.28308,16.3119,-0.123826
3.28369,16.3149,0.304754
3.28430,16.3180,-0.157235
3.28491,16.3210,0.178729
3.28552,16.3240,-0.502981E-01
3.28613,16.3271,0.184826
3.28674,16.3301,0.107692
3.28735,16.3331,0.887895E-01
3.28796,16.3362,-0.902258E-01
3.28857,16.3392,-0.143438
3.28918,16.3422,0.724282E-01
3.28979,16.3453,-0.197343E-02
3.29041,16.3483,-0.642833E-02
3.29102,16.3513,0.676210E-01
3.29163,16.3543,0.149045
3.29224,16.3574,-0.821720E-01
3.29285,16.3604,0.779191E-01
3.29346,16.3634,0.340281E-01
3.29407,16.3665,-0.594536E-02
3.29468,16.3695,-0.968499E-01
3.29529,16.3725,0.605058E-01
3.29590,16.3756,0.320718E-01
3.29651,16.3786,0.109338E-01
3.29712,16.3816,0.247158E-02
3.29773,16.3847,0.474557E-01
3.29834,16.3877,-0.481357E-02
3.29895,16.3907,-0.248791E-01
3.29956,16.3938,0.214974
3.30017,16.3968,0.123632
3.30078,16.3998,-0.112427E-01
3.30139,16.4029,0.141412E-01
3.30200,16.4059,-0.639151E-01
3.30261,16.4089,0.782291E-01
3.30322,16.4120,-0.259450
3.30383,16.4150,-0.264181E-01
3.30444,16.4180,0.146002E-01
3.30505,16.4211,0.475228E-01
3.30566,16.4241,-0.118925
3.30627,16.4271,0.147014
3.30688,16.4302,0.125553
3.30750,16.4332,-0.280582E-01
3.30811,16.4362,0.371001E-02
3.30872,16.4393,0.313132
3.30933,16.4423,0.145117
3.30994,16.4453,-0.578162E-01
3.31055,16.4484,-0.759959E-02
3.31116,16.4514,0.345209
3.31177,16.4544,0.146948E-01
3.31238,16.4575,0.235734
3.31299,16.4605,0.693455E-02
3.31360,16.4635,-0.117050E-01
3.31421,16.4666,0.836609E-01
3.31482,16.4696,-0.613416E-01
3.31543,16.4726,0.837235E-02
3.31604,16.4756,0.215574
3.31665,16.4787,-0.893255E-02
3.31726,16.4817,-0.616002E-01
3.31787,16.4847,0.344172E-02
3.31848,16.4878,-0.132034
3.31909,16.4908,-0.973575E-02
3.31970,16.4938,-0.351252E-01
3.32031,16.4969,0.143326
3.32092,16.4999,-0.533105E-01
3.32153,16.5029,-0.137750
3.32214,16.5060,0.142571
3.32275,16.5090,0.533598
3.32336,16.5120,0.361505E-01
3.32397,16.5151,-0.922220E-01
3.32458,16.5181,-0.291956E-01
3.32520,16.5211,-0.272750E-01
3.32581,16.5242,-0.373324E-01
3.32642,16.5272,0.447166
3.32703,16.5302,0.806399E-01
3.32764,16.5333,-0.715145E-01
3.32825,16.5363,0.236463
3.32886,16.5393,0.380089
3.32947,16.5424,-0.126257E-02
3.33008,16.5454,-0.622581E-01
3.33069,16.5484,0.619491E-01
3.33130,16.5515,-0.497248E-02
3.33191,16.5545,0.442591E-01
3.33252,16.5575,0.182387
3.33313,16.5606,-0.246654E-01
3.33374,16.5636,0.133600
3.33435,16.5666,0.367041E-01
3.33496,16.5697,0.154034
3.33557,16.5727,-0.872479E-02
3.33618,16.5757,0.107337
3.33679,16.5788,0.792756E-01
3.33740,16.5818,0.244078E-01
3.33801,16.5848,0.290612E-01
3.33862,16.5879,0.795776E-01
3.33923,16.5909,-0.126506E-01
3.33984,16.5939,-0.995146E-01
3.34045,16.5969,0.380793
3.34106,16.6000,0.109407
3.34167,16.6030,-0.123145
3.34229,16.6060,-0.305007E-01
3.34290,16.6091,-0.195932
3.34351,16.6121,-0.179734E-01
3.34412,16.6151,0.411187E-01
3.34473,16.6182,-0.442110E-01
3.34534,16.6212,0.316806
3.34595,16.6242,0.235477
3.34656,16.6273,0.370399
3.34717,16.6303,-0.206413
3.34778,16.6333,0.205995
3.34839,16.6364,-0.381904E-01
3.34900,16.6394,0.326350
3.34961,16.6424,-0.100072
3.35022,16.6455,-0.277548E-01
3.35083,16.6485,0.140785
3.35144,16.6515,0.150336E-01
3.35205,16.6546,-0.829830E-01
3.35266,16.6576,0.809043E-02
3.35327,16.6606,-0.396717
3.35388,16.6637,-0.111165E-01
3.35449,16.6667,0.662532E-01
3.35510,16.6697,-0.216408
3.35571,16.6728,-0.990564E-01
3.35632,16.6758,0.178727E-01
3.35693,16.6788,-0.234182
3.35754,16.6819,0.573196E-01
3.35815,16.6849,0.214579
3.35876,16.6879,0.122501E-01
3.35938,16.6910,-0.377055E-01
3.35999,16.6940,-0.148266
3.36060,16.6970,0.149703
3.36121,16.7001,0.120513
3.36182,16.7031,-0.238364E-02
3.36243,16.7061,0.149729
3.36304,16.7092,0.860818E-01
3.36365,16.7122,0.731371E-01
3.36426,16.7152,-0.123866
3.36487,16.7183,-0.198750
3.36548,16.7213,-0.222945
3.36609,16.7243,-0.484165E-01
3.36670,16.7273,0.831183E-01
3.36731,16.7304,-0.394758E-01
3.36792,16.7334,0.439307
3.36853,16.7364,0.128455
3.36914,16.7395,-0.472069E-01
3.36975,16.7425,-0.363644E-01
3.37036,16.7455,-0.368102E-02
3.37097,16.7486,0.275340E-01
3.37158,16.7516,-0.225325
3.37219,16.7546,-0.519918E-01
3.37280,16.7577,0.304609E-01
3.37341,16.7607,-0.687581E-02
3.37402,16.7637,-0.170146
3.37463,16.7668,-0.129864
3.37524,16.7698,-0.169323
3.37585,16.7728,0.524883E-01
3.37646,16.7759,-0.652634
3.37708,16.7789,-0.473243E-01
3.37769,16.7819,0.150726E-01
3.37830,16.7850,-0.276331E-01
3.37891,16.7880,0.294309E-01
3.37952,16.7910,0.261060E-01
3.38013,16.7941,-0.131623
3.38074,16.7971,-0.202897
3.38135,16.8001,-0.329950E-02
3.38196,16.8032,-0.840873E-01
3.38257,16.8062,-0.183913E-01
3.38318,16.8092,-0.227921E-01
3.38379,16.8123,-0.195737
3.38440,16.8153,-0.757169E-01
3.38501,16.8183,-0.113421E-01
3.38562,16.8214,0.164156
3.38623,16.8244,0.175782
3.38684,16.8274,0.436035
3.38745,16.8305,-0.119861
3.38806,16.8335,-0.114935
3.38867,16.8365,0.561983E-01
3.38928,16.8396,0.630904E-01
3.38989,16.8426,-0.278087E-01
3.39050,16.8456,-0.249899
3.39111,16.8486,0.622515E-01
3.39172,16.8517,-0.131837
3.39233,16.8547,0.799974E-02
3.39294,16.8577,0.106146
3.39355,16.8608,-0.174504E-01
3.39417,16.8638,0.862568E-01
3.39478,16.8668,-0.157310
3.39539,16.8699,-0.118620
3.39600,16.8729,0.202502E-01
3.39661,16.8759,0.439817E-01
3.39722,16.8790,0.148460
3.39783,16.8820,0.190581
3.39844,16.8850,0.571300E-01
3.39905,16.8881,-0.644249E-01
3.39966,16.8911,-0.121318
3.40027,16.8941,-0.181493
3.40088,16.8972,0.303890E-01
3.40149,16.9002,0.311533E-01
3.40210,16.9032,-0.242893
3.40271,16.9063,0.231444
3.40332,16.9093,0.191356
3.40393,16.9123,0.594614E-01
3.40454,16.9154,0.141785
3.40515,16.9184,0.635615E-01
3.40576,16.9214,-0.141381
3.40637,16.9245,-0.862398E-01
3.40698,16.9275,0.461806E-01
3.40759,16.9305,0.691522E-01
3.40820,16.9336,-0.126460E-01
3.40881,16.9366,0.149594E-01
3.40942,16.9396,-0.387050E-01
3.41003,16.9427,0.488238E-01
3.41064,16.9457,-0.118868E-01
3.41125,16.9487,-0.276042
3.41187,16.9518,0.207870
3.41248,16.9548,0.178411E-01
3.41309,16.9578,0.148534
3.41370,16.9609,-0.283175E-01
3.41431,16.9639,0.727365E-02
3.41492,16.9669,0.132568
3.41553,16.9699,-0.996652E-01
3.41614,16.9730,0.227740E-01
3.41675,16.9760,0.130626
3.41736,16.9790,0.362886E-01
3.41797,16.9821,-0.833472E-01
3.41858,16.9851,-0.405948E-02
3.41919,16.9881,-0.945392E-01
3.41980,16.9912,0.631046E-01
3.42041,16.9942,-0.104345E-01
3.42102,16.9972,-0.457808E-02
3.42163,17.0003,-0.528049E-01
3.42224,17.0033,-0.888458E-01
3.42285,17.0063,-0.615196E-01
3.42346,17.0094,-0.828858E-01
3.42407,17.0124,0.343954E-01
3.42468,17.0154,0.655283E-01
3.42529,17.0185,0.217038E-01
3.42590,17.0215,-0.901897E-01
3.42651,17.0245,0.717344E-02
3.42712,17.0276,-0.536000E-01
3.42773,17.0306,0.814587E-01
3.42834,17.0336,-0.626262E-01
3.42896,17.0367,0.469837E-01
3.42957,17.0397,-0.788361E-01
3.43018,17.0427,0.821213E-01
3.43079,17.0458,0.341346E-01
3.43140,17.0488,0.515948E-01
3.43201,17.0518,-0.906809E-01
3.43262,17.0549,0.704674E-01
3.43323,17.0579,-0.789929E-02
3.43384,17.0609,0.928796E-01
3.43445,17.0640,0.175761
3.43506,17.0670,0.181088
3.43567,17.0700,-0.315410E-03
3.43628,17.0731,-0.549290E-01
3.43689,17.0761,0.120196
3.43750,17.0791,-0.119755
3.43811,17.0822,-0.675021E-01
3.43872,17.0852,0.441116E-01
3.43933,17.0882,-0.241720E-01
3.43994,17.0912,0.411699
3.44055,17.0943,0.118533E-02
3.44116,17.0973,-0.548181E-01
3.44177,17.1003,-0.162604
3.44238,17.1034,0.295014E-01
3.44299,17.1064,0.147919E-03
3.44360,17.1094,0.193092E-01
3.44421,17.1125,0.183969E-01
3.44482,17.1155,0.792308E-02
3.44543,17.1185,0.203789
3.44604,17.1216,0.319651E-01
3.44666,17.1246,0.284509E-01
3.44727,17.1276,0.115392
3.44788,17.1307,0.110847
3.44849,17.1337,0.308262
3.44910,17.1367,-0.308756E-01
3.44971,17.1398,-0.106782
3.45032,17.1428,-0.293230
3.45093,17.1458,0.566639E-01
3.45154,17.1489,0.283459E-01
3.45215,17.1519,-0.134539
3.45276,17.1549,0.906586E-01
3.45337,17.1580,-0.421423E-01
3.45398,17.1610,-0.898315E-01
3.45459,17.1640,-0.259927E-01
3.45520,17.1671,-0.298348
3.45581,17.1701,-0.122246
3.45642,17.1731,0.872335E-01
3.45703,17.1762,-0.871771E-01
3.45764,17.1792,0.433745E-01
3.45825,17.1822,0.509564E-01
3.45886,17.1853,0.238079E-01
3.45947,17.1883,-0.343677E-01
3.46008,17.1913,-0.482251E-01
3.46069,17.1944,-0.382257E-01
3.46130,17.1974,-0.223133
3.46191,17.2004,0.390448
3.46252,17.2035,-0.139083
3.46313,17.2065,-0.275935
3.46375,17.2095,-0.158168E-01
3.46436,17.2126,-0.108593
3.46497,17.2156,0.945330E-01
3.46558,17.2186,0.106923
3.46619,17.2216,0.708194E-01
3.46680,17.2247,-0.168825E-01
3.46741,17.2277,0.933171E-01
3.46802,17.2307,0.115972
3.46863,17.2338,-0.358112E-01
3.46924,17.2368,-0.106377
3.46985,17.2398,-0.513696E-01
3.47046,17.2429,-0.215992
3.47107,17.2459,0.687303E-01
3.47168,17.2489,-0.146642
3.47229,17.2520,-0.148440
3.47290,17.2550,0.264018
3.47351,17.2580,0.192539
3.47412,17.2611,-0.335565E-01
3.47473,17.2641,-0.166936
3.47534,17.2671,-0.961289E-01
3.47595,17.2702,0.112785
3.47656,17.2732,0.126377
3.47717,17.2762,-0.401827E-02
3.47778,17.2793,-0.129394
3.47839,17.2823,-0.145708E-01
3.47900,17.2853,-0.828467E-01
3.47961,17.2884,-0.189322
3.48022,17.2914,0.110333
3.48083,17.2944,-0.749231E-01
3.48145,17.2975,0.999853E-01
3.48206,17.3005,0.172660
3.48267,17.3035,0.160983
3.48328,17.3066,-0.291457
3.48389,17.3096,-0.144416
3.48450,17.3126,-0.707801E-01
3.48511,17.3157,-0.349338
3.48572,17.3187,-0.120112
3.48633,17.3217,0.317945E-01
3.48694,17.3248,-0.206916
3.48755,17.3278,-0.387830
3.48816,17.3308,-0.828000E-01
3.48877,17.3339,0.923832E-01
3.48938,17.3369,0.182365
3.48999,17.3399,-0.101921
3.49060,17.3429,-0.171897
3.49121,17.3460,-0.272622
3.49182,17.3490,-0.580489E-01
3.49243,17.3520,-0.423479E-01
3.49304,17.3551,-0.800945E-01
3.49365,17.3581,-0.186772
3.49426,17.3611,-0.279776
3.49487,17.3642,-0.487458E-02
3.49548,17.3672,0.329355E-01
3.49609,17.3702,0.513705E-01
3.49670,17.3733,0.484538E-01
3.49731,17.3763,-0.235642E-01
3.49792,17.3793,-0.662066E-01
3.49854,17.3824,0.281246E-01
3.49915,17.3854,-0.130350E-01
3.49976,17.3884,-0.832356E-02
3.50037,17.3915,-0.223937
3.50098,17.3945,0.121414E-01
3.50159,17.3975,0.744659E-01
3.50220,17.4006,-0.348240E-01
3.50281,17.4036,-0.119228
3.50342,17.4066,-0.278946
3.50403,17.4097,-0.733476E-01
3.50464,17.4127,-0.110571
3.50525,17.4157,-0.978982E-01
3.50586,17.4188,0.544288E-01
3.50647,17.4218,-0.682221E-01
3.50708,17.4248,-0.211420E-01
3.50769,17.4279,-0.197620E-01
3.50830,17.4309,-0.358994E-02
3.50891,17.4339,-0.169760
3.50952,17.4370,-0.497812E-01
3.51013,17.4400,-0.437686E-01
3.51074,17.4430,0.242382E-01
3.51135,17.4461,0.574562E-01
3.51196,17.4491,-0.295863E-01
3.51257,17.4521,-0.712908E-01
3.51318,17.4552,-0.866839E-01
3.51379,17.4582,0.182372
3.51440,17.4612,-0.592317E-01
3.51501,17.4642,-0.240945E-01
3.51562,17.4673,-0.541603E-01
3.51624,17.4703,-0.885204E-01
3.51685,17.4733,-0.192780E-01
3.51746,17.4764,-0.149080
3.51807,17.4794,-0.468272E-01
3.51868,17.4824,0.512671E-01
3.51929,17.4855,0.336190E-01
3.51990,17.4885,0.474142E-01
3.52051,17.4915,-0.211390E-01
3.52112,17.4946,-0.145871
3.52173,17.4976,0.185815
3.52234,17.5006,-0.154255
3.52295,17.5037,-0.151968E-01
3.52356,17.5067,0.961696E-01
3.52417,17.5097,0.382853
3.52478,17.5128,-0.258923E-01
3.52539,17.5158,-0.131399
3.52600,17.5188,-0.249336E-01
3.52661,17.5219,0.637475E-02
3.52722,17.5249,-0.164045
3.52783,17.5279,0.916606E-01
3.52844,17.5310,-0.226991
3.52905,17.5340,-0.143612
3.52966,17.5370,-0.141517
3.53027,17.5401,0.112228
3.53088,17.5431,-0.477830E-01
3.53149,17.5461,-0.115887
3.53210,17.5492,0.107764E-01
3.53271,17.5522,-0.141263E-01
3.53333,17.5552,-0.350326
3.53394,17.5583,-0.515859
3.53455,17.5613,-0.153258
3.53516,17.5643,0.392157E-03
3.53577,17.5674,0.964690E-01
3.53638,17.5704,0.103639
3.53699,17.5734,-0.178692E-01
3.53760,17.5765,0.281438E-01
3.53821,17.5795,-0.434631E-01
3.53882,17.5825,0.195413
3.53943,17.5855,-0.793670E-01
3.54004,17.5886,-0.371353E-01
3.54065,17.5916,-0.379715E-01
3.54126,17.5946,-0.125141E-01
3.54187,17.5977,-0.129013E-01
3.54248,17.6007,-0.360980E-01
3.54309,17.6037,-0.412022E-01
3.54370,17.6068,0.603982E-01
3.54431,17.6098,-0.622613E-01
3.54492,17.6128,0.885067E-01
3.54553,17.6159,0.544318E-01
3.54614,17.6189,-0.521753E-01
3.54675,17.6219,-0.221977
3.54736,17.6250,0.950412E-01
3.54797,17.6280,-0.454253E-01
3.54858,17.6310,-0.104478
3.54919,17.6341,-0.131189
3.54980,17.6371,0.118382
3.55042,17.6401,0.202001
3.55103,17.6432,0.292417
3.55164,17.6462,-0.112231
3.55225,17.6492,0.212865
3.55286,17.6523,0.559853E-01
3.55347,17.6553,-0.117546
3.55408,17.6583,0.175071
3.55469,17.6614,-0.937977E-02
3.55530,17.6644,0.144539
3.55591,17.6674,-0.609914E-01
3.55652,17.6705,0.321929E-01
3.55713,17.6735,0.161628
3.55774,17.6765,0.942182E-01
3.55835,17.6796,-0.521571E-01
3.55896,17.6826,0.169275
3.55957,17.6856,0.373694E-01
3.56018,17.6887,-0.537060E-02
3.56079,17.6917,-0.574958E-02
3.56140,17.6947,0.463210E-01
3.56201,17.6978,-0.148656E-02
3.56262,17.7008,-0.693194E-02
3.56323,17.7038,0.114180
3.56384,17.7068,0.525779E-02
3.56445,17.7099,0.125248
3.56506,17.7129,0.144495E-01
3.56567,17.7159,-0.514662E-01
3.56628,17.7190,0.272815E-01
3.56689,17.7220,-0.465821E-01
3.56750,17.7250,0.160291
3.56812,17.7281,-0.214077
3.56873,17.7311,-0.129071
3.56934,17.7341,0.131508E-01
3.56995,17.7372,-0.923595E-02
3.57056,17.7402,-0.567709E-01
3.57117,17.7432,-0.428569E-01
3.57178,17.7463,-0.730686E-01
3.57239,17.7493,0.868472E-01
3.57300,17.7523,-0.432649E-01
3.57361,17.7554,0.463884E-01
3.57422,17.7584,-0.548094E-01
3.57483,17.7614,-0.132813
3.57544,17.7645,0.426289E-01
3.57605,17.7675,0.342392
3.57666,17.7705,0.275382
3.57727,17.7736,-0.198196E-01
3.57788,17.7766,-0.100964
3.57849,17.7796,-0.124850
3.57910,17.7827,0.124555E-01
3.57971,17.7857,0.312634E-01
3.58032,17.7887,0.135062
3.58093,17.7918,-0.882583E-02
3.58154,17.7948,0.226084
3.58215,17.7978,-0.109757
3.58276,17.8009,-0.231620E-01
3.58337,17.8039,0.437390E-01
3.58398,17.8069,0.979125E-01
3.58459,17.8100,0.106858
3.58521,17.8130,0.705694E-02
3.58582,17.8160,0.858536E-01
3.58643,17.8191,-0.242037
3.58704,17.8221,0.881760E-01
3.58765,17.8251,0.279407E-01
3.58826,17.8282,-0.174521
3.58887,17.8312,-0.144033
3.58948,17.8342,-0.457066E-01
3.59009,17.8372,-0.353646E-01
3.59070,17.8403,0.804868E-01
3.59131,17.8433,0.126172
3.59192,17.8463,-0.199442E-01
3.59253,17.8494,0.231296
3.59314,17.8524,0.129779
3.59375,17.8554,-0.818464E-01
3.59436,17.8585,-0.129282
3.59497,17.8615,-0.718157E-02
3.59558,17.8645,-0.104641
3.59619,17.8676,-0.103390
3.59680,17.8706,-0.963821E-01
3.59741,17.8736,-0.100706
3.59802,17.8767,-0.773389E-01
3.59863,17.8797,-0.791999E-01
3.59924,17.8827,0.651665E-01
3.59985,17.8858,-0.154011E-02
3.60046,17.8888,-0.135680E-01
3.60107,17.8918,-0.248020
3.60168,17.8949,0.896741E-02
3.60229,17.8979,-0.680619E-01
3.60291,17.9009,-0.457413E-01
3.60352,17.9040,-0.748226E-01
3.60413,17.9070,0.355653E-01
3.60474,17.9100,0.157896E-01
3.60535,17.9131,0.167749
3.60596,17.9161,0.230688
3.60657,17.9191,0.630972E-01
3.60718,17.9222,0.457262E-01
3.60779,17.9252,-0.134145E-01
3.60840,17.9282,0.826166E-03
3.60901,17.9313,-0.248724E-01
3.60962,17.9343,-0.130880
3.61023,17.9373,-0.700774E-01
3.61084,17.9404,-0.437282E-01
3.61145,17.9434,-0.202197E-01
3.61206,17.9464,0.782679E-02
3.61267,17.9495,-0.100625
3.61328,17.9525,0.280049
3.61389,17.9555,0.256250E-01
3.61450,17.9585,-0.892921E-01
3.61511,17.9616,-0.150680
3.61572,17.9646,-0.618190E-01
3.61633,17.9676,0.131901
3.61694,17.9707,-0.531119
3.61755,17.9737,-0.185304
3.61816,17.9767,0.651645E-01
3.61877,17.9798,0.394201E-02
3.61938,17.9828,0.817022E-01
3.62000,17.9858,0.329569
3.62061,17.9889,-0.340566E-01
3.62122,17.9919,0.202747
3.62183,17.9949,0.630359E-01
3.62244,17.9980,-0.229691
3.62305,18.0010,0.200102E-02
3.62366,18.0040,-0.383340E-02
3.62427,18.0071,-0.341488E-01
3.62488,18.0101,0.358080E-01
3.62549,18.0131,-0.222521
3.62610,18.0162,-0.334340
3.62671,18.0192,-0.556620E-01
3.62732,18.0222,-0.204808
3.62793,18.0253,-0.192667E-01
3.62854,18.0283,-0.174548
3.62915,18.0313,-0.141847
3.62976,18.0344,0.932671E-01
3.63037,18.0374,0.194621
3.63098,18.0404,0.337544E-01
3.63159,18.0435,-0.583425E-01
3.63220,18.0465,-0.251145
3.63281,18.0495,0.187050
3.63342,18.0526,-0.167769
3.63403,18.0556,0.607644E-01
3.63464,18.0586,0.403065
3.63525,18.0617,0.452173
3.63586,18.0647,0.766080E-01
3.63647,18.0677,0.769023E-01
3.63708,18.0708,-0.443451E-01
3.63770,18.0738,-0.676351E-01
3.63831,18.0768,0.986872E-01
3.63892,18.0798,0.474420E-01
3.63953,18.0829,0.855530E-01
3.64014,18.0859,-0.743527E-01
3.64075,18.0889,0.121655
3.64136,18.0920,0.199573E-01
3.64197,18.0950,0.243764E-01
3.64258,18.0980,-0.514786E-01
3.64319,18.1011,0.226066
3.64380,18.1041,-0.667094E-01
3.64441,18.1071,0.665421E-01
3.64502,18.1102,-0.786060E-01
3.64563,18.1132,0.226347
3.64624,18.1162,-0.316348E-01
3.64685,18.1193,0.165153
3.64746,18.1223,0.221340E-01
3.64807,18.1253,0.146391
3.64868,18.1284,-0.314503
3.64929,18.1314,-0.198747
3.64990,18.1344,-0.761861E-01
3.65051,18.1375,-0.208013
3.65112,18.1405,-0.324425E-01
3.65173,18.1435,-0.858819E-01
3.65234,18.1466,0.149356
3.65295,18.1496,-0.435249E-01
3.65356,18.1526,-0.174474
3.65417,18.1557,-0.287406E-01
3.65479,18.1587,0.575979E-01
3.65540,18.1617,0.431809E-01
3.65601,18.1648,-0.107838
3.65662,18.1678,-0.300422
3.65723,18.1708,-0.297689
3.65784,18.1739,-0.272562E-01
3.65845,18.1769,-0.340217E-01
3.65906,18.1799,0.336014E-01
3.65967,18.1830,-0.191763E-01
3.66028,18.1860,-0.388378E-01
3.66089,18.1890,-0.287168
3.66150,18.1921,-0.106293E-01
3.66211,18.1951,-0.227870
3.66272,18.1981,-0.925676E-01
3.66333,18.2011,0.148237E-01
3.66394,18.2042,-0.585312E-01
3.66455,18.2072,-0.185622
3.66516,18.2102,-0.623021E-01
3.66577,18.2133,-0.122879E-01
3.66638,18.2163,0.256792E-01
3.66699,18.2193,-0.120934
3.66760,18.2224,0.493747E-02
3.66821,18.2254,-0.111066
3.66882,18.2284,0.130502
3.66943,18.2315,0.449135E-01
3.67004,18.2345,0.166938E-01
3.67065,18.2375,0.605354E-01
3.67126,18.2406,-0.741278E-01
3.67188,18.2436,-0.252715
3.67249,18.2466,-0.239532E-01
3.67310,18.2497,-0.363294E-01
3.67371,18.2527,0.737377E-01
3.67432,18.2557,0.166161
3.67493,18.2588,0.417541E-01
3.67554,18.2618,-0.195092
3.67615,18.2648,-0.925672E-01
3.67676,18.2679,0.423830E-01
3.67737,18.2709,-0.381498E-01
3.67798,18.2739,0.240138E-01
3.67859,18.2770,0.643107E-01
3.67920,18.2800,0.246319
3.67981,18.2830,0.769553E-02
3.68042,18.2861,-0.156553E-01
3.68103,18.2891,0.208678
3.68164,18.2921,-0.137144
3.68225,18.2952,0.508475
3.68286,18.2982,0.100196
3.68347,18.3012,0.171879E-01
3.68408,18.3043,-0.120243
3.68469,18.3073,0.573984E-01
3.68530,18.3103,-0.192963E-01
3.68591,18.3134,-0.700137E-01
3.68652,18.3164,0.109818
3.68713,18.3194,-0.105979E-01
3.68774,18.3225,-0.109550E-01
3.68835,18.3255,0.220009E-01
3.68896,18.3285,0.740121E-01
3.68958,18.3315,0.781042E-01
3.69019,18.3346,-0.378916E-01
3.69080,18.3376,-0.215557
3.69141,18.3406,-0.120420
3.69202,18.3437,-0.527754E-01
3.69263,18.3467,-0.654354E-01
3.69324,18.3497,-0.472866
3.69385,18.3528,-0.143314
3.69446,18.3558,-0.883530E-01
3.69507,18.3588,0.738789E-02
3.69568,18.3619,0.253569E-01
3.69629,18.3649,-0.494586E-01
3.69690,18.3679,0.383696
3.69751,18.3710,0.720029E-01
3.69812,18.3740,-0.384940E-01
3.69873,18.3770,0.406405E-01
3.69934,18.3801,-0.104370E-03
3.69995,18.3831,-0.299587E-01
3.70056,18.3861,-0.137325
3.70117,18.3892,-0.620780E-01
3.70178,18.3922,-0.390097E-01
3.70239,18.3952,-0.508022E-01
3.70300,18.3983,-0.550159E-01
3.70361,18.4013,0.640401E-01
3.70422,18.4043,0.986254E-01
3.70483,18.4074,0.146059
3.70544,18.4104,-0.864071E-01
3.70605,18.4134,0.897580E-01
3.70667,18.4165,0.722096E-01
3.70728,18.4195,0.528762E-01
3.70789,18.4225,0.127114
3.70850,18.4256,-0.572968E-01
3.70911,18.4286,0.844009E-01
3.70972,18.4316,0.844396E-02
3.71033,18.4347,0.400799
3.71094,18.4377,-0.481403E-01
3.71155,18.4407,0.133840E-01
3.71216,18.4438,-0.442351E-01
3.71277,18.4468,0.130621E-01
3.71338,18.4498,-0.173449
3.71399,18.4528,-0.286302E-01
3.71460,18.4559,0.283616E-02
3.71521,18.4589,-0.211087
3.71582,18.4619,-0.504121E-02
3.71643,18.4650,0.864853E-01
3.71704,18.4680,-0.536770E-01
3.71765,18.4710,0.235828E-01
3.71826,18.4741,0.342315
3.71887,18.4771,0.101241
3.71948,18.4801,0.118191
3.72009,18.4832,0.360658E-01
3.72070,18.4862,-0.165115E-01
3.72131,18.4892,0.167022E-02
3.72192,18.4923,0.107454
3.72253,18.4953,-0.290883E-01
3.72314,18.4983,-0.266465E-01
3.72375,18.5014,-0.164242
3.72437,18.5044,-0.535960E-01
3.72498,18.5074,-0.115886
3.72559,18.5105,0.969581E-01
3.72620,18.5135,0.194478E-01
3.72681,18.5165,-0.128447E-01
3.72742,18.5196,-0.206937E-01
3.72803,18.5226,-0.837210E-01
3.72864,18.5256,-0.649446E-02
3.72925,18.5287,0.790380E-01
3.72986,18.5317,-0.283799E-01
3.73047,18.5347,-0.171383
3.73108,18.5378,-0.251610E-01
3.73169,18.5408,-0.327906E-01
3.73230,18.5438,-0.121375
3.73291,18.5469,0.374469E-01
3.73352,18.5499,-0.152859E-01
3.73413,18.5529,0.211482
3.73474,18.5560,0.453190E-01
3.73535,18.5590,0.800887E-01
3.73596,18.5620,-0.110093
3.73657,18.5651,0.664805E-02
3.73718,18.5681,-0.341992E-01
3.73779,18.5711,-0.425411
3.73840,18.5741,-0.909150E-01
3.73901,18.5772,0.469683E-01
3.73962,18.5802,-0.296944E-03
3.74023,18.5832,0.276594
3.74084,18.5863,0.474308
3.74146,18.5893,-0.196909E-01
3.74207,18.5923,-0.146892
3.74268,18.5954,0.173095E-01
3.74329,18.5984,-0.145483E-01
3.74390,18.6014,0.774224
3.74451,18.6045,0.717511E-01
3.74512,18.6075,0.429848
3.74573,18.6105,0.921122E-01
3.74634,18.6136,-0.122207
3.74695,18.6166,-0.394000
3.74756,18.6196,-0.262181
3.74817,18.6227,0.117611
3.74878,18.6257,0.148922E-01
3.74939,18.6287,-0.814817E-01
3.75000,18.6318,0.661583E-02
3.75061,18.6348,-0.110845
3.75122,18.6378,-0.105423
3.75183,18.6409,-0.600786E-03
3.75244,18.6439,-0.837318E-01
3.75305,18.6469,-0.163041
3.75366,18.6500,-0.148830
3.75427,18.6530,-0.134827
3.75488,18.6560,-0.148237
3.75549,18.6591,0.150794E-01
3.75610,18.6621,-0.377717
3.75671,18.6651,-0.157861
3.75732,18.6682,-0.169844
3.75793,18.6712,0.637962E-01
3.75854,18.6742,0.149102
3.75916,18.6773,-0.330996
3.75977,18.6803,0.110862
3.76038,18.6833,0.302803E-01
3.76099,18.6864,0.191954E-01
3.76160,18.6894,-0.506187E-01
3.76221,18.6924,-0.132190
3.76282,18.6954,-0.160134
3.76343,18.6985,0.119808
3.76404,18.7015,0.257108E-01
3.76465,18.7045,0.187863E-01
3.76526,18.7076,0.227327
3.76587,18.7106,0.121925
3.76648,18.7136,-0.142699E-01
3.76709,18.7167,-0.915682E-01
3.76770,18.7197,-0.139015E-01
3.76831,18.7227,-0.140385E-01
3.76892,18.7258,-0.515832E-01
3.76953,18.7288,0.110139
3.77014,18.7318,0.156277
3.77075,18.7349,-0.120245
3.77136,18.7379,-0.128897
3.77197,18.7409,-0.588834E-01
3.77258,18.7440,-0.289988
3.77319,18.7470,-0.119899E-01
3.77380,18.7500,-0.377937E-01
3.77441,18.7531,0.144632
3.77502,18.7561,0.725214E-01
3.77563,18.7591,-0.102988
3.77625,18.7622,0.538951E-01
3.77686,18.7652,-0.427645E-01
3.77747,18.7682,-0.984590E-01
3.77808,18.7713,0.146029
3.77869,18.7743,-0.102719
3.77930,18.7773,-0.514418
3.77991,18.7804,0.365721E-01
3.78052,18.7834,-0.177405
3.78113,18.7864,0.838304E-01
3.78174,18.7895,-0.101137
3.78235,18.7925,0.266531
3.78296,18.7955,0.324144
3.78357,18.7986,0.316796E-01
3.78418,18.8016,0.473242E-01
3.78479,18.8046,0.355432
3.78540,18.8077,0.204009
3.78601,18.8107,0.162630
3.78662,18.8137,0.671668E-01
3.78723,18.8168,0.366189E-01
3.78784,18.8198,-0.432334E-01
3.78845,18.8228,0.318776E-02
3.78906,18.8258,-0.139236E-01
3.78967,18.8289,0.129109E-01
3.79028,18.8319,0.165045
3.79089,18.8349,0.160752
3.79150,18.8380,0.247479E-01
3.79211,18.8410,0.450235E-01
3.79272,18.8440,-0.588409E-01
3.79333,18.8471,0.123872
3.79395,18.8501,0.493493E-02
3.79456,18.8531,0.214385E-01
3.79517,18.8562,-0.250751
3.79578,18.8592,-0.339643
3.79639,18.8622,0.175646
3.79700,18.8653,0.174557E-01
3.79761,18.8683,0.128747E-01
3.79822,18.8713,0.182905
3.79883,18.8744,0.120407
3.79944,18.8774,0.266833
3.80005,18.8804,0.336271
3.80066,18.8835,-0.170949E-01
3.80127,18.8865,-0.582537
3.80188,18.8895,-0.267471
3.80249,18.8926,0.469020
3.80310,18.8956,0.103972
3.80371,18.8986,0.103289
3.80432,18.9017,0.588264E-02
3.80493,18.9047,0.106079E-01
3.80554,18.9077,-0.387969
3.80615,18.9108,-0.158851
3.80676,18.9138,-0.401830
3.80737,18.9168,-0.223348
3.80798,18.9199,-0.690363E-01
3.80859,18.9229,0.194462
3.80920,18.9259,0.897811E-01
3.80981,18.9290,-0.178940
3.81042,18.9320,0.823522E-01
3.81104,18.9350,0.779518
3.81165,18.9381,-0.885742E-01
3.81226,18.9411,0.372225E-01
3.81287,18.9441,0.747287E-01
3.81348,18.9471,0.687752E-01
3.81409,18.9502,-0.107016
3.81470,18.9532,-0.176816
3.81531,18.9562,0.652128E-01
3.81592,18.9593,0.138415
3.81653,18.9623,-0.642671E-01
3.81714,18.9653,0.517464
3.81775,18.9684,0.155523
3.81836,18.9714,0.220239
3.81897,18.9744,-0.450121E-01
3.81958,18.9775,-0.242714E-01
3.82019,18.9805,-0.153222E-01
3.82080,18.9835,0.593270E-01
3.82141,18.9866,-0.297654E-01
3.82202,18.9896,-0.179629
3.82263,18.9926,0.252540
3.82324,18.9957,-0.200426E-01
3.82385,18.9987,-0.146601E-01
3.82446,19.0017,0.121990
3.82507,19.0048,-0.112518
3.82568,19.0078,0.705927E-01
3.82629,19.0108,-0.174505
3.82690,19.0139,-0.937605E-01
3.82751,19.0169,-0.232897
3.82812,19.0199,0.440792E-01
3.82874,19.0230,0.810226E-01
3.82935,19.0260,0.500893E-01
3.82996,19.0290,0.841087E-02
3.83057,19.0321,-0.178397
3.83118,19.0351,-0.353010E-01
3.83179,19.0381,0.527738E-02
3.83240,19.0412,-0.152779
3.83301,19.0442,0.170708
3.83362,19.0472,0.358800E-02
3.83423,19.0503,0.356979E-01
3.83484,19.0533,0.856766E-01
3.83545,19.0563,0.881523E-02
3.83606,19.0594,-0.666529E-01
3.83667,19.0624,0.108806
3.83728,19.0654,-0.855779E-01
3.83789,19.0684,-0.133273
3.83850,19.0715,0.300549
3.83911,19.0745,0.180095
3.83972,19.0775,0.201324
3.84033,19.0806,0.684638E-01
3.84094,19.0836,-0.117691E-01
3.84155,19.0866,0.125188
3.84216,19.0897,0.644251E-01
3.84277,19.0927,-0.113347E-01
3.84338,19.0957,0.142771
3.84399,19.0988,-0.378323E-01
3.84460,19.1018,-0.109964
3.84521,19.1048,-0.458389E-02
3.84583,19.1079,-0.261506E-01
3.84644,19.1109,0.894520E-01
3.84705,19.1139,0.215618
3.84766,19.1170,0.219396
3.84827,19.1200,0.181388
3.84888,19.1230,0.100975
3.84949,19.1261,-0.202025
3.85010,19.1291,-0.167392
3.85071,19.1321,0.360355E-01
3.85132,19.1352,0.240489E-01
3.85193,19.1382,0.327865E-01
3.85254,19.1412,0.517903E-01
3.85315,19.1443,0.731451E-01
3.85376,19.1473,0.406210E-01
3.85437,19.1503,0.207353
3.85498,19.1534,0.646831E-01
3.85559,19.1564,-0.925618E-01
3.85620,19.1594,0.451634E-01
3.85681,19.1625,-0.146262
3.85742,19.1655,0.168543E-01
3.85803,19.1685,-0.105489
3.85864,19.1716,0.606084E-01
3.85925,19.1746,0.486700E-01
3.85986,19.1776,0.187464
3.86047,19.1807,-0.116353E-01
3.86108,19.1837,0.135238
3.86169,19.1867,-0.337533
3.86230,19.1897,-0.765172E-01
3.86292,19.1928,-0.235302E-01
3.86353,19.1958,-0.242363E-01
3.86414,19.1988,-0.284667
3.86475,19.2019,-0.146265
3.86536,19.2049,-0.330618
3.86597,19.2079,0.741614E-02
3.86658,19.2110,0.553584E-02
3.86719,19.2140,0.285020E-01
3.86780,19.2170,-0.439070E-01
3.86841,19.2201,0.260651
3.86902,19.2231,0.452624
3.86963,19.2261,-0.168850
3.87024,19.2292,-0.122371
3.87085,19.2322,-0.448602E-01
3.87146,19.2352,-0.861585E-01
3.87207,19.2383,0.325694
3.87268,19.2413,0.202069E-01
3.87329,19.2443,0.280291
3.87390,19.2474,0.149753
3.87451,19.2504,0.162865
3.87512,19.2534,0.402849E-01
3.87573,19.2565,0.181846
3.87634,19.2595,-0.263070
3.87695,19.2625,-0.188843
3.87756,19.2656,0.117330
3.87817,19.2686,-0.467912E-01
3.87878,19.2716,0.206895E-01
3.87939,19.2747,0.174542
3.88000,19.2777,0.769876E-01
3.88062,19.2807,0.516114E-01
3.88123,19.2838,-0.115914
3.88184,19.2868,-0.141174
3.88245,19.2898,0.127931
3.88306,19.2929,0.272515
3.88367,19.2959,-0.250859E-01
3.88428,19.2989,0.195364
3.88489,19.3020,0.397948E-01
3.88550,19.3050,-0.203068E-01
3.88611,19.3080,0.300530E-01
3.88672,19.3110,0.406559E-01
3.88733,19.3141,-0.857476E-02
3.88794,19.3171,-0.811578E-01
3.88855,19.3201,-0.888470E-01
3.88916,19.3232,0.716089E-01
3.88977,19.3262,-0.195446
3.89038,19.3292,-0.654954E-02
3.89099,19.3323,-0.297558E-01
3.89160,19.3353,-0.198874
3.89221,19.3383,0.144617E-02
3.89282,19.3414,0.437293
3.89343,19.3444,0.363390
3.89404,19.3474,0.315080
3.89465,19.3505,0.202899E-01
3.89526,19.3535,0.137862E-01
3.89587,19.3565,0.862455E-01
3.89648,19.3596,0.320699E-01
3.89709,19.3626,-0.302016E-01
3.89771,19.3656,-0.823852E-02
3.89832,19.3687,0.365050E-01
3.89893,19.3717,0.391144E-01
3.89954,19.3747,0.160369E-01
3.90015,19.3778,0.110267
3.90076,19.3808,0.616445E-01
3.90137,19.3838,-0.110800
3.90198,19.3869,-0.438875E-01
3.90259,19.3899,0.223155
3.90320,19.3929,-0.153243
3.90381,19.3960,-0.121681E-01
3.90442,19.3990,0.251221E-01
3.90503,19.4020,-0.243689E-01
3.90564,19.4051,-0.180255
3.90625,19.4081,0.801919E-01
3.90686,19.4111,0.101207
3.90747,19.4142,0.742875E-01
3.90808,19.4172,-0.707710E-01
3.90869,19.4202,0.401406E-01
3.90930,19.4233,0.914191E-01
3.90991,19.4263,0.103662
3.91052,19.4293,0.887404E-01
3.91113,19.4324,-0.404234E-01
3.91174,19.4354,0.162778E-01
3.91235,19.4384,-0.113271
3.91296,19.4414,-0.258257E-01
3.91357,19.4445,0.649416E-01
3.91418,19.4475,0.443307E-01
3.91479,19.4505,-0.539974E-01
3.91541,19.4536,-0.252683E-01
3.91602,19.4566,-0.661449E-01
3.91663,19.4596,-0.507995E-01
3.91724,19.4627,0.140687E-01
3.91785,19.4657,-0.327810E-02
3.91846,19.4687,0.101886
3.91907,19.4718,-0.642938E-01
3.91968,19.4748,-0.126637E-01
3.92029,19.4778,-0.185357
3.92090,19.4809,-0.423537
3.92151,19.4839,0.133256
3.92212,19.4869,-0.396598E-01
3.92273,19.4900,-0.108439
3.92334,19.4930,-0.272899
3.92395,19.4960,0.184646
3.92456,19.4991,-0.412682
3.92517,19.5021,-0.273566E-01
3.92578,19.5051,0.146170
3.92639,19.5082,-0.511483E-01
3.92700,19.5112,0.184893E-01
3.92761,19.5142,0.215855E-01
3.92822,19.5173,-0.645051E-01
3.92883,19.5203,-0.143271
3.92944,19.5233,-0.178277E-02
3.93005,19.5264,0.326907
3.93066,19.5294,-0.326458E-01
3.93127,19.5324,-0.184974
3.93188,19.5355,-0.123496
3.93250,19.5385,-0.998547E-03
3.93311,19.5415,-0.259271E-01
3.93372,19.5446,-0.768881E-01
3.93433,19.5476,0.482237E-01
3.93494,19.5506,-0.137237E-01
3.93555,19.5537,0.126609E-01
3.93616,19.5567,-0.622784E-03
3.93677,19.5597,-0.230066E-01
3.93738,19.5627,-0.576041E-01
3.93799,19.5658,0.175221
3.93860,19.5688,-0.167433
3.93921,19.5718,-0.488462
3.93982,19.5749,0.398068E-01
3.94043,19.5779,-0.317577E-01
3.94104,19.5809,-0.919875E-01
3.94165,19.5840,0.347108E-01
3.94226,19.5870,0.143937
3.94287,19.5900,0.262787
3.94348,19.5931,-0.148090
3.94409,19.5961,0.712321E-01
3.94470,19.5991,-0.206239
3.94531,19.6022,-0.207412E-01
3.94592,19.6052,0.713758E-02
3.94653,19.6082,-0.191205
3.94714,19.6113,-0.186976E-01
3.94775,19.6143,0.134804
3.94836,19.6173,-0.689752E-01
3.94897,19.6204,-0.165531E-01
3.94958,19.6234,-0.191839
3.95020,19.6264,0.911368E-02
3.95081,19.6295,0.544500E-01
3.95142,19.6325,0.792874E-02
3.95203,19.6355,-0.134063E-01
3.95264,19.6386,0.830561E-01
3.95325,19.6416,0.399589E-01
3.95386,19.6446,0.188002E-01
3.95447,19.6477,-0.235375E-01
3.95508,19.6507,-0.945205E-03
3.95569,19.6537,-0.155341E-01
3.95630,19.6568,-0.517994E-01
3.95691,19.6598,-0.280854E-01
3.95752,19.6628,-0.696624E-01
3.95813,19.6659,0.210827
3.95874,19.6689,-0.586159E-01
3.95935,19.6719,-0.250048E-01
3.95996,19.6750,-0.124623
3.96057,19.6780,-0.119133
3.96118,19.6810,0.796978E-01
3.96179,19.6840,0.361936E-02
3.96240,19.6871,0.168059
3.96301,19.6901,0.233931
3.96362,19.6931,-0.522796
3.96423,19.6962,0.230196E-01
3.96484,19.6992,0.315291E-01
3.96545,19.7022,0.249840E-01
3.96606,19.7053,0.116675E-01
3.96667,19.7083,0.871077E-01
3.96729,19.7113,0.165676
3.96790,19.7144,0.744834
3.96851,19.7174,0.369471
3.96912,19.7204,0.503321E-01
3.96973,19.7235,-0.811494E-02
3.97034,19.7265,-0.101391
3.97095,19.7295,0.176321
3.97156,19.7326,-0.872187E-01
3.97217,19.7356,0.452317E-01
3.97278,19.7386,-0.167450E-01
3.97339,19.7417,0.692708E-01
3.97400,19.7447,-0.222698E-04
3.97461,19.7477,0.103070E-01
3.97522,19.7508,-0.117012
3.97583,19.7538,0.972641E-01
3.97644,19.7568,-0.169400
3.97705,19.7599,0.102714E-01
3.97766,19.7629,-0.137259E-01
3.97827,19.7659,-0.888681E-01
3.97888,19.7690,-0.109795
3.97949,19.7720,-0.347096
3.98010,19.7750,-0.163986
3.98071,19.7781,-0.332832E-01
3.98132,19.7811,0.194628
3.98193,19.7841,0.248338E-01
3.98254,19.7872,-0.234105
3.98315,19.7902,-0.427799E-01
3.98376,19.7932,0.170129
3.98438,19.7963,0.975360E-01
3.98499,19.7993,0.108340
3.98560,19.8023,-0.158562
3.98621,19.8053,-0.768935E-01
3.98682,19.8084,0.178821
3.98743,19.8114,0.626573E-01
3.98804,19.8144,-0.117889
3.98865,19.8175,-0.177916
3.98926,19.8205,-0.578718E-01
3.98987,19.8235,0.767041E-01
3.99048,19.8266,-0.344869E-01
3.99109,19.8296,-0.122719
3.99170,19.8326,-0.206529
3.99231,19.8357,-0.361757E-02
3.99292,19.8387,0.309032E-02
3.99353,19.8417,0.337607E-01
3.99414,19.8448,-0.153311
3.99475,19.8478,-0.159490
3.99536,19.8508,-0.320386
3.99597,19.8539,0.854669E-01
3.99658,19.8569,-0.798023E-01
3.99719,19.8599,-0.270086E-01
3.99780,19.8630,-0.474448E-02
3.99841,19.8660,0.633267E-03
3.99902,19.8690,0.251526E-01
3.99963,19.8721,-0.450143E-01
4.00024,19.8751,-0.195323
4.00085,19.8781,-0.279458E-01
4.00146,19.8812,-0.484848E-01
4.00208,19.8842,0.156790
4.00269,19.8872,0.932462E-01
4.00330,19.8903,-0.537548E-01
4.00391,19.8933,-0.164969E-01
4.00452,19.8963,0.121264E-01
4.00513,19.8994,0.121544E-01
4.00574,19.9024,-0.100457
4.00635,19.9054,-0.814555E-02
4.00696,19.9085,-0.119693
4.00757,19.9115,-0.857516E-01
4.00818,19.9145,0.623324E-01
4.00879,19.9176,-0.152230
4.00940,19.9206,-0.638272E-01
4.01001,19.9236,0.212895E-02
4.01062,19.9267,0.337136E-01
4.01123,19.9297,0.186482
4.01184,19.9327,0.102867E-01
4.01245,19.9357,-0.120340
4.01306,19.9388,0.221631
4.01367,19.9418,0.136176
4.01428,19.9448,0.235752
4.01489,19.9479,0.659443E-01
4.01550,19.9509,0.411928E-02
4.01611,19.9539,0.193555
4.01672,19.9570,0.675852E-01
4.01733,19.9600,0.121134
4.01794,19.9630,0.413125E-01
4.01855,19.9661,0.264394
4.01917,19.9691,-0.132081
4.01978,19.9721,-0.101885
4.02039,19.9752,-0.210084
4.02100,19.9782,-0.173923
4.02161,19.9812,0.155593
4.02222,19.9843,-0.189702
4.02283,19.9873,-0.155556
4.02344,19.9903,-0.772142E-02
4.02405,19.9934,-0.205762
4.02466,19.9964,-0.149774
4.02527,19.9994,0.901012E-01
4.02588,20.0025,-0.178397E-01
4.02649,20.0055,0.139304
4.02710,20.0085,0.101055
4.02771,20.0116,-0.746991E-01
4.02832,20.0146,0.425615E-01
4.02893,20.0176,-0.139318
4.02954,20.0207,0.201064E-01
4.03015,20.0237,0.101335E-01
4.03076,20.0267,0.580569E-01
4.03137,20.0298,0.277821
4.03198,20.0328,-0.633901E-01
4.03259,20.0358,-0.157121
4.03320,20.0389,0.796387E-01
4.03381,20.0419,0.148454E-01
4.03442,20.0449,-0.252302E-01
4.03503,20.0480,0.316599E-01
4.03564,20.0510,0.294827E-01
4.03625,20.0540,-0.210506
4.03687,20.0570,-0.171045
4.03748,20.0601,-0.118022
4.03809,20.0631,0.532420E-01
4.03870,20.0661,0.195887E-02
4.03931,20.0692,-0.103942
4.03992,20.0722,0.145107E-01
4.04053,20.0752,0.296533E-01
4.04114,20.0783,0.311256
4.04175,20.0813,0.645146E-01
4.04236,20.0843,-0.893861E-01
4.04297,20.0874,0.132767
4.04358,20.0904,0.939231E-02
4.04419,20.0934,0.589536E-01
4.04480,20.0965,-0.151055
4.04541,20.0995,0.318898
4.04602,20.1025,0.178028
4.04663,20.1056,-0.361117E-01
4.04724,20.1086,0.390960E-01
4.04785,20.1116,0.322488
4.04846,20.1147,0.422155E-01
4.04907,20.1177,0.721659E-01
4.04968,20.1207,-0.607690E-01
4.05029,20.1238,-0.913494E-01
4.05090,20.1268,-0.543338E-01
4.05151,20.1298,0.244226
4.05212,20.1329,-0.451970E-01
4.05273,20.1359,0.933100E-01
4.05334,20.1389,-0.177393
4.05396,20.1420,-0.188449
4.05457,20.1450,0.295911
4.05518,20.1480,0.975410E-01
4.05579,20.1511,0.117443
4.05640,20.1541,-0.484992E-01
4.05701,20.1571,-0.103532
4.05762,20.1602,0.131433
4.05823,20.1632,0.910721E-02
4.05884,20.1662,-0.130425E-01
4.05945,20.1693,0.146371
4.06006,20.1723,-0.715622E-01
4.06067,20.1753,0.103018
4.06128,20.1783,0.891764E-03
4.06189,20.1814,-0.207913
4.06250,20.1844,-0.418634E-01
4.06311,20.1874,0.103446
4.06372,20.1905,0.124714
4.06433,20.1935,0.621509E-01
4.06494,20.1965,0.187717E-01
4.06555,20.1996,0.109625
4.06616,20.2026,0.873685E-01
4.06677,20.2056,0.473040
4.06738,20.2087,0.212004
4.06799,20.2117,-0.996053E-01
4.06860,20.2147,-0.650069E-01
4.06921,20.2178,0.228320E-01
4.06982,20.2208,-0.104529
4.07043,20.2238,-0.316913
4.07104,20.2269,0.161174
4.07166,20.2299,0.448997E-02
4.07227,20.2329,0.719551E-01
4.07288,20.2360,0.136232E-01
4.07349,20.2390,-0.115721
4.07410,20.2420,0.737040E-01
4.07471,20.2451,-0.534322E-01
4.07532,20.2481,-0.122120
4.07593,20.2511,0.134100
4.07654,20.2542,0.364932E-01
4.07715,20.2572,-0.424302E-01
4.07776,20.2602,-0.834154E-01
4.07837,20.2633,0.178807
4.07898,20.2663,-0.669992E-01
4.07959,20.2693,-0.146963
4.08020,20.2724,-0.854121E-01
4.08081,20.2754,0.271003
4.08142,20.2784,-0.418281E-01
4.08203,20.2815,0.504529E-01
4.08264,20.2845,0.130850
4.08325,20.2875,0.148019
4.08386,20.2906,-0.120424
4.08447,20.2936,-0.273578
4.08508,20.2966,-0.726884E-02
4.08569,20.2996,-0.907887E-01
4.08630,20.3027,0.150819
4.08691,20.3057,-0.357251E-01
4.08752,20.3087,0.165507
4.08813,20.3118,0.196850
4.08875,20.3148,0.996155E-01
4.08936,20.3178,0.164909
4.08997,20.3209,0.369722E-01
4.09058,20.3239,-0.563736E-01
4.09119,20.3269,-0.132797
4.09180,20.3300,0.170986E-01
4.09241,20.3330,0.457645E-01
4.09302,20.3360,-0.367634E-02
4.09363,20.3391,0.678459E-01
4.09424,20.3421,0.127041
4.09485,20.3451,-0.111527E-01
4.09546,20.3482,0.605764
4.09607,20.3512,0.485355E-02
4.09668,20.3542,0.338407E-01
4.09729,20.3573,0.162868
4.09790,20.3603,-0.844210E-01
4.09851,20.3633,-0.696612E-02
4.09912,20.3664,0.440801
4.09973,20.3694,-0.909688E-01
4.10034,20.3724,0.160144
4.10095,20.3755,-0.116511
4.10156,20.3785,0.333315
4.10217,20.3815,0.232151
4.10278,20.3846,-0.190596
4.10339,20.3876,0.734375E-01
4.10400,20.3906,0.140675
4.10461,20.3937,0.984742E-01
4.10522,20.3967,-0.267614
4.10583,20.3997,-0.115783
4.10645,20.4028,0.768741E-02
4.10706,20.4058,0.199204
4.10767,20.4088,0.704593E-01
4.10828,20.4119,-0.161718
4.10889,20.4149,-0.628021E-01
4.10950,20.4179,0.115430E-01
4.11011,20.4210,-0.151802
4.11072,20.4240,-0.381179
4.11133,20.4270,0.221902E-01
4.11194,20.4300,0.803696E-01
4.11255,20.4331,-0.801046E-01
4.11316,20.4361,0.874595E-01
4.11377,20.4391,-0.222312
4.11438,20.4422,0.581817E-01
4.11499,20.4452,0.983226E-01
4.11560,20.4482,-0.276760
4.11621,20.4513,0.298100E-01
4.11682,20.4543,0.376911
4.11743,20.4573,0.198608
4.11804,20.4604,0.174955E-01
4.11865,20.4634,-0.233340
4.11926,20.4664,0.121578
4.11987,20.4695,0.175355E-01
4.12048,20.4725,-0.113902E-01
4.12109,20.4755,-0.247499E-01
4.12170,20.4786,0.254767E-01
4.12231,20.4816,-0.123772
4.12292,20.4846,0.498340E-01
4.12354,20.4877,-0.607745E-01
4.12415,20.4907,0.212012E-01
4.12476,20.4937,-0.143509
4.12537,20.4968,0.370422E-01
4.12598,20.4998,-0.282557E-01
4.12659,20.5028,-0.110235
4.12720,20.5059,-0.183803E-01
4.12781,20.5089,-0.728769E-02
4.12842,20.5119,-0.112110E-01
4.12903,20.5150,0.854077E-01
4.12964,20.5180,0.155887
4.13025,20.5210,-0.297682
4.13086,20.5241,-0.307144
4.13147,20.5271,-0.208359
4.13208,20.5301,0.122247
4.13269,20.5332,-0.164635E-01
4.13330,20.5362,0.252734
4.13391,20.5392,-0.127447
4.13452,20.5423,-0.107293E-01
4.13513,20.5453,-0.245699E-01
4.13574,20.5483,0.107175
4.13635,20.5513,-0.200756
4.13696,20.5544,-0.121003
4.13757,20.5574,0.858643
4.13818,20.5604,-0.682469E-01
4.13879,20.5635,-0.212827
4.13940,20.5665,-0.432398
4.14001,20.5695,-0.598674E-01
4.14062,20.5726,-0.634315E-02
4.14124,20.5756,0.339507
4.14185,20.5786,-0.350165E-01
4.14246,20.5817,-0.932580E-01
4.14307,20.5847,-0.119830
4.14368,20.5877,-0.964444E-01
4.14429,20.5908,-0.147207
4.14490,20.5938,-0.197447
4.14551,20.5968,-0.147552
4.14612,20.5999,0.704649E-02
4.14673,20.6029,0.220789
4.14734,20.6059,0.142617
4.14795,20.6090,0.531698E-01
4.14856,20.6120,-0.362904E-01
4.14917,20.6150,-0.275671E-01
4.14978,20.6181,0.885520E-01
4.15039,20.6211,-0.396651E-01
4.15100,20.6241,0.520592E-01
4.15161,20.6272,-0.225839E-01
4.15222,20.6302,0.472644E-01
4.15283,20.6332,0.231625E-01
4.15344,20.6363,-0.128206
4.15405,20.6393,0.188049
4.15466,20.6423,-0.105869
4.15527,20.6454,-0.103689
4.15588,20.6484,0.126796
4.15649,20.6514,0.854353E-01
4.15710,20.6545,0.203694
4.15771,20.6575,-0.116920
4.15833,20.6605,-0.168199
4.15894,20.6636,0.145356
4.15955,20.6666,-0.515309E-02
4.16016,20.6696,-0.139609
4.16077,20.6726,0.481868E-01
4.16138,20.6757,-0.449548
4.16199,20.6787,-0.277459
4.16260,20.6817,0.865875E-01
4.16321,20.6848,-0.732833E-01
4.16382,20.6878,0.293425
4.16443,20.6908,0.268240E-01
4.16504,20.6939,0.128602
4.16565,20.6969,-0.228590
4.16626,20.6999,-0.104041
4.16687,20.7030,-0.500953
4.16748,20.7060,0.316828
4.16809,20.7090,0.125454
4.16870,20.7121,-0.397115E-01
4.16931,20.7151,0.744423E-01
4.16992,20.7181,0.145133
4.17053,20.7212,0.856441E-01
4.17114,20.7242,-0.237836E-01
4.17175,20.7272,0.927617E-02
4.17236,20.7303,0.235829E-01
4.17297,20.7333,0.242853E-01
4.17358,20.7363,-0.118330
4.17419,20.7394,-0.336520E-01
4.17480,20.7424,-0.539302E-02
4.17542,20.7454,-0.502838E-01
4.17603,20.7485,0.141755
4.17664,20.7515,0.993551E-01
4.17725,20.7545,-0.308823E-01
4.17786,20.7576,-0.104333
4.17847,20.7606,-0.380785
4.17908,20.7636,0.575074E-01
4.17969,20.7667,-0.892907E-01
4.18030,20.7697,-0.282978
4.18091,20.7727,-0.121622E-01
4.18152,20.7758,0.228909
4.18213,20.7788,0.110159E-01
4.18274,20.7818,0.314099E-01
4.18335,20.7849,-0.246079
4.18396,20.7879,0.773522E-02
4.18457,20.7909,-0.226506E-02
4.18518,20.7939,-0.194045
4.18579,20.7970,0.766846E-01
4.18640,20.8000,0.153681
4.18701,20.8030,0.973113E-02
4.18762,20.8061,0.367546E-01
4.18823,20.8091,0.205260
4.18884,20.8121,-0.215572
4.18945,20.8152,-0.593654E-01
4.19006,20.8182,-0.347461E-01
4.19067,20.8212,0.318192E-01
4.19128,20.8243,0.766139E-02
4.19189,20.8273,-0.718169E-01
4.19250,20.8303,0.183976
4.19312,20.8334,0.574992
4.19373,20.8364,0.321368E-01
4.19434,20.8394,0.856722E-01
4.19495,20.8425,-0.220589
4.19556,20.8455,0.181914
4.19617,20.8485,-0.294972
4.19678,20.8516,-0.300362
4.19739,20.8546,0.146500
4.19800,20.8576,0.678610E-01
4.19861,20.8607,0.360850
4.19922,20.8637,0.113048
4.19983,20.8667,0.223462E-02
4.20044,20.8698,0.915313E-01
4.20105,20.8728,0.495828E-01
4.20166,20.8758,-0.274704E-02
4.20227,20.8789,-0.109104
4.20288,20.8819,-0.872433E-02
4.20349,20.8849,-0.254733E-01
4.20410,20.8880,-0.230232
4.20471,20.8910,0.503600E-01
4.20532,20.8940,0.507811E-01
4.20593,20.8971,0.761623E-02
4.20654,20.9001,0.185500
4.20715,20.9031,0.230673E-01
4.20776,20.9062,0.157084E-01
4.20837,20.9092,-0.723031E-01
4.20898,20.9122,0.299029
4.20959,20.9152,-0.787694E-01
4.21021,20.9183,0.150558
4.21082,20.9213,-0.413263E-02
4.21143,20.9243,-0.303347E-01
4.21204,20.9274,0.581518E-01
4.21265,20.9304,0.494469E-01
4.21326,20.9334,-0.668753E-01
4.21387,20.9365,-0.201948
4.21448,20.9395,-0.187566
4.21509,20.9425,-0.340538E-01
4.21570,20.9456,-0.147179
4.21631,20.9486,0.227656
4.21692,20.9516,-0.630752E-01
4.21753,20.9547,-0.218999E-01
4.21814,20.9577,-0.281545E-01
4.21875,20.9607,-0.528473E-01
4.21936,20.9638,-0.155948E-01
4.21997,20.9668,0.358601E-04
4.22058,20.9698,0.823483E-01
4.22119,20.9729,-0.293288E-01
4.22180,20.9759,0.181965
4.22241,20.9789,-0.178172E-01
4.22302,20.9820,0.171276
4.22363,20.9850,-0.697118E-01
4.22424,20.9880,-0.630559E-01
4.22485,20.9911,0.345617E-01
4.22546,20.9941,0.293833
4.22607,20.9971,-0.819354E-01
4.22668,21.0002,-0.171644
4.22729,21.0032,0.210384
4.22791,21.0062,0.315324
4.22852,21.0093,-0.218290
4.22913,21.0123,0.317554E-01
4.22974,21.0153,-0.148613E-01
4.23035,21.0184,-0.172299
4.23096,21.0214,-0.262031
4.23157,21.0244,-0.119827
4.23218,21.0275,-0.621162E-01
4.23279,21.0305,-0.580297
4.23340,21.0335,-0.293604
4.23401,21.0366,-0.851012E-02
4.23462,21.0396,-0.491174E-01
4.23523,21.0426,0.110584
4.23584,21.0456,0.436391
4.23645,21.0487,0.500895
4.23706,21.0517,0.674132E-01
4.23767,21.0547,0.320059
4.23828,21.0578,0.689861E-01
4.23889,21.0608,0.213751E-01
4.23950,21.0638,-0.558436E-01
4.24011,21.0669,-0.576372E-01
4.24072,21.0699,-0.231756
4.24133,21.0729,-0.771959E-01
4.24194,21.0760,-0.559980E-01
4.24255,21.0790,0.586555E-01
4.24316,21.0820,0.532083E-02
4.24377,21.0851,-0.661039E-01
4.24438,21.0881,-0.583476E-01
4.24500,21.0911,-0.526154E-01
4.24561,21.0942,0.175878
4.24622,21.0972,-0.108208
4.24683,21.1002,-0.317791
4.24744,21.1033,-0.169805E-01
4.24805,21.1063,-0.815039E-02
4.24866,21.1093,-0.213671E-01
4.24927,21.1124,0.380680E-02
4.24988,21.1154,-0.163697E-01
4.25049,21.1184,-0.101852
4.25110,21.1215,0.430608E-01
4.25171,21.1245,-0.163759
4.25232,21.1275,0.802415E-01
4.25293,21.1306,0.152380
4.25354,21.1336,0.593408
4.25415,21.1366,-0.298066E-01
4.25476,21.1397,0.523588E-02
4.25537,21.1427,0.643187E-01
4.25598,21.1457,0.111160
4.25659,21.1488,0.809526E-01
4.25720,21.1518,-0.235383E-01
4.25781,21.1548,0.133470
4.25842,21.1579,0.183888E-01
4.25903,21.1609,-0.717310E-01
4.25964,21.1639,-0.310640
4.26025,21.1669,0.416281E-01
4.26086,21.1700,0.286948
4.26147,21.1730,-0.131057E-01
4.26208,21.1760,-0.141724E-01
4.26270,21.1791,-0.101121
4.26331,21.1821,0.144877
4.26392,21.1851,0.950220E-01
4.26453,21.1882,0.141077
4.26514,21.1912,0.975137E-01
4.26575,21.1942,0.263933
4.26636,21.1973,-0.753773E-01
4.26697,21.2003,-0.193913
4.26758,21.2033,-0.217413
4.26819,21.2064,-0.180243E-01
4.26880,21.2094,-0.648169E-01
4.26941,21.2124,0.433410E-01
4.27002,21.2155,0.406647E-01
4.27063,21.2185,0.681308
4.27124,21.2215,-0.836365E-01
4.27185,21.2246,-0.991378E-02
4.27246,21.2276,0.156201
4.27307,21.2306,-0.356791
4.27368,21.2337,0.469574E-02
4.27429,21.2367,-0.299143E-01
4.27490,21.2397,-0.184307
4.27551,21.2428,0.337452E-01
4.27612,21.2458,-0.213166E-01
4.27673,21.2488,-0.327864
4.27734,21.2519,-0.897495E-01
4.27795,21.2549,0.135582
4.27856,21.2579,-0.430939
4.27917,21.2610,-0.147547
4.27979,21.2640,-0.752591E-02
4.28040,21.2670,0.679107E-01
4.28101,21.2701,0.160340
4.28162,21.2731,0.924945E-01
4.28223,21.2761,-0.128154
4.28284,21.2792,-0.766189E-01
4.28345,21.2822,-0.704293E-01
4.28406,21.2852,0.187161E-01
4.28467,21.2882,-0.138065
4.28528,21.2913,-0.103234
4.28589,21.2943,-0.443801E-01
4.28650,21.2973,-0.748868E-01
4.28711,21.3004,0.528083E-01
4.28772,21.3034,0.841679E-03
4.28833,21.3064,-0.242578
4.28894,21.3095,-0.484218E-01
4.28955,21.3125,0.400711
4.29016,21.3155,0.553475E-01
4.29077,21.3186,0.355476E-01
4.29138,21.3216,0.287705
4.29199,21.3246,-0.879452E-01
4.29260,21.3277,-0.313926E-01
4.29321,21.3307,0.455854E-01
4.29382,21.3337,0.428655
4.29443,21.3368,-0.195013E-02
4.29504,21.3398,-0.174245
4.29565,21.3428,0.226236E-02
4.29626,21.3459,0.264644E-01
4.29688,21.3489,0.117412
4.29749,21.3519,0.987045E-01
4.29810,21.3550,-0.688690E-01
4.29871,21.3580,0.627037E-01
4.29932,21.3610,0.149422E-01
4.29993,21.3641,0.147098
4.30054,21.3671,0.181355
4.30115,21.3701,-0.708051E-01
4.30176,21.3732,0.238448E-01
4.30237,21.3762,-0.208937E-01
4.30298,21.3792,0.416765
4.30359,21.3823,0.412689E-01
4.30420,21.3853,-0.128146
4.30481,21.3883,-0.168283
4.30542,21.3914,-0.880532E-01
4.30603,21.3944,0.102010
4.30664,21.3974,0.165031E-01
4.30725,21.4005,-0.517157E-01
4.30786,21.4035,-0.104961
4.30847,21.4065,0.654097E-02
4.30908,21.4095,0.274364
4.30969,21.4126,0.996591E-02
4.31030,21.4156,0.149183E-01
4.31091,21.4186,0.101034
4.31152,21.4217,-0.123850
4.31213,21.4247,0.291079
4.31274,21.4277,0.996961E-01
4.31335,21.4308,-0.297675
4.31396,21.4338,0.458296E-01
4.31458,21.4368,-0.304041
4.31519,21.4399,-0.133597
4.31580,21.4429,-0.344074
4.31641,21.4459,0.381611E-01
4.31702,21.4490,-0.346688E-01
4.31763,21.4520,-0.261607E-01
4.31824,21.4550,0.372453E-01
4.31885,21.4581,0.167945E-02
4.31946,21.4611,-0.191708
4.32007,21.4641,-0.988052E-01
4.32068,21.4672,0.161451
4.32129,21.4702,0.103615
4.32190,21.4732,0.324940
4.32251,21.4763,0.246779
4.32312,21.4793,-0.422199E-01
4.32373,21.4823,-0.528770E-01
4.32434,21.4854,0.128223
4.32495,21.4884,-0.477118E-03
4.32556,21.4914,0.509294E-02
4.32617,21.4945,0.144218
4.32678,21.4975,-0.124883
4.32739,21.5005,0.126780
4.32800,21.5036,-0.334975E-01
4.32861,21.5066,-0.267859
4.32922,21.5096,-0.430377E-01
4.32983,21.5127,0.148522
4.33044,21.5157,0.176018E-01
4.33105,21.5187,0.356853E-01
4.33167,21.5218,-0.376149E-01
4.33228,21.5248,0.133818
4.33289,21.5278,0.689304E-01
4.33350,21.5309,0.198851
4.33411,21.5339,-0.632235E-01
4.33472,21.5369,0.265563E-01
4.33533,21.5399,0.513157E-01
4.33594,21.5430,-0.777064E-01
4.33655,21.5460,0.201825E-02
4.33716,21.5490,-0.925057E-01
4.33777,21.5521,-0.171567
4.33838,21.5551,0.110873E-01
4.33899,21.5581,0.839979E-01
4.33960,21.5612,0.100928
4.34021,21.5642,0.481995E-01
4.34082,21.5672,0.161851E-01
4.34143,21.5703,-0.531706
4.34204,21.5733,0.133049
4.34265,21.5763,0.556009
4.34326,21.5794,0.275022E-01
4.34387,21.5824,0.276945E-01
4.34448,21.5854,0.177076
4.34509,21.5885,0.110728
4.34570,21.5915,-0.915565E-01
4.34631,21.5945,-0.564635
4.34692,21.5976,-0.190290
4.34753,21.6006,-0.200118
4.34814,21.6036,-0.104109
4.34875,21.6067,-0.317179
4.34937,21.6097,-0.867018E-01
4.34998,21.6127,0.595528
4.35059,21.6158,0.343715
4.35120,21.6188,0.396472
4.35181,21.6218,0.201485
4.35242,21.6249,-0.495170E-02
4.35303,21.6279,0.184730
4.35364,21.6309,-0.546817E-01
4.35425,21.6340,-0.215442E-01
4.35486,21.6370,0.249891
4.35547,21.6400,0.180741
4.35608,21.6431,0.332701E-01
4.35669,21.6461,0.134305
4.35730,21.6491,-0.179314E-01
4.35791,21.6522,0.908273E-01
4.35852,21.6552,0.465870
4.35913,21.6582,-0.435336E-01
4.35974,21.6612,-0.338438E-01
4.36035,21.6643,-0.166416
4.36096,21.6673,0.540701E-01
4.36157,21.6703,0.328015E-01
4.36218,21.6734,0.367394E-01
4.36279,21.6764,-0.128564
4.36340,21.6794,-0.953940E-01
4.36401,21.6825,-0.225429
4.36462,21.6855,0.239009
4.36523,21.6885,-0.210072
4.36584,21.6916,-0.226447
4.36646,21.6946,-0.482991E-02
4.36707,21.6976,-0.761049E-01
4.36768,21.7007,-0.215691
4.36829,21.7037,-0.778321E-01
4.36890,21.7067,0.656898E-01
4.36951,21.7098,-0.260281
4.37012,21.7128,-0.546378
4.37073,21.7158,-0.189079
4.37134,21.7189,0.167708
4.37195,21.7219,0.413149E-01
4.37256,21.7249,0.512219E-01
4.37317,21.7280,0.229475
4.37378,21.7310,-0.284385
4.37439,21.7340,0.759122E-01
4.37500,21.7371,-0.639335
4.37561,21.7401,-0.191586
4.37622,21.7431,0.314423E-01
4.37683,21.7462,0.527098E-02
4.37744,21.7492,0.112278
4.37805,21.7522,0.235742
4.37866,21.7553,-0.168289
4.37927,21.7583,0.148362
4.37988,21.7613,-0.178187
4.38049,21.7644,-0.152594E-01
4.38110,21.7674,0.787197E-01
4.38171,21.7704,0.671871E-01
4.38232,21.7735,0.191254E-01
4.38293,21.7765,0.140014
4.38354,21.7795,-0.205709
4.38416,21.7825,0.558777E-01
4.38477,21.7856,-0.686268E-01
4.38538,21.7886,0.495290
4.38599,21.7916,-0.159305
4.38660,21.7947,-0.806982E-03
4.38721,21.7977,-0.634252E-01
4.38782,21.8007,0.481829E-01
4.38843,21.8038,0.520330E-01
4.38904,21.8068,0.979977E-01
4.38965,21.8098,0.185384E-01
4.39026,21.8129,0.229510
4.39087,21.8159,0.186854
4.39148,21.8189,0.348196E-01
4.39209,21.8220,-0.596211E-01
4.39270,21.8250,-0.238918
4.39331,21.8280,0.120884
4.39392,21.8311,0.989628E-02
4.39453,21.8341,0.131831E-01
4.39514,21.8371,-0.226681
4.39575,21.8402,-0.379587E-01
4.39636,21.8432,0.113691
4.39697,21.8462,0.103861
4.39758,21.8493,0.108565
4.39819,21.8523,-0.179306E-01
4.39880,21.8553,0.394207
4.39941,21.8584,0.127835E-01
4.40002,21.8614,0.749811E-02
4.40063,21.8644,-0.167922
4.40125,21.8675,-0.252016
4.40186,21.8705,-0.690600E-01
4.40247,21.8735,-0.295422
4.40308,21.8766,-0.252540
4.40369,21.8796,0.914047E-02
4.40430,21.8826,0.186113
4.40491,21.8857,-0.341086E-01
4.40552,21.8887,0.152556
4.40613,21.8917,0.629927E-01
4.40674,21.8948,-0.678063E-01
4.40735,21.8978,-0.480529E-01
4.40796,21.9008,-0.115054
4.40857,21.9038,0.173698
4.40918,21.9069,0.668151E-01
4.40979,21.9099,-0.883216E-01
4.41040,21.9129,0.164035
4.41101,21.9160,-0.724325E-01
4.41162,21.9190,-0.938144E-01
4.41223,21.9220,-0.682234E-01
4.41284,21.9251,0.186238
4.41345,21.9281,0.192631
4.41406,21.9311,0.266844E-01
4.41467,21.9342,-0.361016
4.41528,21.9372,-0.181669
4.41589,21.9402,0.233330E-01
4.41650,21.9433,0.288477E-01
4.41711,21.9463,-0.240449
4.41772,21.9493,0.215927E-01
4.41833,21.9524,-0.126816
4.41895,21.9554,-0.234911E-01
4.41956,21.9584,-0.718440E-01
4.42017,21.9615,0.157291
4.42078,21.9645,-0.689958E-02
4.42139,21.9675,0.281924
4.42200,21.9706,-0.143392
4.42261,21.9736,0.375725E-01
4.42322,21.9766,-0.518823E-01
4.42383,21.9797,0.146995
4.42444,21.9827,-0.173798
4.42505,21.9857,-0.521397E-02
4.42566,21.9888,-0.174459
4.42627,21.9918,-0.168207
4.42688,21.9948,0.223286E-01
4.42749,21.9979,0.107017E-01
4.42810,22.0009,-0.144791
4.42871,22.0039,-0.436802E-01
4.42932,22.0070,0.113811
4.42993,22.0100,0.369839E-01
4.43054,22.0130,0.425264E-01
4.43115,22.0161,0.214415
4.43176,22.0191,0.130026E-01
4.43237,22.0221,-0.981527E-01
4.43298,22.0252,-0.238453E-01
4.43359,22.0282,0.306946E-02
4.43420,22.0312,-0.180612E-01
4.43481,22.0342,0.249263
4.43542,22.0373,-0.683079E-01
4.43604,22.0403,0.126809
4.43665,22.0433,0.622191E-01
4.43726,22.0464,-0.167732
4.43787,22.0494,-0.271011E-01
4.43848,22.0524,-0.100125
4.43909,22.0555,-0.553294E-01
4.43970,22.0585,0.464045E-01
4.44031,22.0615,-0.375763E-01
4.44092,22.0646,0.111982
4.44153,22.0676,-0.129955
4.44214,22.0706,0.446521E-01
4.44275,22.0737,0.311300
4.44336,22.0767,0.408443
4.44397,22.0797,-0.495383E-01
4.44458,22.0828,-0.180712E-02
4.44519,22.0858,-0.158672
4.44580,22.0888,-0.153778
4.44641,22.0919,-0.590055E-01
4.44702,22.0949,-0.218430E-01
4.44763,22.0979,-0.420232E-01
4.44824,22.1010,-0.524365E-01
4.44885,22.1040,0.202108E-01
4.44946,22.1070,0.831857E-01
4.45007,22.1101,-0.337001
4.45068,22.1131,0.148064
4.45129,22.1161,0.406674E-01
4.45190,22.1192,-0.376147E-01
4.45251,22.1222,-0.414254E-01
4.45312,22.1252,0.315526E-01
4.45374,22.1283,-0.288256
4.45435,22.1313,0.631010E-01
4.45496,22.1343,0.696145E-01
4.45557,22.1374,-0.151374E-01
4.45618,22.1404,0.994913E-01
4.45679,22.1434,0.378939E-01
4.45740,22.1465,0.187430
4.45801,22.1495,0.545236E-01
4.45862,22.1525,-0.102995
4.45923,22.1555,0.157691
4.45984,22.1586,0.552412E-01
4.46045,22.1616,-0.302059
4.46106,22.1646,0.742758E-01
4.46167,22.1677,0.124648
4.46228,22.1707,0.115766
4.46289,22.1737,-0.193619
4.46350,22.1768,-0.173113
4.46411,22.1798,0.940940E-02
4.46472,22.1828,0.509290E-01
4.46533,22.1859,-0.207062E-01
4.46594,22.1889,-0.730592E-01
4.46655,22.1919,-0.171884E-01
4.46716,22.1950,0.320971E-01
4.46777,22.1980,0.266138E-01
4.46838,22.2010,0.285327E-01
4.46899,22.2041,-0.475339E-01
4.46960,22.2071,-0.379580E-01
4.47021,22.2101,-0.285217
4.47083,22.2132,0.351638
4.47144,22.2162,0.122656E-01
4.47205,22.2192,0.126002
4.47266,22.2223,0.610002E-01
4.47327,22.2253,0.427813
4.47388,22.2283,-0.244963
4.47449,22.2314,-0.463416E-01
4.47510,22.2344,-0.622537E-01
4.47571,22.2374,0.816386E-01
4.47632,22.2405,-0.219822E-01
4.47693,22.2435,-0.134730
4.47754,22.2465,-0.167264
4.47815,22.2496,0.963463E-01
4.47876,22.2526,0.934938E-01
4.47937,22.2556,-0.111624
4.47998,22.2587,-0.590505E-01
4.48059,22.2617,0.110395E-01
4.48120,22.2647,0.169585
4.48181,22.2678,0.103931
4.48242,22.2708,0.168252
4.48303,22.2738,0.118450
4.48364,22.2768,-0.874986E-01
4.48425,22.2799,0.390738E-01
4.48486,22.2829,0.214269E-01
4.48547,22.2859,0.581739E-02
4.48608,22.2890,-0.531314E-01
4.48669,22.2920,0.521332E-01
4.48730,22.2950,-0.119956
4.48792,22.2981,0.276164
4.48853,22.3011,0.860944E-02
4.48914,22.3041,0.132309
4.48975,22.3072,-0.109266E-01
4.49036,22.3102,0.103608E-02
4.49097,22.3132,0.200493
4.49158,22.3163,0.141969E-01
4.49219,22.3193,-0.373048
4.49280,22.3223,0.508151
4.49341,22.3254,0.222346
4.49402,22.3284,-0.186088
4.49463,22.3314,-0.140226
4.49524,22.3345,-0.128542E-01
4.49585,22.3375,0.278418E-01
4.49646,22.3405,-0.130368E-01
4.49707,22.3436,0.485845
4.49768,22.3466,0.237512E-01
4.49829,22.3496,-0.146328
4.49890,22.3527,-0.619049E-01
4.49951,22.3557,0.247444
4.50012,22.3587,0.626846E-01
4.50073,22.3618,0.537501E-01
4.50134,22.3648,-0.427235E-03
4.50195,22.3678,-0.166901
4.50256,22.3709,0.106709E-01
4.50317,22.3739,0.230342E-01
4.50378,22.3769,0.316534
4.50439,22.3800,0.295903
4.50500,22.3830,0.168789
4.50562,22.3860,0.258786E-01
4.50623,22.3891,0.270965E-02
4.50684,22.3921,-0.795844E-02
4.50745,22.3951,-0.161401E-01
4.50806,22.3981,-0.444283E-02
4.50867,22.4012,0.128390
4.50928,22.4042,-0.223174
4.50989,22.4072,0.116430
4.51050,22.4103,0.856138E-01
4.51111,22.4133,-0.222538E-01
4.51172,22.4163,0.122032E-01
4.51233,22.4194,-0.113395
4.51294,22.4224,-0.116100
4.51355,22.4254,-0.888367E-01
4.51416,22.4285,0.773950E-01
4.51477,22.4315,0.229599
4.51538,22.4345,0.677112E-02
4.51599,22.4376,-0.275406E-01
4.51660,22.4406,-0.321462
4.51721,22.4436,-0.121049E-01
4.51782,22.4467,-0.545452E-01
4.51843,22.4497,0.232952
4.51904,22.4527,0.126828
4.51965,22.4558,-0.440244E-01
4.52026,22.4588,0.130902
4.52087,22.4618,-0.169113
4.52148,22.4649,-0.213565
4.52209,22.4679,-0.431850E-01
4.52271,22.4709,0.571113E-01
4.52332,22.4740,0.521527
4.52393,22.4770,-0.255508E-01
4.52454,22.4800,0.292931E-01
4.52515,22.4831,-0.173023
4.52576,22.4861,-0.746123E-01
4.52637,22.4891,-0.917037E-01
4.52698,22.4922,0.149386
4.52759,22.4952,-0.135292E-01
4.52820,22.4982,-0.397479E-02
4.52881,22.5013,-0.579019E-01
4.52942,22.5043,0.144885
4.53003,22.5073,0.860745E-01
4.53064,22.5104,-0.101639
4.53125,22.5134,0.142355
4.53186,22.5164,-0.272737E-01
4.53247,22.5194,0.470901E-01
4.53308,22.5225,-0.103579
4.53369,22.5255,0.107841
4.53430,22.5285,0.186633E-01
4.53491,22.5316,0.644555E-01
4.53552,22.5346,0.171150
4.53613,22.5376,-0.120522
4.53674,22.5407,-0.789210E-01
4.53735,22.5437,-0.571696E-01
4.53796,22.5467,-0.481041E-01
4.53857,22.5498,0.154241
4.53918,22.5528,0.167998
4.53979,22.5558,0.923058E-01
4.54041,22.5589,-0.319428E-01
4.54102,22.5619,0.628021E-01
4.54163,22.5649,0.149176E-01
4.54224,22.5680,-0.337336E-01
4.54285,22.5710,-0.953670E-01
4.54346,22.5740,-0.126017E-01
4.54407,22.5771,0.519402E-01
4.54468,22.5801,-0.154126
4.54529,22.5831,-0.349048E-01
4.54590,22.5862,0.165551
4.54651,22.5892,-0.792724E-01
4.54712,22.5922,-0.125852E-01
4.54773,22.5953,0.991167E-01
4.54834,22.5983,0.238723
4.54895,22.6013,-0.348690
4.54956,22.6044,-0.679029E-02
4.55017,22.6074,-0.119425E-01
4.55078,22.6104,-0.982003E-02
4.55139,22.6135,0.779762E-01
4.55200,22.6165,0.108485
4.55261,22.6195,-0.600356E-01
4.55322,22.6226,0.123283E-01
4.55383,22.6256,-0.167583E-01
4.55444,22.6286,0.174883E-01
4.55505,22.6317,-0.214567
4.55566,22.6347,0.114499
4.55627,22.6377,-0.689712E-01
4.55688,22.6408,0.283713
4.55750,22.6438,0.202320
4.55811,22.6468,-0.100064
4.55872,22.6498,0.163387
4.55933,22.6529,-0.843512E-01
4.55994,22.6559,-0.260964E-01
4.56055,22.6589,-0.542869E-01
4.56116,22.6620,0.516732E-01
4.56177,22.6650,-0.498176E-01
4.56238,22.6680,0.244680E-01
4.56299,22.6711,0.254466E-01
4.56360,22.6741,0.296613
4.56421,22.6771,0.953046E-01
4.56482,22.6802,-0.404439E-01
4.56543,22.6832,-0.164961E-01
4.56604,22.6862,0.490341E-01
4.56665,22.6893,-0.165559
4.56726,22.6923,0.592929
4.56787,22.6953,0.489616E-01
4.56848,22.6984,0.378828E-01
4.56909,22.7014,-0.569641E-01
4.56970,22.7044,-0.221600
4.57031,22.7075,0.146542
4.57092,22.7105,0.251122E-01
4.57153,22.7135,0.692706E-01
4.57214,22.7166,-0.145123
4.57275,22.7196,-0.793429E-01
4.57336,22.7226,0.906945E-02
4.57397,22.7257,0.362194
4.57458,22.7287,0.112668E-02
4.57520,22.7317,0.816647E-02
4.57581,22.7348,-0.177201
4.57642,22.7378,0.309492E-01
4.57703,22.7408,-0.149661
4.57764,22.7439,0.139998
4.57825,22.7469,-0.352390
4.57886,22.7499,-0.119688
4.57947,22.7530,0.128718
4.58008,22.7560,0.249279
4.58069,22.7590,-0.199895
4.58130,22.7621,-0.233444
4.58191,22.7651,0.246059
4.58252,22.7681,0.792725E-01
4.58313,22.7711,0.343689E-01
4.58374,22.7742,0.116095
4.58435,22.7772,0.182411
4.58496,22.7802,-0.222425
4.58557,22.7833,-0.950520E-01
4.58618,22.7863,-0.423303E-01
4.58679,22.7893,-0.205601E-01
4.58740,22.7924,-0.219629
4.58801,22.7954,-0.764514E-02
4.58862,22.7984,0.150530
4.58923,22.8015,-0.855830E-01
4.58984,22.8045,0.125724
4.59045,22.8075,-0.381138E-01
4.59106,22.8106,0.314751
4.59167,22.8136,0.105211E-01
4.59229,22.8166,0.211527
4.59290,22.8197,-0.928839E-02
4.59351,22.8227,0.581416E-01
4.59412,22.8257,0.168929
4.59473,22.8288,0.296915
4.59534,22.8318,0.560430E-01
4.59595,22.8348,0.208520E-01
4.59656,22.8379,0.486780E-01
4.59717,22.8409,0.139398
4.59778,22.8439,0.965779E-01
4.59839,22.8470,0.381226
4.59900,22.8500,0.181369E-01
4.59961,22.8530,-0.180974
4.60022,22.8561,0.519533E-01
4.60083,22.8591,0.171297E-01
4.60144,22.8621,0.480144E-01
4.60205,22.8652,-0.120535
4.60266,22.8682,0.855163E-03
4.60327,22.8712,0.461921E-01
4.60388,22.8743,-0.830005E-01
4.60449,22.8773,-0.131520
4.60510,22.8803,0.276563E-01
4.60571,22.8834,0.492969E-01
4.60632,22.8864,0.220418E-01
4.60693,22.8894,-0.675564E-01
4.60754,22.8924,-0.512356E-01
4.60815,22.8955,0.201819E-01
4.60876,22.8985,-0.459533E-01
4.60938,22.9015,0.129411
4.60999,22.9046,0.223497E-02
4.61060,22.9076,0.186154E-02
4.61121,22.9106,-0.130702
4.61182,22.9137,-0.254448E-01
4.61243,22.9167,0.185727
4.61304,22.9197,0.476483
4.61365,22.9228,-0.367400E-01
4.61426,22.9258,0.531242E-01
4.61487,22.9288,0.269416
4.61548,22.9319,0.120981
4.61609,22.9349,-0.156879
4.61670,22.9379,0.184782
4.61731,22.9410,0.829032E-01
4.61792,22.9440,-0.476063E-01
4.61853,22.9470,-0.164139
4.61914,22.9501,0.361558E-01
4.61975,22.9531,0.155231
4.62036,22.9561,0.137773
4.62097,22.9592,-0.396051E-01
4.62158,22.9622,0.554728E-02
4.62219,22.9652,-0.241124E-01
4.62280,22.9683,-0.320260
4.62341,22.9713,0.127887
4.62402,22.9743,0.264896E-01
4.62463,22.9774,-0.607198E-01
4.62524,22.9804,-0.312855
4.62585,22.9834,-0.364351E-01
4.62646,22.9865,-0.130422E-01
4.62708,22.9895,-0.870055E-01
4.62769,22.9925,0.278123
4.62830,22.9956,-0.303281
4.62891,22.9986,-0.426988E-01
4.62952,23.0016,-0.994347E-02
4.63013,23.0047,-0.107376
4.63074,23.0077,-0.102541
4.63135,23.0107,-0.541598
4.63196,23.0137,0.806674E-01
4.63257,23.0168,0.794632E-01
4.63318,23.0198,0.111266
4.63379,23.0228,-0.383793E-01
4.63440,23.0259,0.116959
4.63501,23.0289,0.133621
4.63562,23.0319,-0.188563
4.63623,23.0350,0.286727E-01
4.63684,23.0380,-0.867705E-01
4.63745,23.0410,-0.160220
4.63806,23.0441,0.573318E-01
4.63867,23.0471,-0.312028
4.63928,23.0501,-0.176887
4.63989,23.0532,0.219887E-01
4.64050,23.0562,-0.848412E-01
4.64111,23.0592,-0.961015E-01
4.64172,23.0623,-0.104307
4.64233,23.0653,-0.837618E-02
4.64294,23.0683,-0.219103
4.64355,23.0714,0.346808E-01
4.64417,23.0744,-0.162912
4.64478,23.0774,-0.636653E-01
4.64539,23.0805,-0.160559E-01
4.64600,23.0835,-0.251659
4.64661,23.0865,0.163369
4.64722,23.0896,0.995096E-01
4.64783,23.0926,-0.280008E-01
4.64844,23.0956,-0.360589E-01
4.64905,23.0987,0.471734E-01
4.64966,23.1017,0.305114E-01
4.65027,23.1047,0.168197
4.65088,23.1078,-0.250768
4.65149,23.1108,0.576969E-01
4.65210,23.1138,-0.217462
4.65271,23.1169,0.183699
4.65332,23.1199,0.368223E-01
4.65393,23.1229,-0.583237E-02
4.65454,23.1260,-0.141839
4.65515,23.1290,0.208896
4.65576,23.1320,-0.619562E-01
4.65637,23.1351,0.447792E-01
4.65698,23.1381,-0.142050
4.65759,23.1411,-0.249340
4.65820,23.1441,0.397909E-01
4.65881,23.1472,-0.225628
4.65942,23.1502,0.211788
4.66003,23.1532,0.335377E-01
4.66064,23.1563,-0.352395E-01
4.66125,23.1593,0.112587
4.66187,23.1623,-0.169750
4.66248,23.1654,0.106177
4.66309,23.1684,-0.330961
4.66370,23.1714,-0.409603
4.66431,23.1745,-0.283323E-01
4.66492,23.1775,-0.610369E-01
4.66553,23.1805,0.443388E-01
4.66614,23.1836,0.112379
4.66675,23.1866,-0.755135E-01
4.66736,23.1896,0.258797
4.66797,23.1927,0.169974
4.66858,23.1957,-0.116619
4.66919,23.1987,-0.306400
4.66980,23.2018,0.312496E-01
4.67041,23.2048,-0.343448
4.67102,23.2078,0.802121E-01
4.67163,23.2109,-0.243086
4.67224,23.2139,0.263466E-01
4.67285,23.2169,0.705270E-01
4.67346,23.2200,-0.927389E-01
4.67407,23.2230,-0.956584E-01
4.67468,23.2260,0.150137
4.67529,23.2291,0.980306E-01
4.67590,23.2321,-0.205371E-01
4.67651,23.2351,0.175177
4.67712,23.2382,-0.399790
4.67773,23.2412,0.417856E-01
4.67834,23.2442,-0.369863
4.67896,23.2473,-0.423112
4.67957,23.2503,-0.133430
4.68018,23.2533,-0.311244
4.68079,23.2564,0.104523
4.68140,23.2594,-0.591112E-01
4.68201,23.2624,0.614994E-01
4.68262,23.2654,-0.185854
4.68323,23.2685,-0.144502E-01
4.68384,23.2715,0.758410E-01
4.68445,23.2745,-0.514445E-01
4.68506,23.2776,0.339504E-01
4.68567,23.2806,0.362425E-01
4.68628,23.2836,-0.318473E-01
4.68689,23.2867,-0.238141
4.68750,23.2897,-0.135421
4.68811,23.2927,-0.221744
4.68872,23.2958,0.160320
4.68933,23.2988,-0.227990E-01
4.68994,23.3018,-0.453092E-01
4.69055,23.3049,-0.451884E-01
4.69116,23.3079,-0.321689E-01
4.69177,23.3109,-0.501660E-01
4.69238,23.3140,0.121012
4.69299,23.3170,0.212999
4.69360,23.3200,0.179348
4.69421,23.3231,0.956866E-01
4.69482,23.3261,-0.726257E-01
4.69543,23.3291,-0.812259E-01
4.69604,23.3322,0.653653E-02
4.69666,23.3352,0.447898
4.69727,23.3382,0.182525
4.69788,23.3413,0.134086E-01
4.69849,23.3443,-0.952411E-01
4.69910,23.3473,-0.112177
4.69971,23.3504,0.444518E-01
4.70032,23.3534,-0.160189
4.70093,23.3564,-0.441733E-01
4.70154,23.3595,0.166332
4.70215,23.3625,0.139321
4.70276,23.3655,-0.158924E-01
4.70337,23.3686,-0.201629
4.70398,23.3716,-0.184439
4.70459,23.3746,0.594322E-02
4.70520,23.3777,-0.836496E-01
4.70581,23.3807,-0.127022E-01
4.70642,23.3837,0.104513
4.70703,23.3867,0.330600
4.70764,23.3898,0.114055
4.70825,23.3928,0.182491
4.70886,23.3958,-0.893524E-01
4.70947,23.3989,-0.532621E-01
4.71008,23.4019,-0.379285E-01
4.71069,23.4049,0.112693
4.71130,23.4080,-0.950702E-01
4.71191,23.4110,0.351210E-01
4.71252,23.4140,0.167729E-01
4.71313,23.4171,-0.127622
4.71375,23.4201,-0.313607
4.71436,23.4231,0.781187E-01
4.71497,23.4262,0.105622E-01
4.71558,23.4292,0.124163
4.71619,23.4322,-0.139820
4.71680,23.4353,0.112559
4.71741,23.4383,-0.327187E-01
4.71802,23.4413,-0.123340
4.71863,23.4444,0.498910E-01
4.71924,23.4474,-0.110265
4.71985,23.4504,-0.613521E-01
4.72046,23.4535,0.278073
4.72107,23.4565,0.655680E-01
4.72168,23.4595,0.230351
4.72229,23.4626,0.253073
4.72290,23.4656,-0.963090E-02
4.72351,23.4686,-0.492538
4.72412,23.4717,-0.147947
4.72473,23.4747,0.125790
4.72534,23.4777,-0.645075E-01
4.72595,23.4808,0.390721E-01
4.72656,23.4838,-0.226693
4.72717,23.4868,-0.186386
4.72778,23.4899,0.515200E-01
4.72839,23.4929,0.573053E-01
4.72900,23.4959,-0.243551E-01
4.72961,23.4990,0.807509E-02
4.73022,23.5020,0.171470
4.73083,23.5050,-0.269735E-01
4.73145,23.5080,0.498891E-01
4.73206,23.5111,0.435172
4.73267,23.5141,-0.106618
4.73328,23.5171,0.112756
4.73389,23.5202,-0.153300
4.73450,23.5232,0.304449
4.73511,23.5262,-0.383983E-01
4.73572,23.5293,0.376796E-01
4.73633,23.5323,-0.229112E-01
4.73694,23.5353,0.298745
4.73755,23.5384,0.127187E-01
4.73816,23.5414,-0.383228E-02
4.73877,23.5444,0.284253E-01
4.73938,23.5475,-0.912352E-01
4.73999,23.5505,0.137504
4.74060,23.5535,-0.133948
4.74121,23.5566,0.332124E-01
4.74182,23.5596,-0.756155E-02
4.74243,23.5626,0.304071
4.74304,23.5657,0.131326
4.74365,23.5687,0.282781
4.74426,23.5717,0.979677E-01
4.74487,23.5748,-0.860489E-01
4.74548,23.5778,-0.276141E-01
4.74609,23.5808,-0.142478
4.74670,23.5839,0.102997E-01
4.74731,23.5869,-0.353629
4.74792,23.5899,-0.307167
4.74854,23.5930,0.228133
4.74915,23.5960,-0.857631E-01
4.74976,23.5990,0.679747E-01
4.75037,23.6021,-0.328686
4.75098,23.6051,0.135329
4.75159,23.6081,0.223569
4.75220,23.6112,0.226785E-01
4.75281,23.6142,-0.221879E-01
4.75342,23.6172,-0.603115E-01
4.75403,23.6203,-0.579977E-01
4.75464,23.6233,-0.539287
4.75525,23.6263,0.278606E-01
4.75586,23.6294,-0.226265E-01
4.75647,23.6324,-0.126138
4.75708,23.6354,-0.266708E-02
4.75769,23.6384,0.189561
4.75830,23.6415,0.772194E-02
4.75891,23.6445,0.324361E-02
4.75952,23.6475,-0.297499E-01
4.76013,23.6506,0.972624E-01
4.76074,23.6536,-0.166152E-01
4.76135,23.6566,0.179391
4.76196,23.6597,0.215382E-01
4.76257,23.6627,-0.204139
4.76318,23.6657,-0.266239
4.76379,23.6688,-0.674587E-01
4.76440,23.6718,-0.453243E-01
4.76501,23.6748,0.901052E-01
4.76562,23.6779,-0.221242
4.76624,23.6809,-0.560565
4.76685,23.6839,0.244063E-02
4.76746,23.6870,0.164203E-01
4.76807,23.6900,-0.364901E-01
4.76868,23.6930,-0.621195E-01
4.76929,23.6961,0.361027
4.76990,23.6991,-0.216250
4.77051,23.7021,-0.405279E-01
4.77112,23.7052,0.232100E-01
4.77173,23.7082,0.905566E-01
4.77234,23.7112,0.101945
4.77295,23.7143,0.194890E-02
4.77356,23.7173,0.499025E-01
4.77417,23.7203,-0.324035
4.77478,23.7234,0.983300E-01
4.77539,23.7264,-0.129013
4.77600,23.7294,0.110462
4.77661,23.7325,0.102622
4.77722,23.7355,-0.253496
4.77783,23.7385,-0.822778E-01
4.77844,23.7416,0.974342E-01
4.77905,23.7446,0.543679E-01
4.77966,23.7476,0.967812E-01
4.78027,23.7507,-0.171458
4.78088,23.7537,-0.309315
4.78149,23.7567,-0.407987E-01
4.78210,23.7597,-0.252451
4.78271,23.7628,-0.118612
4.78333,23.7658,0.276429
4.78394,23.7688,0.490583E-01
4.78455,23.7719,0.160434
4.78516,23.7749,-0.429552E-01
4.78577,23.7779,-0.193636E-01
4.78638,23.7810,-0.375418E-01
4.78699,23.7840,-0.161141E-01
4.78760,23.7870,0.310400
4.78821,23.7901,0.127388
4.78882,23.7931,0.101144E-01
4.78943,23.7961,-0.145946
4.79004,23.7992,0.386300E-01
4.79065,23.8022,0.449899E-01
4.79126,23.8052,-0.174320E-01
4.79187,23.8083,-0.128916
4.79248,23.8113,-0.905553E-01
4.79309,23.8143,-0.785899E-01
4.79370,23.8174,0.202145E-01
4.79431,23.8204,-0.414850E-02
4.79492,23.8234,0.307193E-01
4.79553,23.8265,0.303543
4.79614,23.8295,0.517079E-01
4.79675,23.8325,-0.357368
4.79736,23.8356,0.150298
4.79797,23.8386,0.468039
4.79858,23.8416,-0.150538
4.79919,23.8447,-0.431910E-01
4.79980,23.8477,-0.145312E-01
4.80042,23.8507,0.167066E-01
4.80103,23.8538,-0.870175E-02
4.80164,23.8568,0.157185
4.80225,23.8598,0.364277E-01
4.80286,23.8629,0.284152E-01
4.80347,23.8659,-0.431927
4.80408,23.8689,0.667149E-01
4.80469,23.8720,-0.428906
4.80530,23.8750,0.148085
4.80591,23.8780,0.238243
4.80652,23.8810,-0.781730E-01
4.80713,23.8841,-0.309142E-01
4.80774,23.8871,-0.934402E-02
4.80835,23.8901,-0.194881
4.80896,23.8932,-0.194252E-01
4.80957,23.8962,-0.200453E-02
4.81018,23.8992,0.239740E-01
4.81079,23.9023,-0.273964E-01
4.81140,23.9053,0.121964
4.81201,23.9083,0.127606
4.81262,23.9114,0.902077E-01
4.81323,23.9144,-0.117943E-01
4.81384,23.9174,0.184249
4.81445,23.9205,-0.104079
4.81506,23.9235,-0.483570E-01
4.81567,23.9265,0.175417
4.81628,23.9296,-0.618793E-01
4.81689,23.9326,-0.699895E-01
4.81750,23.9356,-0.135643E-01
4.81812,23.9387,0.327913
4.81873,23.9417,0.743489E-01
4.81934,23.9447,-0.211141
4.81995,23.9478,0.417372E-01
4.82056,23.9508,0.804974E-01
4.82117,23.9538,0.158771
4.82178,23.9569,0.280332
4.82239,23.9599,-0.118303
4.82300,23.9629,0.237445
4.82361,23.9660,0.208229E-01
4.82422,23.9690,-0.411039
4.82483,23.9720,-0.271765E-01
4.82544,23.9751,0.972826E-01
4.82605,23.9781,-0.217727
4.82666,23.9811,-0.107958
4.82727,23.9842,-0.121195
4.82788,23.9872,0.556613E-02
4.82849,23.9902,-0.118832E-01
4.82910,23.9933,0.745575
4.82971,23.9963,0.274516E-01
4.83032,23.9993,-0.405668E-01
4.83093,24.0023,0.757859E-01
4.83154,24.0054,0.576617E-01
4.83215,24.0084,0.157684
4.83276,24.0114,0.233493
4.83337,24.0145,-0.218898
4.83398,24.0175,-0.305840E-01
4.83459,24.0205,-0.187933E-01
4.83521,24.0236,0.218495
4.83582,24.0266,-0.176871
4.83643,24.0296,-0.174066
4.83704,24.0327,0.214886
4.83765,24.0357,-0.276276
4.83826,24.0387,0.106280
4.83887,24.0418,-0.877942E-03
4.83948,24.0448,0.139215
4.84009,24.0478,0.203144
4.84070,24.0509,0.767431E-01
4.84131,24.0539,0.449293E-03
4.84192,24.0569,-0.600840E-01
4.84253,24.0600,0.149854E-01
4.84314,24.0630,0.386314
4.84375,24.0660,0.397561
4.84436,24.0691,0.485632E-01
4.84497,24.0721,-0.134620
4.84558,24.0751,0.411586E-01
4.84619,24.0782,-0.433946E-01
4.84680,24.0812,0.300732
4.84741,24.0842,-0.494550E-01
4.84802,24.0873,-0.235099
4.84863,24.0903,-0.129539E-01
4.84924,24.0933,0.822211E-01
4.84985,24.0964,0.159545
4.85046,24.0994,0.448391
4.85107,24.1024,-0.119266
4.85168,24.1055,0.431382E-01
4.85229,24.1085,0.318448E-02
4.85291,24.1115,-0.220392
4.85352,24.1146,-0.175186
4.85413,24.1176,0.328019
4.85474,24.1206,0.410689
4.85535,24.1236,0.158108E-01
4.85596,24.1267,-0.426571
4.85657,24.1297,-0.554767E-01
4.85718,24.1327,-0.588984E-01
4.85779,24.1358,0.229361
4.85840,24.1388,-0.157363E-01
4.85901,24.1418,-0.154915E-01
4.85962,24.1449,0.182954
4.86023,24.1479,0.525428E-01
4.86084,24.1509,-0.380375E-01
4.86145,24.1540,-0.267666
4.86206,24.1570,-0.513919E-01
4.86267,24.1600,0.241842
4.86328,24.1631,-0.321345E-01
4.86389,24.1661,0.537084
4.86450,24.1691,-0.404331E-01
4.86511,24.1722,0.130531
4.86572,24.1752,-0.785254E-01
4.86633,24.1782,0.163229E-01
4.86694,24.1813,-0.159638
4.86755,24.1843,0.119325
4.86816,24.1873,-0.107084
4.86877,24.1904,0.923325E-01
4.86938,24.1934,0.182419
4.87000,24.1964,-0.460695E-01
4.87061,24.1995,0.229482E-02
4.87122,24.2025,0.141330
4.87183,24.2055,-0.617268E-01
4.87244,24.2086,0.962404E-01
4.87305,24.2116,0.374238
4.87366,24.2146,-0.150346
4.87427,24.2177,-0.429815
4.87488,24.2207,-0.283734
4.87549,24.2237,-0.130085E-01
4.87610,24.2268,0.101269E-01
4.87671,24.2298,0.245893E-01
4.87732,24.2328,-0.448264E-01
4.87793,24.2359,0.592077E-01
4.87854,24.2389,-0.113752
4.87915,24.2419,0.187829
4.87976,24.2450,-0.629184E-01
4.88037,24.2480,-0.313967
4.88098,24.2510,-0.103981
4.88159,24.2540,-0.559671E-01
4.88220,24.2571,-0.774191E-01
4.88281,24.2601,-0.639559E-01
4.88342,24.2631,-0.735334E-01
4.88403,24.2662,0.110836
4.88464,24.2692,-0.125438
4.88525,24.2722,0.207327
4.88586,24.2753,0.260975E-01
4.88647,24.2783,0.795441E-02
4.88708,24.2813,0.103469
4.88770,24.2844,0.144316
4.88831,24.2874,0.291461
4.88892,24.2904,0.104114
4.88953,24.2935,0.113248
4.89014,24.2965,0.102331
4.89075,24.2995,-0.830734E-01
4.89136,24.3026,-0.559906
4.89197,24.3056,-0.209299
4.89258,24.3086,0.141421
4.89319,24.3117,-0.421153E-01
4.89380,24.3147,0.331788E-01
4.89441,24.3177,-0.607609E-01
4.89502,24.3208,0.879525E-01
4.89563,24.3238,0.765001E-01
4.89624,24.3268,0.224933E-01
4.89685,24.3299,0.664116E-01
4.89746,24.3329,0.653546E-02
4.89807,24.3359,-0.284801
4.89868,24.3390,0.412052E-01
4.89929,24.3420,-0.376979E-01
4.89990,24.3450,-0.353639E-01
4.90051,24.3481,0.140620
4.90112,24.3511,0.432719E-01
4.90173,24.3541,0.570354E-01
4.90234,24.3572,0.367764E-01
4.90295,24.3602,0.409205E-01
4.90356,24.3632,-0.277062
4.90417,24.3663,0.337907
4.90479,24.3693,-0.719705E-01
4.90540,24.3723,0.485417E-01
4.90601,24.3753,0.100466
4.90662,24.3784,0.140453
4.90723,24.3814,0.437771E-02
4.90784,24.3844,0.754205E-01
4.90845,24.3875,0.458831
4.90906,24.3905,0.887040E-01
4.90967,24.3935,0.533807E-01
4.91028,24.3966,-0.671360E-01
4.91089,24.3996,-0.237166E-01
4.91150,24.4026,-0.328234E-01
4.91211,24.4057,0.221530
4.91272,24.4087,-0.491845E-01
4.91333,24.4117,-0.336010E-01
4.91394,24.4148,-0.996699E-01
4.91455,24.4178,0.148134
4.91516,24.4208,-0.532445E-01
4.91577,24.4239,-0.951730E-01
4.91638,24.4269,0.758910E-01
4.91699,24.4299,-0.190307E-01
4.91760,24.4330,-0.151042
4.91821,24.4360,0.117375E-01
4.91882,24.4390,0.825687E-01
4.91943,24.4421,-0.141775
4.92004,24.4451,-0.155256
4.92065,24.4481,0.103454
4.92126,24.4512,0.902789E-02
4.92188,24.4542,0.230960
4.92249,24.4572,-0.593636E-02
4.92310,24.4603,-0.150828E-01
4.92371,24.4633,-0.177514E-02
4.92432,24.4663,0.142825E-01
4.92493,24.4694,0.300234E-01
4.92554,24.4724,0.217166E-01
4.92615,24.4754,-0.131612
4.92676,24.4785,-0.570285E-01
4.92737,24.4815,0.301185
4.92798,24.4845,0.489258E-01
4.92859,24.4876,0.152799E-01
4.92920,24.4906,-0.266893
4.92981,24.4936,-0.480106E-02
4.93042,24.4966,0.693500E-01
4.93103,24.4997,0.117020
4.93164,24.5027,0.528641
4.93225,24.5057,-0.141371
4.93286,24.5088,-0.143617
4.93347,24.5118,-0.362553E-01
4.93408,24.5148,-0.381604E-01
4.93469,24.5179,-0.637285E-02
4.93530,24.5209,0.141552
4.93591,24.5239,-0.176993
4.93652,24.5270,-0.792621E-01
4.93713,24.5300,-0.185667
4.93774,24.5330,-0.771891E-01
4.93835,24.5361,-0.322002E-01
4.93896,24.5391,-0.258536
4.93958,24.5421,0.481576E-01
4.94019,24.5452,-0.142755
4.94080,24.5482,0.193581
4.94141,24.5512,0.151991E-01
4.94202,24.5543,0.676026E-01
4.94263,24.5573,-0.222823E-02
4.94324,24.5603,0.523762E-01
4.94385,24.5634,-0.177805
4.94446,24.5664,0.162784E-01
4.94507,24.5694,-0.254584
4.94568,24.5725,0.194246
4.94629,24.5755,0.258131
4.94690,24.5785,-0.522724E-02
4.94751,24.5816,0.132777
4.94812,24.5846,0.327194
4.94873,24.5876,-0.297293E-01
4.94934,24.5907,-0.598897
4.94995,24.5937,-0.200089E-01
4.95056,24.5967,-0.946246E-01
4.95117,24.5998,0.327306E-02
4.95178,24.6028,0.740467E-02
4.95239,24.6058,0.125735E-01
4.95300,24.6089,0.159044
4.95361,24.6119,-0.134734E-02
4.95422,24.6149,0.405580
4.95483,24.6179,-0.566009E-01
4.95544,24.6210,1.02161
4.95605,24.6240,0.271674E-01
4.95667,24.6270,-0.384517E-01
4.95728,24.6301,0.348864E-01
4.95789,24.6331,0.260424E-01
4.95850,24.6361,0.104947
4.95911,24.6392,-0.409171E-01
4.95972,24.6422,0.993488E-01
4.96033,24.6452,-0.148073
4.96094,24.6483,-0.534280E-01
4.96155,24.6513,-0.690697E-02
4.96216,24.6543,-0.384729
4.96277,24.6574,0.805217
4.96338,24.6604,0.280870
4.96399,24.6634,0.107467
4.96460,24.6665,0.216636
4.96521,24.6695,0.983362E-01
4.96582,24.6725,0.823332E-02
4.96643,24.6756,-0.169268
4.96704,24.6786,-0.168605
4.96765,24.6816,0.297514
4.96826,24.6847,0.290654E-01
4.96887,24.6877,0.407920E-01
4.96948,24.6907,0.110559E-01
4.97009,24.6938,-0.104756E-01
4.97070,24.6968,-0.112995E-01
4.97131,24.6998,-0.373259
4.97192,24.7029,0.309017E-01
4.97253,24.7059,-0.471128E-02
4.97314,24.7089,-0.189737
4.97375,24.7120,-0.281978
4.97437,24.7150,-0.362433E-01
4.97498,24.7180,-0.213167E-01
4.97559,24.7211,0.234531
4.97620,24.7241,0.126055
4.97681,24.7271,-0.114618
4.97742,24.7302,0.563886E-01
4.97803,24.7332,-0.161287
4.97864,24.7362,0.120595
4.97925,24.7393,-0.548974E-01
4.97986,24.7423,-0.153391
4.98047,24.7453,0.933764E-01
4.98108,24.7483,0.342217
4.98169,24.7514,0.513330E-01
4.98230,24.7544,-0.502521E-01
4.98291,24.7574,-0.350286
4.98352,24.7605,0.262040E-01
4.98413,24.7635,-0.851507E-01
4.98474,24.7665,-0.670046E-01
4.98535,24.7696,0.648251
4.98596,24.7726,0.128429
4.98657,24.7756,0.188487E-01
4.98718,24.7787,0.291998E-01
4.98779,24.7817,0.175883
4.98840,24.7847,-0.129048E-01
4.98901,24.7878,-0.165440
4.98962,24.7908,0.120628
4.99023,24.7938,0.207777
4.99084,24.7969,-0.125973E-01
4.99146,24.7999,-0.450854E-01
4.99207,24.8029,-0.906541E-02
4.99268,24.8060,-0.118790
4.99329,24.8090,0.916035E-01
4.99390,24.8120,-0.106859
4.99451,24.8151,0.236007E-02
4.99512,24.8181,0.117911
4.99573,24.8211,0.190720
4.99634,24.8242,0.184503
4.99695,24.8272,0.334618E-01
4.99756,24.8302,0.415769E-01
4.99817,24.8333,-0.253352
4.99878,24.8363,0.220608
4.99939,24.8393,0.159620
5.00000,24.8424,-0.148861
