Full_(co)spectra
----------------
natural_frequency_[Hz]_->_from_[1/_averaging_interval]_to_[acquisition_frequency_/_2]
normalized_frequency_[#]->_natural_frequency_*_measuring_height_/_wind_speed
y-axis_->_natural_frequency_*_(co)spectrum_/_(co)variance
acquisition_frequency_[Hz]_=_ 10.000
measuring_height_(z-d)_[m]_=_  9.560
wind_speed_[m+1s-1]_=_  2.186
averaging_interval_[min]_=_     30
tapering_window_=_SQUARED_(no_tapering_forced_by_EddyPro._Tapering_is_only_applied_for_binned_(co)spectra)
,,cov(w_ts)
,,0.10727636201236314
natural_frequency,normalized_frequency,f_nat*cospec(w_ts)
0.610352E-03,0.266942E-02,0.599178E-01
0.122070E-02,0.533885E-02,0.203706E-02
0.183105E-02,0.800827E-02,0.495271E-02
0.244141E-02,0.106777E-01,0.315272
0.305176E-02,0.133471E-01,0.593975
0.366211E-02,0.160165E-01,-0.260943E-02
0.427246E-02,0.186860E-01,0.286100E-01
0.488281E-02,0.213554E-01,0.732726E-01
0.549316E-02,0.240248E-01,0.346026
0.610352E-02,0.266942E-01,0.170652
0.671387E-02,0.293637E-01,0.245406
0.732422E-02,0.320331E-01,0.141506
0.793457E-02,0.347025E-01,0.521497E-01
0.854492E-02,0.373719E-01,0.139794
0.915527E-02,0.400414E-01,0.785008
0.976562E-02,0.427108E-01,0.143579E-01
0.103760E-01,0.453802E-01,0.360822
0.109863E-01,0.480496E-01,0.104740E-02
0.115967E-01,0.507191E-01,0.120246
0.122070E-01,0.533885E-01,-0.137997E-01
0.128174E-01,0.560579E-01,0.814805E-01
0.134277E-01,0.587273E-01,-0.975026E-01
0.140381E-01,0.613968E-01,0.424454
0.146484E-01,0.640662E-01,0.232386
0.152588E-01,0.667356E-01,0.646372E-01
0.158691E-01,0.694050E-01,0.727806E-01
0.164795E-01,0.720745E-01,0.961461E-01
0.170898E-01,0.747439E-01,0.922045E-01
0.177002E-01,0.774133E-01,0.777635
0.183105E-01,0.800827E-01,0.463093
0.189209E-01,0.827522E-01,-0.230799
0.195312E-01,0.854216E-01,0.916850E-01
0.201416E-01,0.880910E-01,0.153239
0.207520E-01,0.907604E-01,0.110994
0.213623E-01,0.934299E-01,0.388035
0.219727E-01,0.960993E-01,0.344014
0.225830E-01,0.987687E-01,0.115512
0.231934E-01,0.101438,-0.181805E-01
0.238037E-01,0.104108,0.113631
0.244141E-01,0.106777,0.172045
0.250244E-01,0.109446,0.312527
0.256348E-01,0.112116,-0.197818E-02
0.262451E-01,0.114785,0.726628
0.268555E-01,0.117455,0.342346E-01
0.274658E-01,0.120124,1.11032
0.280762E-01,0.122794,-0.174113
0.286865E-01,0.125463,0.151894
0.292969E-01,0.128132,0.193249
0.299072E-01,0.130802,-0.487957
0.305176E-01,0.133471,-0.848420E-01
0.311279E-01,0.136141,0.324507
0.317383E-01,0.138810,-0.645403E-01
0.323486E-01,0.141480,0.326911E-01
0.329590E-01,0.144149,0.707162
0.335693E-01,0.146818,0.315045
0.341797E-01,0.149488,-0.432850E-01
0.347900E-01,0.152157,0.208884
0.354004E-01,0.154827,0.197928
0.360107E-01,0.157496,0.188749
0.366211E-01,0.160165,0.152572E-01
0.372314E-01,0.162835,0.114295
0.378418E-01,0.165504,0.132162
0.384521E-01,0.168174,-0.221556
0.390625E-01,0.170843,0.831572E-01
0.396729E-01,0.173513,-0.793629E-01
0.402832E-01,0.176182,0.165204
0.408936E-01,0.178851,-0.145801
0.415039E-01,0.181521,0.569521
0.421143E-01,0.184190,0.255460
0.427246E-01,0.186860,0.133631
0.433350E-01,0.189529,0.225089
0.439453E-01,0.192199,0.899800E-01
0.445557E-01,0.194868,0.186334
0.451660E-01,0.197537,-0.614808E-01
0.457764E-01,0.200207,0.217955E-01
0.463867E-01,0.202876,0.294964
0.469971E-01,0.205546,-0.718361E-02
0.476074E-01,0.208215,0.756399E-01
0.482178E-01,0.210885,0.301733
0.488281E-01,0.213554,0.401195
0.494385E-01,0.216223,1.26315
0.500488E-01,0.218893,0.845909
0.506592E-01,0.221562,0.137705
0.512695E-01,0.224232,-0.230640E-01
0.518799E-01,0.226901,0.101141
0.524902E-01,0.229571,0.421635E-01
0.531006E-01,0.232240,0.804049E-01
0.537109E-01,0.234909,0.276230
0.543213E-01,0.237579,0.638200
0.549316E-01,0.240248,0.404933
0.555420E-01,0.242918,0.154659
0.561523E-01,0.245587,0.167933
0.567627E-01,0.248257,0.424209
0.573730E-01,0.250926,0.367021
0.579834E-01,0.253595,0.247650
0.585938E-01,0.256265,0.179651E-01
0.592041E-01,0.258934,-0.112940
0.598145E-01,0.261604,0.449845
0.604248E-01,0.264273,0.308436
0.610352E-01,0.266942,0.281860
0.616455E-01,0.269612,0.381829
0.622559E-01,0.272281,0.101498
0.628662E-01,0.274951,0.504636
0.634766E-01,0.277620,0.143233
0.640869E-01,0.280290,-0.899118E-01
0.646973E-01,0.282959,0.134432
0.653076E-01,0.285628,0.402843
0.659180E-01,0.288298,-0.714581E-02
0.665283E-01,0.290967,0.409761
0.671387E-01,0.293637,0.840296E-01
0.677490E-01,0.296306,-0.109102E-01
0.683594E-01,0.298976,-0.124528E-01
0.689697E-01,0.301645,-0.108414
0.695801E-01,0.304314,0.737397
0.701904E-01,0.306984,0.453549
0.708008E-01,0.309653,1.19701
0.714111E-01,0.312323,0.108377E-01
0.720215E-01,0.314992,0.175787
0.726318E-01,0.317662,0.760843E-01
0.732422E-01,0.320331,0.343963E-01
0.738525E-01,0.323000,0.224849
0.744629E-01,0.325670,-0.189046E-01
0.750732E-01,0.328339,0.417935
0.756836E-01,0.331009,0.252803
0.762939E-01,0.333678,0.167851E-01
0.769043E-01,0.336348,-0.486289E-01
0.775146E-01,0.339017,0.991050E-01
0.781250E-01,0.341686,0.523191E-01
0.787354E-01,0.344356,-0.862340E-01
0.793457E-01,0.347025,0.226140
0.799561E-01,0.349695,0.161882
0.805664E-01,0.352364,0.220957E-01
0.811768E-01,0.355034,0.136945
0.817871E-01,0.357703,0.588305
0.823975E-01,0.360372,-0.120818E-01
0.830078E-01,0.363042,0.924968E-01
0.836182E-01,0.365711,0.433516
0.842285E-01,0.368381,-0.236551E-01
0.848389E-01,0.371050,0.254756
0.854492E-01,0.373719,0.276247
0.860596E-01,0.376389,0.150405
0.866699E-01,0.379058,-0.327056E-01
0.872803E-01,0.381728,0.121405
0.878906E-01,0.384397,0.181205
0.885010E-01,0.387067,0.818413E-01
0.891113E-01,0.389736,-0.679439E-01
0.897217E-01,0.392405,-0.182820
0.903320E-01,0.395075,0.478711E-01
0.909424E-01,0.397744,0.127041
0.915527E-01,0.400414,0.438878E-02
0.921631E-01,0.403083,-0.260905E-01
0.927734E-01,0.405753,0.106734
0.933838E-01,0.408422,0.229055
0.939941E-01,0.411091,0.399680E-01
0.946045E-01,0.413761,0.124970
0.952148E-01,0.416430,0.274917
0.958252E-01,0.419100,0.343596
0.964355E-01,0.421769,0.164474
0.970459E-01,0.424439,0.270255
0.976562E-01,0.427108,0.239829
0.982666E-01,0.429777,-0.117035
0.988770E-01,0.432447,0.296617
0.994873E-01,0.435116,0.936066E-01
0.100098,0.437786,0.255962
0.100708,0.440455,0.612200E-01
0.101318,0.443125,0.471143E-01
0.101929,0.445794,-0.246120E-01
0.102539,0.448463,-0.380306E-01
0.103149,0.451133,-0.211575E-01
0.103760,0.453802,-0.310632E-01
0.104370,0.456472,0.130497
0.104980,0.459141,0.457909
0.105591,0.461810,0.229443
0.106201,0.464480,0.489504E-01
0.106812,0.467149,0.899457
0.107422,0.469819,0.271889E-01
0.108032,0.472488,0.457296
0.108643,0.475158,-0.305031E-02
0.109253,0.477827,0.201695
0.109863,0.480496,0.253972
0.110474,0.483166,0.523217
0.111084,0.485835,-0.102980
0.111694,0.488505,0.503386E-01
0.112305,0.491174,0.212945
0.112915,0.493844,0.385243E-01
0.113525,0.496513,-0.387560
0.114136,0.499182,0.230187
0.114746,0.501852,-0.904755E-01
0.115356,0.504521,0.431236E-01
0.115967,0.507191,0.194238E-01
0.116577,0.509860,-0.140868
0.117188,0.512530,0.767648E-01
0.117798,0.515199,0.566734E-01
0.118408,0.517868,-0.352283E-01
0.119019,0.520538,0.251041
0.119629,0.523207,-0.174502E-01
0.120239,0.525877,-0.133413
0.120850,0.528546,0.452337
0.121460,0.531216,0.542458E-01
0.122070,0.533885,0.326020
0.122681,0.536554,0.168101
0.123291,0.539224,0.280379E-01
0.123901,0.541893,0.118100E-01
0.124512,0.544563,0.408143E-01
0.125122,0.547232,-0.200774E-01
0.125732,0.549902,0.646881E-01
0.126343,0.552571,0.361458
0.126953,0.555240,-0.436249E-01
0.127563,0.557910,0.478236E-01
0.128174,0.560579,0.445287E-01
0.128784,0.563249,-0.156178
0.129395,0.565918,0.548150
0.130005,0.568587,-0.579266E-01
0.130615,0.571257,0.305855
0.131226,0.573926,-0.116003
0.131836,0.576596,0.826529E-01
0.132446,0.579265,0.455784
0.133057,0.581935,0.443923
0.133667,0.584604,0.112831
0.134277,0.587273,0.577258E-01
0.134888,0.589943,-0.399368E-03
0.135498,0.592612,0.710568E-01
0.136108,0.595282,0.276123E-01
0.136719,0.597951,0.120204
0.137329,0.600621,0.239415
0.137939,0.603290,0.772324
0.138550,0.605959,-0.180643
0.139160,0.608629,-0.153360E-01
0.139771,0.611298,0.394180
0.140381,0.613968,0.384963E-01
0.140991,0.616637,0.110041
0.141602,0.619307,0.295375E-01
0.142212,0.621976,0.706383E-01
0.142822,0.624645,0.387468E-02
0.143433,0.627315,0.407124
0.144043,0.629984,-0.106324
0.144653,0.632654,-0.107862
0.145264,0.635323,-0.890421E-01
0.145874,0.637993,0.226155
0.146484,0.640662,-0.552131E-01
0.147095,0.643331,-0.127594E-01
0.147705,0.646001,0.763261E-01
0.148315,0.648670,0.165987E-01
0.148926,0.651340,0.515205
0.149536,0.654009,-0.749663E-01
0.150146,0.656679,0.426534E-01
0.150757,0.659348,-0.383709E-01
0.151367,0.662017,-0.539389E-01
0.151978,0.664687,0.242976E-01
0.152588,0.667356,-0.689296E-01
0.153198,0.670026,0.142466
0.153809,0.672695,-0.126840
0.154419,0.675364,0.179251
0.155029,0.678034,-0.893277E-01
0.155640,0.680703,-0.601709E-01
0.156250,0.683373,0.660324
0.156860,0.686042,0.199132E-02
0.157471,0.688712,0.483751E-01
0.158081,0.691381,-0.218244E-01
0.158691,0.694050,-0.231240E-02
0.159302,0.696720,0.387678
0.159912,0.699389,-0.251217E-01
0.160522,0.702059,0.186375E-01
0.161133,0.704728,0.150245
0.161743,0.707398,-0.701250E-01
0.162354,0.710067,0.110724
0.162964,0.712736,0.505197E-01
0.163574,0.715406,-0.440166E-01
0.164185,0.718075,0.397254
0.164795,0.720745,0.900493E-01
0.165405,0.723414,-0.115804
0.166016,0.726084,0.256137
0.166626,0.728753,-0.532321E-01
0.167236,0.731422,0.338660
0.167847,0.734092,-0.343103E-01
0.168457,0.736761,0.630686E-01
0.169067,0.739431,-0.329577E-01
0.169678,0.742100,-0.584149E-01
0.170288,0.744770,-0.999550E-01
0.170898,0.747439,-0.257233E-02
0.171509,0.750108,0.551335E-01
0.172119,0.752778,0.163049
0.172729,0.755447,0.375851
0.173340,0.758117,0.492140E-01
0.173950,0.760786,-0.248146E-01
0.174561,0.763455,0.190838
0.175171,0.766125,0.312600E-01
0.175781,0.768794,0.179091
0.176392,0.771464,0.122450
0.177002,0.774133,0.565249E-02
0.177612,0.776803,0.136932
0.178223,0.779472,0.980263E-02
0.178833,0.782141,0.223367E-02
0.179443,0.784811,0.510646E-02
0.180054,0.787480,0.628859E-01
0.180664,0.790150,0.735081E-01
0.181274,0.792819,-0.210560E-01
0.181885,0.795489,0.978038E-01
0.182495,0.798158,0.824305E-01
0.183105,0.800827,0.179608
0.183716,0.803497,-0.278583E-01
0.184326,0.806166,0.209093E-01
0.184937,0.808836,-0.173888
0.185547,0.811505,0.378828E-01
0.186157,0.814175,0.928989E-01
0.186768,0.816844,0.838309E-01
0.187378,0.819513,-0.802131E-01
0.187988,0.822183,0.198134
0.188599,0.824852,0.133375E-01
0.189209,0.827522,-0.141069
0.189819,0.830191,-0.167918
0.190430,0.832861,-0.717921E-01
0.191040,0.835530,-0.574404E-02
0.191650,0.838199,0.910746E-01
0.192261,0.840869,-0.568567E-01
0.192871,0.843538,0.194027
0.193481,0.846208,-0.102258
0.194092,0.848877,-0.146342E-01
0.194702,0.851547,0.287705E-01
0.195312,0.854216,0.111823E-01
0.195923,0.856885,0.787237E-01
0.196533,0.859555,-0.360537E-02
0.197144,0.862224,0.177044
0.197754,0.864894,0.101046
0.198364,0.867563,-0.224620E-01
0.198975,0.870232,-0.735881E-01
0.199585,0.872902,0.232971
0.200195,0.875571,0.238033
0.200806,0.878241,-0.147491
0.201416,0.880910,0.981312E-01
0.202026,0.883580,0.707733E-01
0.202637,0.886249,0.408539E-02
0.203247,0.888918,0.242902
0.203857,0.891588,0.765232E-01
0.204468,0.894257,0.135865
0.205078,0.896927,-0.485203E-01
0.205688,0.899596,0.315042
0.206299,0.902266,0.487477E-01
0.206909,0.904935,0.110980
0.207520,0.907604,0.311386
0.208130,0.910274,0.280926
0.208740,0.912943,0.205828
0.209351,0.915613,-0.430738E-01
0.209961,0.918282,0.177218
0.210571,0.920952,0.320812E-01
0.211182,0.923621,-0.842261E-02
0.211792,0.926290,0.365271
0.212402,0.928960,-0.394828E-01
0.213013,0.931629,0.151959E-01
0.213623,0.934299,0.559800E-01
0.214233,0.936968,0.176942E-02
0.214844,0.939638,-0.305128
0.215454,0.942307,-0.837326E-01
0.216064,0.944976,0.247780E-01
0.216675,0.947646,0.279596E-01
0.217285,0.950315,0.101742
0.217896,0.952985,-0.103984
0.218506,0.955654,0.261616
0.219116,0.958324,-0.376375E-01
0.219727,0.960993,0.240044
0.220337,0.963662,0.268408
0.220947,0.966332,0.433487
0.221558,0.969001,0.104946E-01
0.222168,0.971671,-0.130787E-01
0.222778,0.974340,0.149680
0.223389,0.977009,0.229404
0.223999,0.979679,0.130907E-01
0.224609,0.982348,0.979180E-01
0.225220,0.985018,0.294518E-01
0.225830,0.987687,0.227449E-01
0.226440,0.990357,0.227631
0.227051,0.993026,0.950035E-01
0.227661,0.995695,0.461023E-02
0.228271,0.998365,0.435827E-02
0.228882,1.00103,0.141673E-01
0.229492,1.00370,0.565798E-01
0.230103,1.00637,0.618508
0.230713,1.00904,-0.165962
0.231323,1.01171,0.738746E-01
0.231934,1.01438,0.566761E-01
0.232544,1.01705,0.179551E-01
0.233154,1.01972,-0.397978E-01
0.233765,1.02239,-0.406551E-01
0.234375,1.02506,-0.469756E-01
0.234985,1.02773,0.427141E-01
0.235596,1.03040,0.968347E-01
0.236206,1.03307,0.565586E-01
0.236816,1.03574,0.740223E-01
0.237427,1.03841,0.136842
0.238037,1.04108,0.231582
0.238647,1.04375,0.681421
0.239258,1.04641,-0.348046E-01
0.239868,1.04908,0.314466
0.240479,1.05175,0.119232E-01
0.241089,1.05442,0.857211E-01
0.241699,1.05709,0.299254
0.242310,1.05976,0.262408
0.242920,1.06243,0.698294E-01
0.243530,1.06510,-0.129496E-01
0.244141,1.06777,0.344441E-01
0.244751,1.07044,0.696286E-01
0.245361,1.07311,0.942975E-01
0.245972,1.07578,0.924621E-01
0.246582,1.07845,-0.990220E-01
0.247192,1.08112,-0.188824E-01
0.247803,1.08379,0.241441E-01
0.248413,1.08646,0.687903E-01
0.249023,1.08913,0.573590E-01
0.249634,1.09179,-0.186510E-01
0.250244,1.09446,-0.109035
0.250854,1.09713,0.313092E-01
0.251465,1.09980,-0.311930E-01
0.252075,1.10247,-0.861655E-01
0.252686,1.10514,-0.106831
0.253296,1.10781,0.702070E-02
0.253906,1.11048,0.431655
0.254517,1.11315,0.489874E-01
0.255127,1.11582,0.108051
0.255737,1.11849,0.243041
0.256348,1.12116,0.462058E-01
0.256958,1.12383,0.253562E-01
0.257568,1.12650,0.149489E-01
0.258179,1.12917,-0.327723E-01
0.258789,1.13184,-0.179298E-01
0.259399,1.13451,-0.314736E-01
0.260010,1.13717,0.831044E-01
0.260620,1.13984,0.684760E-01
0.261230,1.14251,-0.139486E-01
0.261841,1.14518,0.282131
0.262451,1.14785,-0.122509
0.263062,1.15052,0.522596
0.263672,1.15319,0.311184E-01
0.264282,1.15586,-0.221209E-01
0.264893,1.15853,-0.990742E-01
0.265503,1.16120,-0.734428E-01
0.266113,1.16387,-0.562208E-01
0.266724,1.16654,0.195685
0.267334,1.16921,0.155360E-01
0.267944,1.17188,0.251610
0.268555,1.17455,-0.696211E-01
0.269165,1.17722,-0.184462
0.269775,1.17989,0.324524
0.270386,1.18256,-0.262153E-01
0.270996,1.18522,0.170521
0.271606,1.18789,-0.488457E-01
0.272217,1.19056,0.375546
0.272827,1.19323,-0.676588E-01
0.273438,1.19590,0.515232E-01
0.274048,1.19857,0.989645E-01
0.274658,1.20124,0.351675
0.275269,1.20391,-0.287457
0.275879,1.20658,0.681155E-02
0.276489,1.20925,0.346622
0.277100,1.21192,0.187119E-01
0.277710,1.21459,0.512997
0.278320,1.21726,0.146809
0.278931,1.21993,0.232969E-01
0.279541,1.22260,0.212682
0.280151,1.22527,-0.447179E-01
0.280762,1.22794,0.982389E-01
0.281372,1.23060,-0.111660
0.281982,1.23327,0.698704
0.282593,1.23594,0.979045E-01
0.283203,1.23861,-0.228711E-01
0.283813,1.24128,0.177415E-01
0.284424,1.24395,0.198419E-01
0.285034,1.24662,0.162091
0.285645,1.24929,0.717048E-01
0.286255,1.25196,-0.469810E-01
0.286865,1.25463,0.999516E-01
0.287476,1.25730,0.508365
0.288086,1.25997,0.266746E-01
0.288696,1.26264,0.180191
0.289307,1.26531,0.209438
0.289917,1.26798,0.237674
0.290527,1.27065,0.752860E-02
0.291138,1.27332,0.997754E-01
0.291748,1.27599,-0.136758
0.292358,1.27865,0.490120E-01
0.292969,1.28132,0.277755E-01
0.293579,1.28399,-0.837944E-01
0.294189,1.28666,-0.193114E-02
0.294800,1.28933,0.182881E-02
0.295410,1.29200,0.440053
0.296021,1.29467,-0.650501E-02
0.296631,1.29734,0.198880
0.297241,1.30001,0.713558E-02
0.297852,1.30268,-0.444099E-01
0.298462,1.30535,0.901354E-01
0.299072,1.30802,0.254391E-01
0.299683,1.31069,-0.417812E-02
0.300293,1.31336,0.216298
0.300903,1.31603,0.731845E-01
0.301514,1.31870,0.275210
0.302124,1.32137,0.596161E-01
0.302734,1.32403,-0.816188E-02
0.303345,1.32670,0.895937E-02
0.303955,1.32937,0.219391
0.304565,1.33204,0.405507E-01
0.305176,1.33471,-0.130404E-01
0.305786,1.33738,-0.372865E-01
0.306396,1.34005,0.495797E-01
0.307007,1.34272,-0.227200E-01
0.307617,1.34539,0.128250E-01
0.308228,1.34806,0.246033
0.308838,1.35073,-0.173204E-01
0.309448,1.35340,0.136766
0.310059,1.35607,0.579490E-01
0.310669,1.35874,-0.344636E-01
0.311279,1.36141,-0.919983E-01
0.311890,1.36408,0.314347
0.312500,1.36675,0.161973
0.313110,1.36941,0.569836E-01
0.313721,1.37208,-0.142451
0.314331,1.37475,-0.783681E-01
0.314941,1.37742,0.125056E-01
0.315552,1.38009,-0.131706
0.316162,1.38276,0.190569
0.316772,1.38543,0.178381E-01
0.317383,1.38810,0.160511
0.317993,1.39077,-0.121370
0.318604,1.39344,-0.279969E-01
0.319214,1.39611,0.251851
0.319824,1.39878,-0.580203E-01
0.320435,1.40145,0.164330
0.321045,1.40412,0.109243
0.321655,1.40679,0.934389E-01
0.322266,1.40946,-0.566985E-01
0.322876,1.41213,0.257866
0.323486,1.41480,0.191481
0.324097,1.41746,0.224667E-01
0.324707,1.42013,0.323815
0.325317,1.42280,0.203319
0.325928,1.42547,0.683297E-01
0.326538,1.42814,0.541665
0.327148,1.43081,0.308942
0.327759,1.43348,0.500483
0.328369,1.43615,-0.325372E-01
0.328979,1.43882,0.720440E-01
0.329590,1.44149,0.916658E-01
0.330200,1.44416,-0.107987
0.330811,1.44683,-0.231883E-01
0.331421,1.44950,0.203034
0.332031,1.45217,-0.648185E-02
0.332642,1.45484,0.113604
0.333252,1.45751,-0.662720E-01
0.333862,1.46018,-0.415063E-01
0.334473,1.46284,-0.443254E-01
0.335083,1.46551,0.105211
0.335693,1.46818,0.470437E-01
0.336304,1.47085,-0.511726E-01
0.336914,1.47352,-0.220929E-01
0.337524,1.47619,-0.259712
0.338135,1.47886,0.472517
0.338745,1.48153,0.457068E-01
0.339355,1.48420,0.241571
0.339966,1.48687,-0.236218
0.340576,1.48954,-0.756604E-01
0.341187,1.49221,0.184088
0.341797,1.49488,0.625415E-02
0.342407,1.49755,-0.191460
0.343018,1.50022,-0.385567E-01
0.343628,1.50289,0.122577E-01
0.344238,1.50556,0.248312
0.344849,1.50823,0.297953
0.345459,1.51089,0.516440E-01
0.346069,1.51356,0.100016E-02
0.346680,1.51623,0.256485E-02
0.347290,1.51890,-0.925351E-01
0.347900,1.52157,-0.138275
0.348511,1.52424,0.235186
0.349121,1.52691,-0.556927E-01
0.349731,1.52958,-0.833422E-02
0.350342,1.53225,0.591401E-01
0.350952,1.53492,0.201019E-03
0.351562,1.53759,0.482761E-02
0.352173,1.54026,0.161785
0.352783,1.54293,0.732698E-01
0.353394,1.54560,0.179444
0.354004,1.54827,-0.248542
0.354614,1.55094,-0.888719E-02
0.355225,1.55361,-0.262447E-01
0.355835,1.55627,0.154093E-01
0.356445,1.55894,0.802930E-01
0.357056,1.56161,-0.407348E-01
0.357666,1.56428,0.244770E-02
0.358276,1.56695,-0.100426
0.358887,1.56962,0.780564E-01
0.359497,1.57229,0.576464
0.360107,1.57496,0.476829E-01
0.360718,1.57763,0.762157E-02
0.361328,1.58030,-0.859049E-01
0.361938,1.58297,0.321255E-01
0.362549,1.58564,0.853662E-01
0.363159,1.58831,0.724528E-02
0.363770,1.59098,-0.722636E-01
0.364380,1.59365,0.842111E-02
0.364990,1.59632,-0.219264E-01
0.365601,1.59899,-0.181905E-01
0.366211,1.60165,0.115899
0.366821,1.60432,0.803724E-01
0.367432,1.60699,-0.418804E-02
0.368042,1.60966,0.805880E-01
0.368652,1.61233,0.147445
0.369263,1.61500,0.228279E-01
0.369873,1.61767,-0.154724E-01
0.370483,1.62034,0.329547E-01
0.371094,1.62301,0.221511
0.371704,1.62568,0.485746E-01
0.372314,1.62835,0.192354
0.372925,1.63102,0.912647E-01
0.373535,1.63369,0.730825E-01
0.374146,1.63636,0.102816E-01
0.374756,1.63903,0.532827E-01
0.375366,1.64170,0.206321E-01
0.375977,1.64437,-0.533431E-01
0.376587,1.64704,0.760718E-01
0.377197,1.64970,-0.110536
0.377808,1.65237,0.639615E-02
0.378418,1.65504,-0.348622E-01
0.379028,1.65771,0.232859
0.379639,1.66038,0.254078
0.380249,1.66305,0.244346
0.380859,1.66572,-0.580028E-02
0.381470,1.66839,0.489034E-01
0.382080,1.67106,0.912009E-01
0.382690,1.67373,0.193356E-01
0.383301,1.67640,0.319927E-01
0.383911,1.67907,-0.346733E-01
0.384521,1.68174,-0.581495E-02
0.385132,1.68441,-0.674905E-01
0.385742,1.68708,0.399220E-01
0.386353,1.68975,0.125261
0.386963,1.69242,0.351358E-02
0.387573,1.69508,-0.626575E-03
0.388184,1.69775,0.334087E-01
0.388794,1.70042,0.634224E-01
0.389404,1.70309,0.105631
0.390015,1.70576,0.202304
0.390625,1.70843,0.191362E-01
0.391235,1.71110,0.113857E-01
0.391846,1.71377,-0.844603E-01
0.392456,1.71644,-0.204927E-02
0.393066,1.71911,0.138093E-01
0.393677,1.72178,0.240992
0.394287,1.72445,-0.492461E-01
0.394897,1.72712,0.472396E-01
0.395508,1.72979,0.171186E-01
0.396118,1.73246,-0.158991E-01
0.396729,1.73513,-0.685084E-02
0.397339,1.73780,0.309716E-01
0.397949,1.74046,0.197604E-01
0.398560,1.74313,0.244709
0.399170,1.74580,0.546255E-01
0.399780,1.74847,0.827680E-01
0.400391,1.75114,0.140380E-01
0.401001,1.75381,-0.342520E-02
0.401611,1.75648,-0.283337E-01
0.402222,1.75915,0.145793E-01
0.402832,1.76182,0.224822
0.403442,1.76449,0.907007E-01
0.404053,1.76716,0.278800E-01
0.404663,1.76983,-0.392179E-01
0.405273,1.77250,-0.704917E-02
0.405884,1.77517,-0.130413E-01
0.406494,1.77784,0.254157
0.407104,1.78051,0.582349E-01
0.407715,1.78318,0.196859
0.408325,1.78585,-0.258878E-01
0.408936,1.78851,0.131684E-01
0.409546,1.79118,0.389891E-01
0.410156,1.79385,0.681755E-01
0.410767,1.79652,0.843029E-02
0.411377,1.79919,0.115155
0.411987,1.80186,0.744833E-01
0.412598,1.80453,-0.126869
0.413208,1.80720,0.816018E-02
0.413818,1.80987,-0.727371E-01
0.414429,1.81254,-0.179554E-01
0.415039,1.81521,0.237120E-01
0.415649,1.81788,0.459785E-01
0.416260,1.82055,0.106129E-01
0.416870,1.82322,0.418667E-01
0.417480,1.82589,0.414847E-01
0.418091,1.82856,-0.483781E-01
0.418701,1.83123,0.480376E-01
0.419312,1.83389,0.679679E-01
0.419922,1.83656,-0.494194E-02
0.420532,1.83923,0.712132E-01
0.421143,1.84190,-0.112885E-01
0.421753,1.84457,-0.825367E-02
0.422363,1.84724,0.386997
0.422974,1.84991,-0.275042E-01
0.423584,1.85258,0.213237E-01
0.424194,1.85525,0.712744E-01
0.424805,1.85792,0.483455E-02
0.425415,1.86059,0.699889E-01
0.426025,1.86326,0.369163
0.426636,1.86593,-0.107361E-01
0.427246,1.86860,0.192310E-01
0.427856,1.87127,0.550386E-01
0.428467,1.87394,-0.529211E-01
0.429077,1.87661,0.168230
0.429688,1.87928,-0.307632E-01
0.430298,1.88194,0.154491
0.430908,1.88461,0.124640
0.431519,1.88728,0.705504E-01
0.432129,1.88995,0.552441E-01
0.432739,1.89262,0.630446E-01
0.433350,1.89529,-0.178282E-01
0.433960,1.89796,0.149319
0.434570,1.90063,0.155236
0.435181,1.90330,-0.930767E-01
0.435791,1.90597,0.136361E-02
0.436401,1.90864,0.348988E-01
0.437012,1.91131,0.513220E-01
0.437622,1.91398,-0.103327
0.438232,1.91665,0.111926E-01
0.438843,1.91932,0.153153
0.439453,1.92199,-0.267967E-01
0.440063,1.92466,0.735222E-01
0.440674,1.92732,0.101888
0.441284,1.92999,-0.110902
0.441895,1.93266,0.181157
0.442505,1.93533,0.895005E-01
0.443115,1.93800,0.931329E-02
0.443726,1.94067,-0.235041E-01
0.444336,1.94334,0.240343
0.444946,1.94601,0.319392
0.445557,1.94868,-0.909828E-01
0.446167,1.95135,-0.575146E-01
0.446777,1.95402,0.284340
0.447388,1.95669,0.697893E-01
0.447998,1.95936,-0.468027E-01
0.448608,1.96203,-0.745098E-01
0.449219,1.96470,-0.570788E-01
0.449829,1.96737,0.985733E-02
0.450439,1.97004,0.124357
0.451050,1.97270,0.125218
0.451660,1.97537,0.444603E-01
0.452271,1.97804,-0.125163
0.452881,1.98071,0.609709E-01
0.453491,1.98338,-0.407756E-01
0.454102,1.98605,0.957307E-02
0.454712,1.98872,0.398293E-01
0.455322,1.99139,0.129736E-01
0.455933,1.99406,0.398081E-01
0.456543,1.99673,-0.129777
0.457153,1.99940,-0.941126E-01
0.457764,2.00207,0.663463E-01
0.458374,2.00474,0.212611E-01
0.458984,2.00741,0.344209
0.459595,2.01008,0.175798
0.460205,2.01275,0.121525E-01
0.460815,2.01542,-0.663674E-02
0.461426,2.01809,-0.192123E-01
0.462036,2.02075,0.151036
0.462646,2.02342,0.347703E-01
0.463257,2.02609,0.117476E-01
0.463867,2.02876,0.906957E-01
0.464478,2.03143,0.105769
0.465088,2.03410,0.186365
0.465698,2.03677,0.182212E-01
0.466309,2.03944,0.171510
0.466919,2.04211,0.109387E-01
0.467529,2.04478,-0.152532E-01
0.468140,2.04745,-0.479973E-01
0.468750,2.05012,0.557632E-01
0.469360,2.05279,-0.122607
0.469971,2.05546,0.668680E-02
0.470581,2.05813,0.228100E-02
0.471191,2.06080,0.284410E-01
0.471802,2.06347,0.480838E-01
0.472412,2.06613,0.151253
0.473022,2.06880,0.271396E-01
0.473633,2.07147,0.512329E-02
0.474243,2.07414,-0.794179E-01
0.474854,2.07681,0.231667
0.475464,2.07948,-0.196914E-02
0.476074,2.08215,0.190337
0.476685,2.08482,0.172464E-01
0.477295,2.08749,-0.148654E-02
0.477905,2.09016,0.179746
0.478516,2.09283,0.212480E-01
0.479126,2.09550,-0.275882E-01
0.479736,2.09817,0.111581E-01
0.480347,2.10084,-0.123193
0.480957,2.10351,0.316871E-01
0.481567,2.10618,0.680084E-02
0.482178,2.10885,0.538414E-01
0.482788,2.11152,0.448944
0.483398,2.11418,0.529548E-01
0.484009,2.11685,-0.158041E-01
0.484619,2.11952,-0.199937E-01
0.485229,2.12219,-0.640692E-02
0.485840,2.12486,0.367978E-01
0.486450,2.12753,0.439829
0.487061,2.13020,0.128877
0.487671,2.13287,0.192077
0.488281,2.13554,-0.549311E-01
0.488892,2.13821,-0.169061
0.489502,2.14088,0.424230E-01
0.490112,2.14355,0.385421E-01
0.490723,2.14622,0.248273E-01
0.491333,2.14889,0.113351E-01
0.491943,2.15156,0.961429E-01
0.492554,2.15423,0.254473
0.493164,2.15690,-0.385587E-01
0.493774,2.15956,0.158972
0.494385,2.16223,-0.880945E-01
0.494995,2.16490,0.319380E-03
0.495605,2.16757,0.364403E-01
0.496216,2.17024,0.686823E-01
0.496826,2.17291,-0.462664E-01
0.497437,2.17558,0.185881
0.498047,2.17825,-0.392374E-01
0.498657,2.18092,-0.446097E-02
0.499268,2.18359,0.159144
0.499878,2.18626,0.249008
0.500488,2.18893,-0.368775E-01
0.501099,2.19160,0.473647E-01
0.501709,2.19427,-0.209227E-01
0.502319,2.19694,-0.441113E-01
0.502930,2.19961,-0.385600E-01
0.503540,2.20228,0.217375E-02
0.504150,2.20494,-0.218100E-01
0.504761,2.20761,-0.379159E-01
0.505371,2.21028,0.503317E-01
0.505981,2.21295,-0.266781E-01
0.506592,2.21562,0.198438E-01
0.507202,2.21829,0.130413
0.507812,2.22096,0.803913E-01
0.508423,2.22363,0.196702
0.509033,2.22630,-0.165391E-01
0.509644,2.22897,-0.489603E-01
0.510254,2.23164,0.860936E-01
0.510864,2.23431,0.318106E-01
0.511475,2.23698,0.914506E-01
0.512085,2.23965,0.857121E-01
0.512695,2.24232,0.233178E-01
0.513306,2.24499,0.152257
0.513916,2.24766,0.251899E-01
0.514526,2.25033,0.914545E-01
0.515137,2.25299,0.782470E-01
0.515747,2.25566,0.101360E-01
0.516357,2.25833,0.114913
0.516968,2.26100,-0.122866E-01
0.517578,2.26367,-0.600833E-01
0.518188,2.26634,0.962618E-01
0.518799,2.26901,0.663015E-01
0.519409,2.27168,-0.474113E-02
0.520020,2.27435,-0.198094E-01
0.520630,2.27702,0.217479E-01
0.521240,2.27969,-0.136621E-01
0.521851,2.28236,0.675686E-01
0.522461,2.28503,0.109437
0.523071,2.28770,0.756181E-02
0.523682,2.29037,0.399960E-01
0.524292,2.29304,0.392948
0.524902,2.29571,0.190037E-01
0.525513,2.29837,0.114748E-01
0.526123,2.30104,0.839266E-02
0.526733,2.30371,-0.191932
0.527344,2.30638,0.115328
0.527954,2.30905,0.238073E-01
0.528564,2.31172,0.129707
0.529175,2.31439,0.189722E-01
0.529785,2.31706,0.814301E-01
0.530396,2.31973,-0.102325E-01
0.531006,2.32240,0.182062
0.531616,2.32507,-0.661944E-03
0.532227,2.32774,0.186901
0.532837,2.33041,0.163232
0.533447,2.33308,-0.293460E-01
0.534058,2.33575,0.166993
0.534668,2.33842,0.510087E-02
0.535278,2.34109,0.791449E-01
0.535889,2.34375,-0.148335
0.536499,2.34642,0.103670
0.537109,2.34909,0.729850E-03
0.537720,2.35176,0.143562
0.538330,2.35443,0.105969
0.538940,2.35710,0.656568E-02
0.539551,2.35977,0.829995E-02
0.540161,2.36244,0.356232
0.540771,2.36511,-0.532394E-01
0.541382,2.36778,-0.131776
0.541992,2.37045,-0.801742E-01
0.542603,2.37312,0.576712E-01
0.543213,2.37579,0.267845E-01
0.543823,2.37846,0.113646
0.544434,2.38113,0.220840
0.545044,2.38380,0.364115E-01
0.545654,2.38647,0.686332E-01
0.546265,2.38914,-0.688930E-01
0.546875,2.39180,0.773621E-01
0.547485,2.39447,0.895209E-01
0.548096,2.39714,-0.199986E-01
0.548706,2.39981,0.705040E-01
0.549316,2.40248,0.679925E-01
0.549927,2.40515,0.334011E-01
0.550537,2.40782,0.801383E-01
0.551147,2.41049,0.143879E-01
0.551758,2.41316,0.236481E-01
0.552368,2.41583,-0.172377E-01
0.552979,2.41850,0.148499
0.553589,2.42117,0.973317E-01
0.554199,2.42384,0.267207
0.554810,2.42651,-0.200338E-01
0.555420,2.42918,-0.488516E-01
0.556030,2.43185,-0.151655E-01
0.556641,2.43452,0.515027E-01
0.557251,2.43718,0.371182
0.557861,2.43985,-0.782120E-02
0.558472,2.44252,-0.168016
0.559082,2.44519,0.280055E-01
0.559692,2.44786,0.389835E-01
0.560303,2.45053,0.743753E-01
0.560913,2.45320,0.256818
0.561523,2.45587,-0.513661E-01
0.562134,2.45854,0.280875E-01
0.562744,2.46121,0.358334E-01
0.563354,2.46388,0.465660E-01
0.563965,2.46655,-0.200219E-01
0.564575,2.46922,0.158177
0.565186,2.47189,0.118941
0.565796,2.47456,0.171624
0.566406,2.47723,0.868548E-01
0.567017,2.47990,0.161127
0.567627,2.48257,-0.171918E-01
0.568237,2.48523,0.210515
0.568848,2.48790,0.418869E-01
0.569458,2.49057,-0.924127E-01
0.570068,2.49324,-0.429312E-01
0.570679,2.49591,-0.355058E-02
0.571289,2.49858,-0.121783
0.571899,2.50125,0.111426
0.572510,2.50392,0.900122E-01
0.573120,2.50659,-0.836948E-01
0.573730,2.50926,-0.418961E-02
0.574341,2.51193,0.255082
0.574951,2.51460,0.753864E-01
0.575562,2.51727,0.950211E-01
0.576172,2.51994,0.130142
0.576782,2.52261,0.288612
0.577393,2.52528,0.838054E-02
0.578003,2.52795,-0.896102E-02
0.578613,2.53061,-0.157260E-01
0.579224,2.53328,0.170473
0.579834,2.53595,0.294563E-02
0.580444,2.53862,-0.997340E-01
0.581055,2.54129,0.153292
0.581665,2.54396,0.377761E-01
0.582275,2.54663,-0.109966
0.582886,2.54930,0.937924E-01
0.583496,2.55197,-0.279423E-01
0.584106,2.55464,0.988118E-01
0.584717,2.55731,0.547613E-01
0.585327,2.55998,0.538461
0.585938,2.56265,0.835236E-01
0.586548,2.56532,-0.395602E-01
0.587158,2.56799,0.199961E-01
0.587769,2.57066,-0.307886E-02
0.588379,2.57333,0.237807
0.588989,2.57599,0.143811
0.589600,2.57866,0.652983E-01
0.590210,2.58133,0.118211
0.590820,2.58400,-0.294272E-01
0.591431,2.58667,0.719206E-01
0.592041,2.58934,0.852062E-01
0.592651,2.59201,-0.143657E-01
0.593262,2.59468,-0.125747
0.593872,2.59735,-0.513024E-01
0.594482,2.60002,0.510564E-01
0.595093,2.60269,-0.354293E-01
0.595703,2.60536,0.274805E-01
0.596313,2.60803,0.555419E-01
0.596924,2.61070,-0.319507E-01
0.597534,2.61337,0.170115
0.598145,2.61604,0.227553E-01
0.598755,2.61871,0.106657
0.599365,2.62138,0.692888E-01
0.599976,2.62404,0.103813
0.600586,2.62671,0.146363
0.601196,2.62938,-0.340959E-02
0.601807,2.63205,-0.128915E-02
0.602417,2.63472,-0.636119E-02
0.603027,2.63739,-0.204768E-01
0.603638,2.64006,0.645308E-01
0.604248,2.64273,0.276541
0.604858,2.64540,0.295718E-01
0.605469,2.64807,0.142065
0.606079,2.65074,-0.610861E-01
0.606689,2.65341,-0.787305E-01
0.607300,2.65608,0.305720E-01
0.607910,2.65875,-0.612620E-02
0.608521,2.66142,0.113009E-01
0.609131,2.66409,0.479188E-02
0.609741,2.66676,0.122024E-01
0.610352,2.66942,-0.732698E-01
0.610962,2.67209,0.728492E-02
0.611572,2.67476,0.132478E-03
0.612183,2.67743,-0.168734E-01
0.612793,2.68010,0.127890
0.613403,2.68277,-0.145160
0.614014,2.68544,0.101253
0.614624,2.68811,-0.367853E-01
0.615234,2.69078,-0.960403E-02
0.615845,2.69345,-0.252710
0.616455,2.69612,0.645164E-01
0.617065,2.69879,-0.107801
0.617676,2.70146,-0.213221E-01
0.618286,2.70413,-0.145135E-01
0.618896,2.70680,0.163834E-01
0.619507,2.70947,0.172525E-01
0.620117,2.71214,-0.544338E-01
0.620728,2.71481,0.123983
0.621338,2.71747,-0.140842
0.621948,2.72014,-0.341541E-01
0.622559,2.72281,0.746537E-01
0.623169,2.72548,0.773101E-02
0.623779,2.72815,0.335876E-02
0.624390,2.73082,0.834183E-01
0.625000,2.73349,0.286507
0.625610,2.73616,0.557632E-01
0.626221,2.73883,0.149613E-03
0.626831,2.74150,-0.165457E-01
0.627441,2.74417,0.149202E-01
0.628052,2.74684,0.772014E-01
0.628662,2.74951,-0.375528E-01
0.629272,2.75218,0.372107E-01
0.629883,2.75485,-0.338180E-02
0.630493,2.75752,0.756297E-01
0.631104,2.76019,-0.106384E-01
0.631714,2.76285,0.142194
0.632324,2.76552,0.474068E-01
0.632935,2.76819,0.206922E-01
0.633545,2.77086,0.864685E-01
0.634155,2.77353,0.132817
0.634766,2.77620,0.988173E-01
0.635376,2.77887,0.270140
0.635986,2.78154,0.117319
0.636597,2.78421,-0.143120E-01
0.637207,2.78688,0.160805
0.637817,2.78955,0.116525
0.638428,2.79222,-0.132694E-01
0.639038,2.79489,-0.172611E-01
0.639648,2.79756,-0.814635E-02
0.640259,2.80023,0.127283
0.640869,2.80290,0.802870E-01
0.641479,2.80557,0.128725
0.642090,2.80823,0.281144E-01
0.642700,2.81090,-0.188784E-01
0.643311,2.81357,0.750804E-01
0.643921,2.81624,-0.114904
0.644531,2.81891,0.127398
0.645142,2.82158,0.686562E-01
0.645752,2.82425,0.772540E-01
0.646362,2.82692,0.209832E-01
0.646973,2.82959,0.124997E-01
0.647583,2.83226,0.668037E-02
0.648193,2.83493,0.153659
0.648804,2.83760,-0.366306E-01
0.649414,2.84027,0.890279E-01
0.650024,2.84294,0.155705
0.650635,2.84561,-0.123395
0.651245,2.84828,0.793802E-01
0.651855,2.85095,-0.685847E-01
0.652466,2.85362,-0.892153E-01
0.653076,2.85628,0.337162E-01
0.653687,2.85895,0.904333E-01
0.654297,2.86162,0.868893E-01
0.654907,2.86429,0.158028
0.655518,2.86696,-0.936054E-02
0.656128,2.86963,-0.261973E-01
0.656738,2.87230,-0.397745E-01
0.657349,2.87497,0.918954E-02
0.657959,2.87764,-0.248089E-01
0.658569,2.88031,0.487604E-02
0.659180,2.88298,-0.658758E-01
0.659790,2.88565,-0.180348E-01
0.660400,2.88832,0.511780E-01
0.661011,2.89099,-0.153800
0.661621,2.89366,0.214853
0.662231,2.89633,0.274916E-01
0.662842,2.89900,-0.232450
0.663452,2.90166,-0.194532E-01
0.664062,2.90433,0.323838E-01
0.664673,2.90700,0.220129
0.665283,2.90967,-0.743761E-03
0.665894,2.91234,0.627988E-01
0.666504,2.91501,0.228994E-01
0.667114,2.91768,-0.187235E-01
0.667725,2.92035,-0.178307E-01
0.668335,2.92302,0.277359E-01
0.668945,2.92569,0.548216E-01
0.669556,2.92836,-0.341938E-01
0.670166,2.93103,0.225450
0.670776,2.93370,-0.283759E-01
0.671387,2.93637,-0.222470E-02
0.671997,2.93904,0.187908
0.672607,2.94171,0.435342E-01
0.673218,2.94438,0.281517E-01
0.673828,2.94704,0.659289E-01
0.674438,2.94971,0.963459E-01
0.675049,2.95238,0.107288
0.675659,2.95505,-0.429578E-02
0.676270,2.95772,0.168673
0.676880,2.96039,-0.102445E-01
0.677490,2.96306,-0.316870E-01
0.678101,2.96573,0.208779E-01
0.678711,2.96840,-0.215869E-01
0.679321,2.97107,0.369661E-01
0.679932,2.97374,0.719162E-01
0.680542,2.97641,0.845046E-01
0.681152,2.97908,-0.677107E-01
0.681763,2.98175,0.714389E-01
0.682373,2.98442,-0.990720E-01
0.682983,2.98709,0.126355
0.683594,2.98976,0.817625E-01
0.684204,2.99243,0.217255E-01
0.684814,2.99509,0.900819E-03
0.685425,2.99776,0.347510E-01
0.686035,3.00043,-0.113910E-01
0.686646,3.00310,0.330897E-01
0.687256,3.00577,-0.377008E-01
0.687866,3.00844,0.410103E-01
0.688477,3.01111,-0.152171E-01
0.689087,3.01378,0.398274E-01
0.689697,3.01645,0.152078E-03
0.690308,3.01912,0.789201E-01
0.690918,3.02179,-0.126808E-01
0.691528,3.02446,0.839260E-01
0.692139,3.02713,0.300823E-01
0.692749,3.02980,-0.403386E-01
0.693359,3.03247,0.136649
0.693970,3.03514,-0.242715E-01
0.694580,3.03781,-0.262304E-01
0.695190,3.04047,-0.295209
0.695801,3.04314,-0.380373E-01
0.696411,3.04581,-0.321553E-01
0.697021,3.04848,-0.184643
0.697632,3.05115,0.123396E-01
0.698242,3.05382,0.158032E-01
0.698853,3.05649,0.121875
0.699463,3.05916,0.107197
0.700073,3.06183,-0.295941E-01
0.700684,3.06450,0.124645
0.701294,3.06717,-0.116142E-01
0.701904,3.06984,-0.156808E-01
0.702515,3.07251,0.529219E-01
0.703125,3.07518,-0.981779E-01
0.703735,3.07785,0.699144E-01
0.704346,3.08052,0.512034E-01
0.704956,3.08319,0.738139E-01
0.705566,3.08586,0.728507E-01
0.706177,3.08852,0.777639E-02
0.706787,3.09119,-0.410999E-01
0.707397,3.09386,0.498812E-02
0.708008,3.09653,0.308678
0.708618,3.09920,-0.258537E-01
0.709229,3.10187,0.124317
0.709839,3.10454,0.181990
0.710449,3.10721,-0.316381E-02
0.711060,3.10988,0.152820E-01
0.711670,3.11255,-0.681546E-02
0.712280,3.11522,0.740288E-01
0.712891,3.11789,0.152574E-01
0.713501,3.12056,-0.145481E-02
0.714111,3.12323,-0.157713E-02
0.714722,3.12590,-0.216854E-01
0.715332,3.12857,-0.138830E-02
0.715942,3.13124,0.146785
0.716553,3.13390,0.346159E-01
0.717163,3.13657,0.650993E-01
0.717773,3.13924,0.226461E-01
0.718384,3.14191,0.240554
0.718994,3.14458,0.218613
0.719604,3.14725,-0.237493E-01
0.720215,3.14992,-0.226440E-01
0.720825,3.15259,0.145419E-02
0.721436,3.15526,0.993061E-02
0.722046,3.15793,0.197376E-02
0.722656,3.16060,0.612664E-01
0.723267,3.16327,-0.216362E-01
0.723877,3.16594,0.142784
0.724487,3.16861,-0.203669E-01
0.725098,3.17128,-0.784627E-01
0.725708,3.17395,0.101139
0.726318,3.17662,0.441346E-01
0.726929,3.17928,0.691164E-01
0.727539,3.18195,-0.231836E-01
0.728149,3.18462,0.186186E-02
0.728760,3.18729,0.655469E-02
0.729370,3.18996,-0.774507E-02
0.729980,3.19263,0.205454
0.730591,3.19530,-0.706785E-03
0.731201,3.19797,0.798102E-01
0.731812,3.20064,0.111082E-01
0.732422,3.20331,0.672453E-01
0.733032,3.20598,0.110448
0.733643,3.20865,-0.124253E-01
0.734253,3.21132,-0.127975E-02
0.734863,3.21399,0.165217E-01
0.735474,3.21666,-0.584303E-01
0.736084,3.21933,0.128771
0.736694,3.22200,-0.538434E-02
0.737305,3.22467,-0.540255E-02
0.737915,3.22733,0.130946
0.738525,3.23000,-0.134621E-01
0.739136,3.23267,0.122495
0.739746,3.23534,0.475553E-01
0.740356,3.23801,0.481344E-01
0.740967,3.24068,-0.212319E-01
0.741577,3.24335,0.205349
0.742188,3.24602,-0.941653E-01
0.742798,3.24869,0.793019E-02
0.743408,3.25136,-0.354419E-01
0.744019,3.25403,-0.189985E-01
0.744629,3.25670,0.144306
0.745239,3.25937,-0.508254E-02
0.745850,3.26204,0.525424E-01
0.746460,3.26471,0.120096E-01
0.747070,3.26738,0.622687E-01
0.747681,3.27005,-0.244924E-01
0.748291,3.27271,0.205043
0.748901,3.27538,0.897006E-02
0.749512,3.27805,0.319576
0.750122,3.28072,0.373842E-01
0.750732,3.28339,0.394231E-01
0.751343,3.28606,-0.222735E-01
0.751953,3.28873,0.157272E-01
0.752563,3.29140,-0.676533E-01
0.753174,3.29407,0.285160
0.753784,3.29674,0.464158E-01
0.754395,3.29941,0.199228E-01
0.755005,3.30208,0.310562E-01
0.755615,3.30475,0.125539
0.756226,3.30742,0.985513E-01
0.756836,3.31009,-0.155566E-01
0.757446,3.31276,0.874651E-01
0.758057,3.31543,-0.251954E-01
0.758667,3.31810,0.114880
0.759277,3.32076,0.626939E-01
0.759888,3.32343,-0.239648E-01
0.760498,3.32610,-0.490843E-01
0.761108,3.32877,0.163806
0.761719,3.33144,0.418855E-01
0.762329,3.33411,-0.226448E-01
0.762939,3.33678,0.115969
0.763550,3.33945,0.120125E-01
0.764160,3.34212,0.851136E-02
0.764771,3.34479,0.265956
0.765381,3.34746,0.646719E-01
0.765991,3.35013,-0.195445
0.766602,3.35280,0.629507E-01
0.767212,3.35547,0.288444E-01
0.767822,3.35814,-0.860291E-02
0.768433,3.36081,0.860339E-01
0.769043,3.36348,0.199263E-01
0.769653,3.36614,0.475648E-01
0.770264,3.36881,0.145816E-01
0.770874,3.37148,-0.748681E-02
0.771484,3.37415,0.748083E-01
0.772095,3.37682,-0.286196E-01
0.772705,3.37949,-0.729751E-02
0.773315,3.38216,-0.310385E-01
0.773926,3.38483,0.107350
0.774536,3.38750,0.468132E-01
0.775146,3.39017,-0.481485E-02
0.775757,3.39284,-0.451452E-01
0.776367,3.39551,0.295414E-01
0.776978,3.39818,0.189409
0.777588,3.40085,-0.955440E-01
0.778198,3.40352,0.104399
0.778809,3.40619,-0.138469
0.779419,3.40886,-0.575956E-01
0.780029,3.41152,0.132706
0.780640,3.41419,0.509776E-02
0.781250,3.41686,0.280577E-01
0.781860,3.41953,-0.146739E-01
0.782471,3.42220,0.308687E-03
0.783081,3.42487,0.205722E-01
0.783691,3.42754,-0.213177E-02
0.784302,3.43021,0.207321E-01
0.784912,3.43288,-0.606395E-01
0.785522,3.43555,-0.335568E-01
0.786133,3.43822,0.159939
0.786743,3.44089,0.183760
0.787354,3.44356,-0.743155E-01
0.787964,3.44623,0.346514E-01
0.788574,3.44890,-0.901253E-01
0.789185,3.45157,0.404056E-01
0.789795,3.45424,-0.559402E-01
0.790405,3.45691,0.267345E-01
0.791016,3.45957,-0.233934E-01
0.791626,3.46224,0.562830E-01
0.792236,3.46491,0.159135
0.792847,3.46758,-0.249323E-02
0.793457,3.47025,-0.164656E-01
0.794067,3.47292,-0.161922E-01
0.794678,3.47559,0.389581E-01
0.795288,3.47826,0.571298E-01
0.795898,3.48093,0.119969
0.796509,3.48360,-0.772682E-01
0.797119,3.48627,-0.201309E-01
0.797729,3.48894,0.643803E-01
0.798340,3.49161,0.156768
0.798950,3.49428,0.149715
0.799561,3.49695,-0.387960E-01
0.800171,3.49962,-0.606065E-01
0.800781,3.50229,-0.781076E-01
0.801392,3.50495,0.242870E-01
0.802002,3.50762,-0.851988E-01
0.802612,3.51029,-0.150124E-01
0.803223,3.51296,-0.955931E-02
0.803833,3.51563,-0.284290E-02
0.804443,3.51830,0.218109E-02
0.805054,3.52097,0.641084E-01
0.805664,3.52364,0.370095E-01
0.806274,3.52631,0.135560
0.806885,3.52898,0.966358E-02
0.807495,3.53165,-0.224363E-01
0.808105,3.53432,-0.209435E-01
0.808716,3.53699,0.327508E-01
0.809326,3.53966,0.216528
0.809937,3.54233,0.138338E-01
0.810547,3.54500,-0.332570E-01
0.811157,3.54767,-0.999910E-01
0.811768,3.55034,0.257821E-01
0.812378,3.55300,-0.523966E-02
0.812988,3.55567,0.868343E-04
0.813599,3.55834,-0.467048E-02
0.814209,3.56101,0.994886E-01
0.814819,3.56368,0.314186E-01
0.815430,3.56635,0.507388E-01
0.816040,3.56902,0.773581E-01
0.816650,3.57169,-0.704879E-01
0.817261,3.57436,0.203153E-01
0.817871,3.57703,0.601306E-01
0.818481,3.57970,0.113334E-02
0.819092,3.58237,-0.214186E-01
0.819702,3.58504,-0.520708E-02
0.820312,3.58771,0.510094E-01
0.820923,3.59038,0.111796
0.821533,3.59305,0.113375
0.822144,3.59572,0.462950E-03
0.822754,3.59838,-0.153919E-01
0.823364,3.60105,-0.346458E-01
0.823975,3.60372,0.805445E-01
0.824585,3.60639,0.270057E-01
0.825195,3.60906,-0.463186E-02
0.825806,3.61173,0.215349E-01
0.826416,3.61440,0.170808
0.827026,3.61707,0.762551E-01
0.827637,3.61974,-0.594859E-01
0.828247,3.62241,0.150269E-01
0.828857,3.62508,0.344346E-01
0.829468,3.62775,0.245002E-03
0.830078,3.63042,0.900180E-01
0.830688,3.63309,0.238285
0.831299,3.63576,-0.221984E-01
0.831909,3.63843,-0.979810E-02
0.832520,3.64110,0.146957E-01
0.833130,3.64376,0.244332E-01
0.833740,3.64643,0.126767
0.834351,3.64910,0.506717
0.834961,3.65177,-0.136724E-01
0.835571,3.65444,-0.597906E-02
0.836182,3.65711,0.147285E-01
0.836792,3.65978,0.137270
0.837402,3.66245,0.784233E-03
0.838013,3.66512,0.757665E-01
0.838623,3.66779,0.140426E-01
0.839233,3.67046,0.137027
0.839844,3.67313,0.233541
0.840454,3.67580,0.170904E-01
0.841064,3.67847,0.884974E-01
0.841675,3.68114,0.274899
0.842285,3.68381,-0.452305E-01
0.842896,3.68648,0.678482E-01
0.843506,3.68915,-0.229527E-02
0.844116,3.69181,-0.665631E-01
0.844727,3.69448,0.102034
0.845337,3.69715,-0.110763E-01
0.845947,3.69982,0.796796E-01
0.846558,3.70249,-0.581802E-01
0.847168,3.70516,0.250432E-01
0.847778,3.70783,0.164359E-01
0.848389,3.71050,-0.112204E-01
0.848999,3.71317,0.354413E-01
0.849609,3.71584,-0.353632E-01
0.850220,3.71851,0.310595
0.850830,3.72118,-0.156933E-01
0.851440,3.72385,-0.874319E-01
0.852051,3.72652,0.134672E-01
0.852661,3.72919,0.241435E-01
0.853271,3.73186,-0.420451E-02
0.853882,3.73453,0.676909E-01
0.854492,3.73719,-0.616474E-01
0.855103,3.73986,0.300164
0.855713,3.74253,0.127334E-01
0.856323,3.74520,0.103405E-01
0.856934,3.74787,-0.933311E-02
0.857544,3.75054,0.302818E-01
0.858154,3.75321,-0.430130E-01
0.858765,3.75588,-0.112580
0.859375,3.75855,0.147735
0.859985,3.76122,-0.681777E-01
0.860596,3.76389,0.272063E-01
0.861206,3.76656,0.530385E-02
0.861816,3.76923,-0.153481E-01
0.862427,3.77190,-0.518691E-02
0.863037,3.77457,0.177001E-01
0.863647,3.77724,-0.390933E-02
0.864258,3.77991,0.117538
0.864868,3.78257,0.890517E-02
0.865479,3.78524,0.119779
0.866089,3.78791,0.507541E-01
0.866699,3.79058,-0.314863E-01
0.867310,3.79325,-0.318523E-01
0.867920,3.79592,-0.663088E-01
0.868530,3.79859,0.703642E-01
0.869141,3.80126,0.209671
0.869751,3.80393,-0.330853E-01
0.870361,3.80660,-0.689448E-01
0.870972,3.80927,0.226451
0.871582,3.81194,-0.402348E-01
0.872192,3.81461,0.175279
0.872803,3.81728,-0.944028E-02
0.873413,3.81995,0.393239E-01
0.874023,3.82262,-0.982447E-01
0.874634,3.82529,0.208689
0.875244,3.82796,-0.837130E-01
0.875854,3.83062,0.574303E-01
0.876465,3.83329,0.187169
0.877075,3.83596,-0.103246E-01
0.877686,3.83863,-0.546044E-03
0.878296,3.84130,-0.145753E-01
0.878906,3.84397,0.109940
0.879517,3.84664,0.870782E-01
0.880127,3.84931,-0.670434E-01
0.880737,3.85198,0.111691
0.881348,3.85465,0.394616E-01
0.881958,3.85732,-0.698904E-01
0.882568,3.85999,-0.602904E-03
0.883179,3.86266,0.199391E-01
0.883789,3.86533,0.386181E-02
0.884399,3.86800,0.105971
0.885010,3.87067,0.207518E-01
0.885620,3.87334,0.207300
0.886230,3.87600,-0.467788E-01
0.886841,3.87867,-0.887407E-01
0.887451,3.88134,0.663902E-01
0.888062,3.88401,0.395229E-01
0.888672,3.88668,-0.141223
0.889282,3.88935,0.373756E-01
0.889893,3.89202,-0.671688E-01
0.890503,3.89469,-0.210919E-01
0.891113,3.89736,0.898918E-03
0.891724,3.90003,-0.288108E-02
0.892334,3.90270,0.969011E-01
0.892944,3.90537,-0.248460E-01
0.893555,3.90804,0.779682E-01
0.894165,3.91071,-0.347068E-01
0.894775,3.91338,0.341606E-02
0.895386,3.91605,0.145488
0.895996,3.91872,0.106473E-01
0.896606,3.92139,0.432572E-01
0.897217,3.92405,0.755595E-01
0.897827,3.92672,0.990082E-01
0.898438,3.92939,0.195304
0.899048,3.93206,0.154236E-01
0.899658,3.93473,0.304681
0.900269,3.93740,-0.121045
0.900879,3.94007,0.129358
0.901489,3.94274,-0.183132E-01
0.902100,3.94541,0.853371E-01
0.902710,3.94808,-0.163380E-01
0.903320,3.95075,0.121155
0.903931,3.95342,0.498055E-01
0.904541,3.95609,0.338442E-02
0.905151,3.95876,-0.221458E-01
0.905762,3.96143,0.229527E-01
0.906372,3.96410,-0.485263E-01
0.906982,3.96677,0.707083E-01
0.907593,3.96943,0.109811
0.908203,3.97210,-0.321045E-02
0.908813,3.97477,-0.135270E-01
0.909424,3.97744,0.595398E-01
0.910034,3.98011,0.536230E-01
0.910645,3.98278,-0.162530E-01
0.911255,3.98545,-0.660042E-01
0.911865,3.98812,0.259038E-02
0.912476,3.99079,0.390802
0.913086,3.99346,0.567670E-01
0.913696,3.99613,0.395561E-01
0.914307,3.99880,0.933532E-01
0.914917,4.00147,-0.405229E-01
0.915527,4.00414,-0.264780E-01
0.916138,4.00681,-0.328319E-02
0.916748,4.00948,-0.577764E-02
0.917358,4.01215,-0.254599E-01
0.917969,4.01481,0.798827E-01
0.918579,4.01748,-0.162898E-01
0.919189,4.02015,0.157668
0.919800,4.02282,0.135021E-01
0.920410,4.02549,-0.541116E-02
0.921021,4.02816,-0.355051E-02
0.921631,4.03083,-0.522207E-01
0.922241,4.03350,0.740650E-02
0.922852,4.03617,0.559156E-01
0.923462,4.03884,0.337954E-02
0.924072,4.04151,0.392171E-01
0.924683,4.04418,-0.196944E-01
0.925293,4.04685,0.144984
0.925903,4.04952,-0.126438E-01
0.926514,4.05219,-0.291866E-01
0.927124,4.05486,-0.561060E-01
0.927734,4.05753,-0.740913E-01
0.928345,4.06020,0.229659
0.928955,4.06286,0.659076E-01
0.929565,4.06553,-0.278513E-01
0.930176,4.06820,0.986365E-01
0.930786,4.07087,-0.909417E-01
0.931396,4.07354,0.130966E-01
0.932007,4.07621,0.159021
0.932617,4.07888,0.226068E-01
0.933228,4.08155,-0.247321E-01
0.933838,4.08422,0.395819E-01
0.934448,4.08689,-0.140706E-01
0.935059,4.08956,-0.798900E-01
0.935669,4.09223,0.406840E-01
0.936279,4.09490,-0.244280E-02
0.936890,4.09757,0.231670
0.937500,4.10024,0.244681
0.938110,4.10291,-0.883053E-01
0.938721,4.10558,-0.184505E-01
0.939331,4.10824,-0.233863E-01
0.939941,4.11091,-0.142345E-01
0.940552,4.11358,0.517808E-01
0.941162,4.11625,-0.280132E-01
0.941772,4.11892,0.258761E-01
0.942383,4.12159,-0.538174E-01
0.942993,4.12426,-0.112056
0.943604,4.12693,-0.854414E-01
0.944214,4.12960,0.143081
0.944824,4.13227,0.547192E-01
0.945435,4.13494,-0.384835E-01
0.946045,4.13761,0.746652E-03
0.946655,4.14028,0.310093E-02
0.947266,4.14295,0.612359E-04
0.947876,4.14562,0.771318E-01
0.948486,4.14829,0.497605E-02
0.949097,4.15096,0.468574E-01
0.949707,4.15363,-0.271182E-02
0.950317,4.15629,-0.120772
0.950928,4.15896,0.435237E-01
0.951538,4.16163,-0.136069
0.952148,4.16430,0.319769E-01
0.952759,4.16697,0.583303E-01
0.953369,4.16964,0.928759E-01
0.953979,4.17231,-0.933886E-02
0.954590,4.17498,0.122778
0.955200,4.17765,0.656326E-02
0.955811,4.18032,0.285694
0.956421,4.18299,0.897534E-02
0.957031,4.18566,-0.275694E-01
0.957642,4.18833,0.153254
0.958252,4.19100,-0.439940E-01
0.958862,4.19367,0.821014E-01
0.959473,4.19634,0.146846
0.960083,4.19901,-0.838997E-01
0.960693,4.20167,0.399552E-01
0.961304,4.20434,0.110015E-01
0.961914,4.20701,-0.697594E-02
0.962524,4.20968,-0.692466E-01
0.963135,4.21235,0.130807E-02
0.963745,4.21502,0.467891E-02
0.964355,4.21769,0.573780E-02
0.964966,4.22036,-0.117315E-01
0.965576,4.22303,-0.629806E-01
0.966187,4.22570,0.926287E-02
0.966797,4.22837,-0.397883E-01
0.967407,4.23104,0.267511E-01
0.968018,4.23371,0.189469E-01
0.968628,4.23638,0.225384E-01
0.969238,4.23905,-0.303123E-01
0.969849,4.24172,-0.154900E-01
0.970459,4.24439,0.525021E-02
0.971069,4.24705,0.680153E-01
0.971680,4.24972,0.217984E-01
0.972290,4.25239,0.869433E-01
0.972900,4.25506,0.839131E-01
0.973511,4.25773,0.332090E-01
0.974121,4.26040,-0.397406E-02
0.974731,4.26307,0.665513E-02
0.975342,4.26574,0.486725E-01
0.975952,4.26841,0.162501E-01
0.976562,4.27108,0.107863E-01
0.977173,4.27375,-0.222911E-01
0.977783,4.27642,0.257684E-01
0.978394,4.27909,-0.306416E-01
0.979004,4.28176,0.687293E-01
0.979614,4.28443,0.460640E-01
0.980225,4.28710,0.192158E-01
0.980835,4.28977,0.148928E-01
0.981445,4.29244,-0.164651E-01
0.982056,4.29510,0.128484
0.982666,4.29777,0.111062
0.983276,4.30044,0.443523E-01
0.983887,4.30311,-0.653532E-01
0.984497,4.30578,0.791598E-01
0.985107,4.30845,-0.226192E-01
0.985718,4.31112,0.235272E-01
0.986328,4.31379,0.186162E-01
0.986938,4.31646,0.528881E-02
0.987549,4.31913,0.133331E-02
0.988159,4.32180,-0.374512E-01
0.988770,4.32447,-0.910381E-02
0.989380,4.32714,0.322029E-01
0.989990,4.32981,0.444151E-01
0.990601,4.33248,0.802294E-02
0.991211,4.33515,-0.102681E-01
0.991821,4.33782,-0.704337E-01
0.992432,4.34048,0.221012
0.993042,4.34315,-0.100679
0.993652,4.34582,-0.133645E-01
0.994263,4.34849,0.727151E-01
0.994873,4.35116,-0.229116E-01
0.995483,4.35383,0.282593E-01
0.996094,4.35650,0.955938E-02
0.996704,4.35917,0.141434
0.997314,4.36184,-0.522733E-01
0.997925,4.36451,-0.329590E-01
0.998535,4.36718,0.261304E-01
0.999146,4.36985,-0.105156E-01
0.999756,4.37252,-0.113599
1.00037,4.37519,0.123446
1.00098,4.37786,-0.109782E-01
1.00159,4.38053,0.508012E-02
1.00220,4.38320,-0.501368E-01
1.00281,4.38586,-0.450947E-02
1.00342,4.38853,0.119503E-01
1.00403,4.39120,0.372037E-01
1.00464,4.39387,-0.340302E-01
1.00525,4.39654,0.137187
1.00586,4.39921,-0.123732
1.00647,4.40188,0.222496
1.00708,4.40455,0.445698E-01
1.00769,4.40722,0.243655E-01
1.00830,4.40989,0.199683E-01
1.00891,4.41256,0.108911E-01
1.00952,4.41523,0.472723E-01
1.01013,4.41790,-0.371223E-01
1.01074,4.42057,0.463507E-02
1.01135,4.42324,-0.324012E-02
1.01196,4.42591,0.373551E-01
1.01257,4.42858,0.802643E-01
1.01318,4.43125,0.648626E-01
1.01379,4.43391,0.483548E-02
1.01440,4.43658,-0.545446E-01
1.01501,4.43925,0.117730
1.01562,4.44192,-0.967668E-02
1.01624,4.44459,-0.151610E-01
1.01685,4.44726,-0.571279E-01
1.01746,4.44993,-0.131132E-01
1.01807,4.45260,0.389077E-01
1.01868,4.45527,0.429477E-02
1.01929,4.45794,-0.221732E-01
1.01990,4.46061,0.722280E-01
1.02051,4.46328,0.324967E-01
1.02112,4.46595,-0.154126E-01
1.02173,4.46862,0.180183E-01
1.02234,4.47129,-0.761649E-01
1.02295,4.47396,-0.971774E-01
1.02356,4.47663,-0.138678E-01
1.02417,4.47929,-0.365862E-02
1.02478,4.48196,0.308227E-01
1.02539,4.48463,-0.152539E-02
1.02600,4.48730,0.104493
1.02661,4.48997,0.427463E-02
1.02722,4.49264,0.209050
1.02783,4.49531,0.922554E-01
1.02844,4.49798,0.309578E-02
1.02905,4.50065,0.375883E-01
1.02966,4.50332,0.583951E-01
1.03027,4.50599,0.217947E-01
1.03088,4.50866,0.113672
1.03149,4.51133,0.179978E-01
1.03210,4.51400,0.145332E-02
1.03271,4.51667,0.502849E-01
1.03333,4.51934,-0.511761E-01
1.03394,4.52201,-0.392942E-02
1.03455,4.52468,-0.168062
1.03516,4.52734,-0.548249E-01
1.03577,4.53001,0.272211E-01
1.03638,4.53268,0.685664E-01
1.03699,4.53535,0.296095E-01
1.03760,4.53802,-0.925121E-02
1.03821,4.54069,0.590350E-01
1.03882,4.54336,0.261105E-01
1.03943,4.54603,0.852939E-01
1.04004,4.54870,0.939394E-02
1.04065,4.55137,0.432979E-01
1.04126,4.55404,-0.419837E-01
1.04187,4.55671,-0.463739E-02
1.04248,4.55938,0.329241
1.04309,4.56205,-0.140381
1.04370,4.56472,-0.229581E-01
1.04431,4.56739,-0.250354E-01
1.04492,4.57006,0.742927E-02
1.04553,4.57272,0.304389E-01
1.04614,4.57539,0.272717E-02
1.04675,4.57806,0.148539
1.04736,4.58073,-0.706052E-02
1.04797,4.58340,0.633277E-01
1.04858,4.58607,0.411071E-01
1.04919,4.58874,0.114727E-01
1.04980,4.59141,0.287137E-01
1.05042,4.59408,-0.261387E-01
1.05103,4.59675,-0.148940E-01
1.05164,4.59942,0.114123E-01
1.05225,4.60209,-0.507087E-02
1.05286,4.60476,-0.394982E-02
1.05347,4.60743,0.586294E-01
1.05408,4.61010,0.300690
1.05469,4.61277,0.964473E-01
1.05530,4.61544,-0.248156E-01
1.05591,4.61810,-0.267694E-01
1.05652,4.62077,0.788905E-02
1.05713,4.62344,-0.887432E-02
1.05774,4.62611,-0.674350E-01
1.05835,4.62878,0.246151E-01
1.05896,4.63145,0.714596E-01
1.05957,4.63412,0.780157E-01
1.06018,4.63679,0.173656
1.06079,4.63946,0.215537
1.06140,4.64213,0.108137E-01
1.06201,4.64480,-0.163630E-02
1.06262,4.64747,0.145409E-01
1.06323,4.65014,-0.641128E-02
1.06384,4.65281,-0.759490E-02
1.06445,4.65548,0.470236E-01
1.06506,4.65815,-0.112654E-01
1.06567,4.66082,0.696270E-01
1.06628,4.66349,0.487288E-01
1.06689,4.66615,0.349183E-01
1.06750,4.66882,-0.133799E-01
1.06812,4.67149,-0.910257E-01
1.06873,4.67416,0.393294E-01
1.06934,4.67683,0.449951E-01
1.06995,4.67950,0.598245E-01
1.07056,4.68217,-0.121956E-01
1.07117,4.68484,0.224397E-01
1.07178,4.68751,0.192213E-01
1.07239,4.69018,0.244937E-01
1.07300,4.69285,0.523950E-01
1.07361,4.69552,0.815296E-01
1.07422,4.69819,-0.229493E-01
1.07483,4.70086,0.158928
1.07544,4.70353,-0.106758
1.07605,4.70620,0.447704E-01
1.07666,4.70887,0.118000E-01
1.07727,4.71153,-0.355667E-03
1.07788,4.71420,0.293211E-01
1.07849,4.71687,0.463513E-02
1.07910,4.71954,0.128184
1.07971,4.72221,0.103884E-02
1.08032,4.72488,0.137782E-02
1.08093,4.72755,0.977804E-02
1.08154,4.73022,0.229188E-01
1.08215,4.73289,-0.742215E-02
1.08276,4.73556,-0.163172E-01
1.08337,4.73823,0.700554E-01
1.08398,4.74090,0.641427E-02
1.08459,4.74357,0.856497E-01
1.08521,4.74624,-0.732408E-01
1.08582,4.74891,-0.565702E-01
1.08643,4.75158,0.565483E-01
1.08704,4.75425,-0.607160E-02
1.08765,4.75692,-0.189789
1.08826,4.75958,0.184621
1.08887,4.76225,-0.701381E-02
1.08948,4.76492,0.148727E-01
1.09009,4.76759,0.102287
1.09070,4.77026,-0.182462E-02
1.09131,4.77293,-0.257234E-01
1.09192,4.77560,-0.337802E-01
1.09253,4.77827,0.169274
1.09314,4.78094,0.180079
1.09375,4.78361,-0.398817E-01
1.09436,4.78628,0.858097E-03
1.09497,4.78895,0.305108E-01
1.09558,4.79162,-0.482654E-02
1.09619,4.79429,0.300203E-01
1.09680,4.79696,0.860229E-02
1.09741,4.79963,-0.327667E-02
1.09802,4.80230,-0.390591E-01
1.09863,4.80496,0.189591
1.09924,4.80763,0.192928E-01
1.09985,4.81030,0.132351
1.10046,4.81297,0.769730E-01
1.10107,4.81564,-0.954704E-02
1.10168,4.81831,0.361939E-01
1.10229,4.82098,0.168600E-01
1.10291,4.82365,-0.276866E-01
1.10352,4.82632,0.207963
1.10413,4.82899,0.127542
1.10474,4.83166,-0.149191E-01
1.10535,4.83433,0.817946E-01
1.10596,4.83700,0.773251E-02
1.10657,4.83967,0.190453E-01
1.10718,4.84234,0.434622E-02
1.10779,4.84501,0.108369E-01
1.10840,4.84768,0.199621E-01
1.10901,4.85034,0.503094E-01
1.10962,4.85301,0.508011E-01
1.11023,4.85568,0.470196E-01
1.11084,4.85835,0.475565E-01
1.11145,4.86102,0.139557
1.11206,4.86369,-0.318528E-02
1.11267,4.86636,-0.788299E-01
1.11328,4.86903,0.107319
1.11389,4.87170,0.625716E-01
1.11450,4.87437,-0.208011E-01
1.11511,4.87704,0.111016
1.11572,4.87971,0.133317E-01
1.11633,4.88238,0.469338E-01
1.11694,4.88505,0.832175E-02
1.11755,4.88772,0.349142E-01
1.11816,4.89039,0.214703
1.11877,4.89306,0.144920E-01
1.11938,4.89573,0.210975E-01
1.12000,4.89839,-0.421538E-01
1.12061,4.90106,-0.396125E-01
1.12122,4.90373,0.854119E-01
1.12183,4.90640,0.499272E-01
1.12244,4.90907,0.766028E-01
1.12305,4.91174,-0.251323E-01
1.12366,4.91441,0.132049E-02
1.12427,4.91708,0.698286E-01
1.12488,4.91975,-0.280221E-01
1.12549,4.92242,0.135468
1.12610,4.92509,0.348915E-01
1.12671,4.92776,0.102442E-01
1.12732,4.93043,-0.941393E-03
1.12793,4.93310,0.224465
1.12854,4.93577,0.439296E-01
1.12915,4.93844,-0.252369E-02
1.12976,4.94111,0.775702E-01
1.13037,4.94377,0.209861
1.13098,4.94644,0.191241
1.13159,4.94911,0.851808E-01
1.13220,4.95178,0.333827E-01
1.13281,4.95445,0.606923E-01
1.13342,4.95712,-0.143236E-01
1.13403,4.95979,0.199815E-02
1.13464,4.96246,-0.289318E-02
1.13525,4.96513,-0.309673E-01
1.13586,4.96780,0.129160
1.13647,4.97047,0.763062E-01
1.13708,4.97314,-0.489366E-01
1.13770,4.97581,-0.106173
1.13831,4.97848,0.236117
1.13892,4.98115,0.152930
1.13953,4.98382,0.194219E-01
1.14014,4.98649,-0.629954E-01
1.14075,4.98915,0.547557E-02
1.14136,4.99182,0.663262E-02
1.14197,4.99449,-0.578414E-01
1.14258,4.99716,0.466006E-01
1.14319,4.99983,0.113351
1.14380,5.00250,-0.271932E-01
1.14441,5.00517,-0.341957E-01
1.14502,5.00784,0.238525E-01
1.14563,5.01051,0.775389E-02
1.14624,5.01318,-0.510197E-01
1.14685,5.01585,0.105479E-01
1.14746,5.01852,0.730531E-01
1.14807,5.02119,-0.135517E-01
1.14868,5.02386,-0.691239E-02
1.14929,5.02653,-0.538063E-01
1.14990,5.02920,-0.109095E-01
1.15051,5.03187,-0.108439
1.15112,5.03454,0.314719E-01
1.15173,5.03720,0.191874
1.15234,5.03987,0.558126E-01
1.15295,5.04254,-0.689453E-01
1.15356,5.04521,-0.940104E-02
1.15417,5.04788,-0.610703E-02
1.15479,5.05055,-0.487848E-01
1.15540,5.05322,0.257768E-01
1.15601,5.05589,0.648232E-01
1.15662,5.05856,-0.452644E-01
1.15723,5.06123,-0.411476E-01
1.15784,5.06390,0.582995E-01
1.15845,5.06657,0.690271E-01
1.15906,5.06924,-0.277822E-01
1.15967,5.07191,0.108755
1.16028,5.07458,-0.441842E-01
1.16089,5.07725,-0.184708E-01
1.16150,5.07992,-0.284665E-01
1.16211,5.08258,0.467781E-01
1.16272,5.08525,-0.202533E-01
1.16333,5.08792,0.566612E-01
1.16394,5.09059,-0.130492E-01
1.16455,5.09326,0.727138E-01
1.16516,5.09593,0.529533E-01
1.16577,5.09860,0.539714E-01
1.16638,5.10127,-0.329552E-01
1.16699,5.10394,0.519110E-02
1.16760,5.10661,-0.325101E-02
1.16821,5.10928,-0.914361E-01
1.16882,5.11195,-0.112318E-01
1.16943,5.11462,0.257073E-01
1.17004,5.11729,-0.333228E-01
1.17065,5.11996,-0.434345E-01
1.17126,5.12263,-0.625214E-01
1.17188,5.12530,0.437180E-02
1.17249,5.12797,0.413143E-01
1.17310,5.13063,0.233327E-01
1.17371,5.13330,0.309926E-01
1.17432,5.13597,-0.107104E-01
1.17493,5.13864,0.149821E-01
1.17554,5.14131,0.460319E-01
1.17615,5.14398,-0.508390E-01
1.17676,5.14665,0.281124E-01
1.17737,5.14932,0.420807E-01
1.17798,5.15199,0.321417E-01
1.17859,5.15466,0.151610
1.17920,5.15733,-0.401184E-01
1.17981,5.16000,-0.587713E-02
1.18042,5.16267,-0.770375E-01
1.18103,5.16534,0.217933E-02
1.18164,5.16801,0.166369E-01
1.18225,5.17068,0.991262E-01
1.18286,5.17335,0.590749E-01
1.18347,5.17601,0.109182E-01
1.18408,5.17868,-0.149161E-01
1.18469,5.18135,0.713438E-01
1.18530,5.18402,0.160022E-01
1.18591,5.18669,-0.107761E-01
1.18652,5.18936,0.175853E-03
1.18713,5.19203,0.124868
1.18774,5.19470,-0.920595E-01
1.18835,5.19737,0.111679E-01
1.18896,5.20004,-0.622600E-01
1.18958,5.20271,-0.112887E-01
1.19019,5.20538,-0.911911E-01
1.19080,5.20805,-0.376398E-02
1.19141,5.21072,0.633220E-02
1.19202,5.21339,0.422780E-01
1.19263,5.21606,0.109038
1.19324,5.21873,0.698964E-01
1.19385,5.22139,0.155551E-01
1.19446,5.22406,0.771915E-01
1.19507,5.22673,-0.350838E-01
1.19568,5.22940,0.516355E-01
1.19629,5.23207,-0.384691E-01
1.19690,5.23474,0.342481E-01
1.19751,5.23741,-0.613750E-01
1.19812,5.24008,0.802002E-02
1.19873,5.24275,0.648941E-01
1.19934,5.24542,-0.153758E-01
1.19995,5.24809,0.618573E-01
1.20056,5.25076,0.562755E-01
1.20117,5.25343,-0.180583E-01
1.20178,5.25610,0.493099E-01
1.20239,5.25877,0.377660E-02
1.20300,5.26144,0.573455E-01
1.20361,5.26411,-0.205908E-02
1.20422,5.26678,0.557085E-01
1.20483,5.26944,0.237554E-01
1.20544,5.27211,0.237733E-01
1.20605,5.27478,-0.680281E-02
1.20667,5.27745,0.144400
1.20728,5.28012,0.172042
1.20789,5.28279,-0.750913E-02
1.20850,5.28546,0.416724E-01
1.20911,5.28813,-0.122987
1.20972,5.29080,0.200049E-01
1.21033,5.29347,0.111464E-01
1.21094,5.29614,0.165378
1.21155,5.29881,-0.125315E-01
1.21216,5.30148,-0.282501E-01
1.21277,5.30415,-0.126956
1.21338,5.30682,0.792943E-02
1.21399,5.30949,-0.102747
1.21460,5.31216,0.667565E-02
1.21521,5.31482,0.175816E-01
1.21582,5.31749,-0.226069E-01
1.21643,5.32016,-0.163358E-01
1.21704,5.32283,-0.144880E-01
1.21765,5.32550,0.234123E-01
1.21826,5.32817,-0.332879E-01
1.21887,5.33084,0.936039E-02
1.21948,5.33351,0.701962E-01
1.22009,5.33618,-0.766128E-03
1.22070,5.33885,0.190019
1.22131,5.34152,-0.112778E-02
1.22192,5.34419,0.472397E-01
1.22253,5.34686,0.362402E-01
1.22314,5.34953,-0.418268E-01
1.22375,5.35220,0.323216E-01
1.22437,5.35487,0.782199E-02
1.22498,5.35754,0.589819E-01
1.22559,5.36021,0.885480E-02
1.22620,5.36287,0.256220E-01
1.22681,5.36554,0.221204E-01
1.22742,5.36821,0.758523E-01
1.22803,5.37088,-0.316674E-03
1.22864,5.37355,0.432799E-01
1.22925,5.37622,-0.161486E-01
1.22986,5.37889,0.126045
1.23047,5.38156,-0.333162E-01
1.23108,5.38423,0.811910E-01
1.23169,5.38690,0.123874E-01
1.23230,5.38957,-0.223484E-01
1.23291,5.39224,0.858518E-02
1.23352,5.39491,0.636243E-01
1.23413,5.39758,0.659009E-02
1.23474,5.40025,0.506062E-01
1.23535,5.40292,-0.911940E-03
1.23596,5.40559,-0.522439E-02
1.23657,5.40825,0.996872E-01
1.23718,5.41092,0.534084
1.23779,5.41359,0.209060
1.23840,5.41626,-0.141133
1.23901,5.41893,-0.135325E-01
1.23962,5.42160,0.129363
1.24023,5.42427,0.200452
1.24084,5.42694,0.190558
1.24146,5.42961,-0.141373E-01
1.24207,5.43228,-0.404594E-01
1.24268,5.43495,0.196102
1.24329,5.43762,0.125395
1.24390,5.44029,-0.127514
1.24451,5.44296,-0.236745
1.24512,5.44563,-0.488376E-01
1.24573,5.44830,0.149796E-01
1.24634,5.45097,0.139941
1.24695,5.45363,-0.594479E-01
1.24756,5.45630,0.526679E-03
1.24817,5.45897,-0.133204E-01
1.24878,5.46164,0.537592E-01
1.24939,5.46431,0.179813
1.25000,5.46698,-0.199528E-01
1.25061,5.46965,0.573066E-01
1.25122,5.47232,0.404157E-01
1.25183,5.47499,-0.638728E-01
1.25244,5.47766,0.145283
1.25305,5.48033,0.207786E-01
1.25366,5.48300,-0.150933E-01
1.25427,5.48567,0.103262
1.25488,5.48834,0.244786E-01
1.25549,5.49101,0.848342E-02
1.25610,5.49368,-0.962786E-02
1.25671,5.49635,-0.390237E-01
1.25732,5.49902,-0.467605E-01
1.25793,5.50168,0.148341E-01
1.25854,5.50435,-0.174988E-01
1.25916,5.50702,0.165901E-02
1.25977,5.50969,-0.232675E-02
1.26038,5.51236,-0.926057E-02
1.26099,5.51503,-0.143589E-01
1.26160,5.51770,0.270959E-01
1.26221,5.52037,-0.436945E-01
1.26282,5.52304,0.163718E-01
1.26343,5.52571,-0.496356E-01
1.26404,5.52838,-0.458162E-01
1.26465,5.53105,-0.319894E-01
1.26526,5.53372,0.895609E-01
1.26587,5.53639,0.917586E-01
1.26648,5.53906,0.931063E-03
1.26709,5.54173,0.979913E-01
1.26770,5.54440,-0.912420E-01
1.26831,5.54706,0.797054E-01
1.26892,5.54973,0.719716E-01
1.26953,5.55240,-0.333171E-01
1.27014,5.55507,-0.107868
1.27075,5.55774,0.274169E-01
1.27136,5.56041,-0.218306E-01
1.27197,5.56308,-0.187174E-01
1.27258,5.56575,-0.213436E-01
1.27319,5.56842,-0.120744E-01
1.27380,5.57109,0.804569E-01
1.27441,5.57376,0.124470
1.27502,5.57643,-0.297923E-01
1.27563,5.57910,0.555142E-01
1.27625,5.58177,-0.492308E-01
1.27686,5.58444,0.283765E-01
1.27747,5.58711,-0.958222E-01
1.27808,5.58978,0.686865E-01
1.27869,5.59244,0.428779E-01
1.27930,5.59511,0.212751E-01
1.27991,5.59778,0.600318E-01
1.28052,5.60045,0.654758E-01
1.28113,5.60312,0.482938E-01
1.28174,5.60579,-0.773731E-02
1.28235,5.60846,-0.265507E-01
1.28296,5.61113,0.116873E-01
1.28357,5.61380,0.110215
1.28418,5.61647,0.131414E-01
1.28479,5.61914,0.184038E-02
1.28540,5.62181,-0.672030E-01
1.28601,5.62448,-0.105991
1.28662,5.62715,-0.261159E-01
1.28723,5.62982,0.676982E-02
1.28784,5.63249,0.665090E-01
1.28845,5.63516,-0.591140E-02
1.28906,5.63783,0.262535E-01
1.28967,5.64049,-0.265254E-01
1.29028,5.64316,0.311964E-01
1.29089,5.64583,0.181301E-01
1.29150,5.64850,0.455101E-01
1.29211,5.65117,0.399414E-01
1.29272,5.65384,-0.121240E-01
1.29333,5.65651,-0.431694E-01
1.29395,5.65918,0.173756
1.29456,5.66185,-0.612876E-01
1.29517,5.66452,0.120769
1.29578,5.66719,-0.650983E-01
1.29639,5.66986,0.171050
1.29700,5.67253,0.112341E-01
1.29761,5.67520,-0.286667E-01
1.29822,5.67787,0.862849E-01
1.29883,5.68054,-0.125496E-01
1.29944,5.68321,0.519351E-01
1.30005,5.68587,0.133948
1.30066,5.68854,0.452323E-02
1.30127,5.69121,0.824412E-01
1.30188,5.69388,-0.679716E-01
1.30249,5.69655,0.494755E-03
1.30310,5.69922,-0.163500E-01
1.30371,5.70189,0.342529E-01
1.30432,5.70456,-0.612818E-02
1.30493,5.70723,0.380878E-01
1.30554,5.70990,-0.280342E-01
1.30615,5.71257,0.966388E-02
1.30676,5.71524,0.209173
1.30737,5.71791,0.296491E-01
1.30798,5.72058,-0.180506E-01
1.30859,5.72325,-0.315935E-01
1.30920,5.72592,0.207503E-01
1.30981,5.72859,-0.134881E-01
1.31042,5.73126,-0.815942E-02
1.31104,5.73392,0.467091E-01
1.31165,5.73659,-0.365992E-01
1.31226,5.73926,0.630621E-02
1.31287,5.74193,-0.591248E-04
1.31348,5.74460,0.825876E-02
1.31409,5.74727,0.767826E-03
1.31470,5.74994,0.808228E-01
1.31531,5.75261,-0.131617E-01
1.31592,5.75528,0.690850E-01
1.31653,5.75795,0.169330E-01
1.31714,5.76062,-0.105892
1.31775,5.76329,-0.151674E-01
1.31836,5.76596,0.300562E-01
1.31897,5.76863,0.557991E-02
1.31958,5.77130,0.961397E-01
1.32019,5.77397,-0.341973E-01
1.32080,5.77664,0.292117E-01
1.32141,5.77930,0.277778
1.32202,5.78197,0.739668E-01
1.32263,5.78464,-0.228601E-02
1.32324,5.78731,-0.113437E-01
1.32385,5.78998,0.375789E-01
1.32446,5.79265,-0.702621E-01
1.32507,5.79532,-0.132620
1.32568,5.79799,-0.442945E-02
1.32629,5.80066,0.673056E-01
1.32690,5.80333,0.185741
1.32751,5.80600,-0.647766E-01
1.32812,5.80867,0.107709E-01
1.32874,5.81134,0.131369
1.32935,5.81401,-0.181089E-01
1.32996,5.81668,-0.538582E-02
1.33057,5.81935,0.702460E-02
1.33118,5.82202,-0.135709E-01
1.33179,5.82468,0.559981E-01
1.33240,5.82735,0.526159E-01
1.33301,5.83002,0.423055E-01
1.33362,5.83269,0.161679
1.33423,5.83536,-0.643198E-01
1.33484,5.83803,0.597542E-02
1.33545,5.84070,0.575664E-01
1.33606,5.84337,0.986723E-01
1.33667,5.84604,0.608805E-02
1.33728,5.84871,-0.218308E-01
1.33789,5.85138,0.199723E-01
1.33850,5.85405,0.235414E-01
1.33911,5.85672,-0.992804E-02
1.33972,5.85939,0.397692E-02
1.34033,5.86206,-0.347739E-01
1.34094,5.86473,0.722486E-01
1.34155,5.86740,0.132813
1.34216,5.87007,-0.484052E-01
1.34277,5.87273,-0.666538E-02
1.34338,5.87540,0.922917E-02
1.34399,5.87807,0.459432E-01
1.34460,5.88074,0.287173E-01
1.34521,5.88341,-0.878250E-02
1.34583,5.88608,0.483093E-01
1.34644,5.88875,-0.193494E-01
1.34705,5.89142,-0.268229E-01
1.34766,5.89409,-0.236853E-01
1.34827,5.89676,0.157078E-01
1.34888,5.89943,-0.278841E-02
1.34949,5.90210,0.339599E-01
1.35010,5.90477,0.193428E-01
1.35071,5.90744,0.186992
1.35132,5.91011,-0.345033E-02
1.35193,5.91278,0.164429E-01
1.35254,5.91545,0.111638E-01
1.35315,5.91811,0.232772E-01
1.35376,5.92078,-0.496127E-01
1.35437,5.92345,0.117531E-01
1.35498,5.92612,-0.752389E-01
1.35559,5.92879,0.445185E-02
1.35620,5.93146,0.203453
1.35681,5.93413,0.153012E-01
1.35742,5.93680,-0.271385E-01
1.35803,5.93947,0.192522E-02
1.35864,5.94214,0.225622E-01
1.35925,5.94481,0.155978E-01
1.35986,5.94748,0.673598E-01
1.36047,5.95015,-0.150693E-01
1.36108,5.95282,-0.350336E-01
1.36169,5.95549,-0.318571E-01
1.36230,5.95816,-0.116956E-01
1.36292,5.96083,0.185099
1.36353,5.96350,-0.213207E-01
1.36414,5.96616,0.384296E-01
1.36475,5.96883,-0.567268E-01
1.36536,5.97150,0.222386E-02
1.36597,5.97417,-0.683412E-01
1.36658,5.97684,-0.861146E-01
1.36719,5.97951,0.139356E-01
1.36780,5.98218,0.231091E-02
1.36841,5.98485,0.977264E-02
1.36902,5.98752,0.108720E-03
1.36963,5.99019,-0.164126E-02
1.37024,5.99286,-0.703331E-01
1.37085,5.99553,0.886306E-01
1.37146,5.99820,-0.191450E-01
1.37207,6.00087,-0.249107E-01
1.37268,6.00354,0.391495E-02
1.37329,6.00621,0.184604
1.37390,6.00888,-0.459513E-01
1.37451,6.01154,0.636548E-01
1.37512,6.01421,0.150756
1.37573,6.01688,-0.418752E-01
1.37634,6.01955,0.114837
1.37695,6.02222,-0.187223E-01
1.37756,6.02489,-0.354313E-01
1.37817,6.02756,0.874062E-02
1.37878,6.03023,-0.483972E-01
1.37939,6.03290,0.102169
1.38000,6.03557,-0.126474
1.38062,6.03824,0.140418
1.38123,6.04091,-0.298233E-01
1.38184,6.04358,-0.237265E-01
1.38245,6.04625,0.110404
1.38306,6.04892,0.312604E-01
1.38367,6.05159,-0.126104E-01
1.38428,6.05426,-0.558747E-01
1.38489,6.05692,0.139601
1.38550,6.05959,-0.629346E-02
1.38611,6.06226,0.491219E-01
1.38672,6.06493,0.996910E-01
1.38733,6.06760,-0.163746E-01
1.38794,6.07027,0.305384E-02
1.38855,6.07294,-0.106594E-02
1.38916,6.07561,0.170681
1.38977,6.07828,-0.307548E-02
1.39038,6.08095,0.209687E-01
1.39099,6.08362,0.117734E-01
1.39160,6.08629,0.114962E-01
1.39221,6.08896,0.122088
1.39282,6.09163,0.433958E-01
1.39343,6.09430,0.113841
1.39404,6.09697,0.966149E-02
1.39465,6.09964,0.314017E-01
1.39526,6.10231,0.336043E-01
1.39587,6.10497,0.345327E-02
1.39648,6.10764,-0.502247E-02
1.39709,6.11031,0.176412
1.39771,6.11298,-0.602133E-01
1.39832,6.11565,-0.262163E-01
1.39893,6.11832,-0.415316E-01
1.39954,6.12099,-0.336086E-01
1.40015,6.12366,-0.104540E-01
1.40076,6.12633,0.263803E-02
1.40137,6.12900,0.148096
1.40198,6.13167,0.673649E-01
1.40259,6.13434,0.562056E-02
1.40320,6.13701,-0.914259E-02
1.40381,6.13968,-0.133894E-02
1.40442,6.14235,-0.383696E-01
1.40503,6.14502,-0.648361E-01
1.40564,6.14769,0.160783
1.40625,6.15035,0.130906
1.40686,6.15302,0.173848E-01
1.40747,6.15569,-0.328558E-01
1.40808,6.15836,0.637371E-01
1.40869,6.16103,-0.860513E-01
1.40930,6.16370,-0.107575E-01
1.40991,6.16637,0.241370
1.41052,6.16904,0.124509
1.41113,6.17171,-0.107015E-01
1.41174,6.17438,-0.266716E-01
1.41235,6.17705,0.259695E-01
1.41296,6.17972,0.145898E-02
1.41357,6.18239,0.944739E-01
1.41418,6.18506,0.313130E-01
1.41479,6.18773,0.690140E-01
1.41541,6.19040,-0.437070E-02
1.41602,6.19307,-0.351876E-01
1.41663,6.19573,0.122423
1.41724,6.19840,-0.160391E-01
1.41785,6.20107,0.344650E-01
1.41846,6.20374,0.104870
1.41907,6.20641,0.508747E-02
1.41968,6.20908,0.387091E-01
1.42029,6.21175,0.465136E-01
1.42090,6.21442,0.954405E-01
1.42151,6.21709,-0.602139E-02
1.42212,6.21976,0.614831E-01
1.42273,6.22243,-0.235387E-01
1.42334,6.22510,0.347949E-01
1.42395,6.22777,0.872059E-02
1.42456,6.23044,0.425809E-01
1.42517,6.23311,-0.140105E-01
1.42578,6.23578,0.261458E-01
1.42639,6.23845,0.814290E-01
1.42700,6.24112,0.575771E-01
1.42761,6.24378,-0.141349E-01
1.42822,6.24645,0.139895E-01
1.42883,6.24912,0.416137E-01
1.42944,6.25179,0.170100E-01
1.43005,6.25446,0.633384E-01
1.43066,6.25713,-0.195058E-01
1.43127,6.25980,-0.300872E-02
1.43188,6.26247,-0.427581E-01
1.43250,6.26514,0.428950E-02
1.43311,6.26781,-0.205882E-01
1.43372,6.27048,0.793434E-01
1.43433,6.27315,0.562884E-01
1.43494,6.27582,0.453574E-02
1.43555,6.27849,0.466431E-01
1.43616,6.28116,0.246902E-01
1.43677,6.28383,0.445841E-01
1.43738,6.28650,0.126960E-01
1.43799,6.28916,-0.282569E-01
1.43860,6.29183,-0.839936E-02
1.43921,6.29450,-0.278872E-01
1.43982,6.29717,-0.763590E-01
1.44043,6.29984,0.897311E-01
1.44104,6.30251,0.240000E-01
1.44165,6.30518,-0.304787E-01
1.44226,6.30785,-0.155262E-01
1.44287,6.31052,0.407529E-01
1.44348,6.31319,0.338354E-01
1.44409,6.31586,-0.975312E-03
1.44470,6.31853,-0.306184E-01
1.44531,6.32120,0.452289E-02
1.44592,6.32387,0.140991E-01
1.44653,6.32654,0.564147E-01
1.44714,6.32921,0.986926E-01
1.44775,6.33188,-0.392047E-01
1.44836,6.33455,0.674123E-02
1.44897,6.33721,0.157214
1.44958,6.33988,0.373208E-01
1.45020,6.34255,0.382991E-01
1.45081,6.34522,-0.579767E-01
1.45142,6.34789,-0.732315E-02
1.45203,6.35056,0.326763E-03
1.45264,6.35323,-0.175786E-01
1.45325,6.35590,-0.591539E-02
1.45386,6.35857,0.694798E-02
1.45447,6.36124,0.204379E-01
1.45508,6.36391,-0.411561E-02
1.45569,6.36658,0.868859E-02
1.45630,6.36925,0.811853E-01
1.45691,6.37192,-0.650863E-02
1.45752,6.37459,0.426383E-01
1.45813,6.37726,0.763139E-01
1.45874,6.37993,-0.263310E-01
1.45935,6.38259,0.153258
1.45996,6.38526,-0.176579E-01
1.46057,6.38793,0.300888E-03
1.46118,6.39060,-0.176149E-01
1.46179,6.39327,0.651326E-01
1.46240,6.39594,0.422478E-01
1.46301,6.39861,0.274370E-01
1.46362,6.40128,0.142809
1.46423,6.40395,-0.924499E-01
1.46484,6.40662,0.542564E-01
1.46545,6.40929,0.157291
1.46606,6.41196,0.180843E-02
1.46667,6.41463,0.267688E-02
1.46729,6.41730,-0.143348E-01
1.46790,6.41997,0.928740E-01
1.46851,6.42264,-0.951388E-02
1.46912,6.42531,-0.572430E-02
1.46973,6.42797,-0.224708E-02
1.47034,6.43064,-0.451590E-01
1.47095,6.43331,0.105275
1.47156,6.43598,0.199240E-01
1.47217,6.43865,-0.481375E-01
1.47278,6.44132,-0.616413E-02
1.47339,6.44399,-0.517232E-01
1.47400,6.44666,0.409223E-02
1.47461,6.44933,-0.288858E-01
1.47522,6.45200,0.145856E-01
1.47583,6.45467,0.376719E-01
1.47644,6.45734,0.831448E-02
1.47705,6.46001,-0.865347E-03
1.47766,6.46268,-0.880371E-02
1.47827,6.46535,0.895864E-01
1.47888,6.46802,0.465282E-01
1.47949,6.47069,0.142371
1.48010,6.47336,0.280810E-01
1.48071,6.47602,0.130968
1.48132,6.47869,-0.255325E-01
1.48193,6.48136,-0.364614E-01
1.48254,6.48403,-0.163212E-01
1.48315,6.48670,0.156539E-01
1.48376,6.48937,0.904104E-01
1.48438,6.49204,-0.279249E-01
1.48499,6.49471,0.409631E-01
1.48560,6.49738,0.635307E-01
1.48621,6.50005,0.674379E-01
1.48682,6.50272,0.249519E-01
1.48743,6.50539,0.221951E-01
1.48804,6.50806,0.479796E-01
1.48865,6.51073,0.231447E-01
1.48926,6.51340,0.800897E-01
1.48987,6.51607,0.167810E-01
1.49048,6.51874,0.730011E-01
1.49109,6.52140,-0.325446E-01
1.49170,6.52407,0.263499E-02
1.49231,6.52674,0.164349E-01
1.49292,6.52941,-0.948067E-01
1.49353,6.53208,-0.139313E-02
1.49414,6.53475,-0.549329E-01
1.49475,6.53742,0.100986
1.49536,6.54009,0.224100E-01
1.49597,6.54276,-0.309384E-01
1.49658,6.54543,0.369073E-01
1.49719,6.54810,0.186580E-01
1.49780,6.55077,-0.434708E-04
1.49841,6.55344,0.349492E-01
1.49902,6.55611,0.173141
1.49963,6.55878,0.165333E-01
1.50024,6.56145,-0.715868E-02
1.50085,6.56412,0.541737E-02
1.50146,6.56679,0.313410E-01
1.50208,6.56945,-0.592837E-01
1.50269,6.57212,0.211787E-01
1.50330,6.57479,-0.314706E-01
1.50391,6.57746,-0.346104E-01
1.50452,6.58013,-0.459647E-02
1.50513,6.58280,0.267497E-01
1.50574,6.58547,0.123900
1.50635,6.58814,0.135391E-01
1.50696,6.59081,-0.757546E-01
1.50757,6.59348,-0.879652E-02
1.50818,6.59615,-0.238998E-01
1.50879,6.59882,0.321094E-01
1.50940,6.60149,0.262534E-01
1.51001,6.60416,-0.114700
1.51062,6.60683,-0.633118E-01
1.51123,6.60950,-0.696043E-02
1.51184,6.61217,0.285020E-01
1.51245,6.61483,0.110311
1.51306,6.61750,0.189654E-01
1.51367,6.62017,0.470857E-01
1.51428,6.62284,-0.355503E-01
1.51489,6.62551,-0.212265E-01
1.51550,6.62818,0.156871E-01
1.51611,6.63085,0.284712E-01
1.51672,6.63352,-0.325989E-01
1.51733,6.63619,-0.438229E-01
1.51794,6.63886,-0.410763E-01
1.51855,6.64153,0.339113E-01
1.51917,6.64420,-0.278422E-01
1.51978,6.64687,-0.924658E-02
1.52039,6.64954,0.833588E-01
1.52100,6.65221,0.521757E-03
1.52161,6.65488,0.285396E-01
1.52222,6.65755,0.358372E-02
1.52283,6.66021,-0.819992E-01
1.52344,6.66288,0.128876E-01
1.52405,6.66555,-0.121812E-01
1.52466,6.66822,0.953021E-03
1.52527,6.67089,0.337197E-01
1.52588,6.67356,0.423194E-01
1.52649,6.67623,0.522355E-01
1.52710,6.67890,-0.123275E-02
1.52771,6.68157,0.149770E-01
1.52832,6.68424,0.736520E-02
1.52893,6.68691,0.147837E-01
1.52954,6.68958,-0.634874E-02
1.53015,6.69225,0.246417E-01
1.53076,6.69492,-0.290320E-01
1.53137,6.69759,0.645462E-02
1.53198,6.70026,-0.199724E-01
1.53259,6.70293,-0.324064E-01
1.53320,6.70560,-0.117812
1.53381,6.70826,0.227304E-01
1.53442,6.71093,0.560234E-02
1.53503,6.71360,0.212936E-01
1.53564,6.71627,-0.744818E-02
1.53625,6.71894,-0.107687
1.53687,6.72161,-0.623530E-02
1.53748,6.72428,0.586267E-02
1.53809,6.72695,-0.182024E-01
1.53870,6.72962,-0.609050E-01
1.53931,6.73229,0.723141E-01
1.53992,6.73496,0.724767E-01
1.54053,6.73763,0.282491E-01
1.54114,6.74030,-0.148761E-01
1.54175,6.74297,-0.940449E-02
1.54236,6.74564,0.175265E-01
1.54297,6.74831,-0.233208E-02
1.54358,6.75098,-0.130255E-02
1.54419,6.75364,0.796757E-02
1.54480,6.75631,-0.168543E-01
1.54541,6.75898,-0.153622E-01
1.54602,6.76165,-0.567537E-04
1.54663,6.76432,0.407455E-01
1.54724,6.76699,-0.289321E-01
1.54785,6.76966,0.100565
1.54846,6.77233,0.461383E-01
1.54907,6.77500,0.980952E-02
1.54968,6.77767,-0.202615E-01
1.55029,6.78034,-0.148952E-01
1.55090,6.78301,0.106220E-01
1.55151,6.78568,-0.124615E-01
1.55212,6.78835,0.215824E-01
1.55273,6.79102,0.247252E-01
1.55334,6.79369,0.232315E-02
1.55396,6.79636,0.649579E-02
1.55457,6.79903,-0.529705E-02
1.55518,6.80169,-0.262298E-01
1.55579,6.80436,-0.684431E-02
1.55640,6.80703,0.313519E-01
1.55701,6.80970,0.155493E-01
1.55762,6.81237,-0.702873E-02
1.55823,6.81504,0.146810E-01
1.55884,6.81771,-0.270206E-01
1.55945,6.82038,-0.426591E-01
1.56006,6.82305,0.124426
1.56067,6.82572,-0.494650E-01
1.56128,6.82839,-0.786101E-01
1.56189,6.83106,-0.207014E-01
1.56250,6.83373,-0.241264E-01
1.56311,6.83640,0.102117E-01
1.56372,6.83907,0.171548E-02
1.56433,6.84174,-0.129549E-01
1.56494,6.84441,0.155070E-01
1.56555,6.84707,0.347492E-01
1.56616,6.84974,-0.889156E-01
1.56677,6.85241,-0.421270E-02
1.56738,6.85508,0.981663E-02
1.56799,6.85775,-0.202057E-01
1.56860,6.86042,-0.257573E-01
1.56921,6.86309,0.288654E-01
1.56982,6.86576,-0.395878E-01
1.57043,6.86843,-0.618741E-02
1.57104,6.87110,0.844889E-02
1.57166,6.87377,-0.127706E-01
1.57227,6.87644,0.794312E-01
1.57288,6.87911,-0.619720E-02
1.57349,6.88178,0.109450E-01
1.57410,6.88445,-0.367391E-01
1.57471,6.88712,0.896045E-01
1.57532,6.88979,0.859903E-02
1.57593,6.89245,-0.250549E-01
1.57654,6.89512,-0.774326E-01
1.57715,6.89779,-0.175728E-01
1.57776,6.90046,-0.156993E-01
1.57837,6.90313,0.595463E-01
1.57898,6.90580,0.140789E-01
1.57959,6.90847,0.169685
1.58020,6.91114,0.191414E-01
1.58081,6.91381,0.151409E-01
1.58142,6.91648,-0.564936E-01
1.58203,6.91915,0.107515E-01
1.58264,6.92182,-0.615096E-01
1.58325,6.92449,-0.211936E-01
1.58386,6.92716,-0.781948E-01
1.58447,6.92983,0.210136E-01
1.58508,6.93250,0.623538E-02
1.58569,6.93517,-0.937016E-02
1.58630,6.93784,-0.189265E-01
1.58691,6.94050,0.312256E-01
1.58752,6.94317,0.223609E-01
1.58813,6.94584,0.725873E-02
1.58875,6.94851,0.414658E-03
1.58936,6.95118,-0.704343E-01
1.58997,6.95385,0.147724E-01
1.59058,6.95652,0.568313E-01
1.59119,6.95919,0.475350E-01
1.59180,6.96186,-0.356774E-01
1.59241,6.96453,0.162576
1.59302,6.96720,-0.938371E-01
1.59363,6.96987,0.410584E-02
1.59424,6.97254,-0.147451E-01
1.59485,6.97521,0.212033E-01
1.59546,6.97788,0.103836
1.59607,6.98055,0.244514E-01
1.59668,6.98322,0.392163E-02
1.59729,6.98588,-0.611928E-01
1.59790,6.98855,0.509811E-02
1.59851,6.99122,-0.292963E-01
1.59912,6.99389,-0.117827E-01
1.59973,6.99656,0.619576E-01
1.60034,6.99923,0.296273E-02
1.60095,7.00190,-0.174292E-01
1.60156,7.00457,0.873630E-02
1.60217,7.00724,0.398948E-01
1.60278,7.00991,0.345065E-01
1.60339,7.01258,0.517740E-01
1.60400,7.01525,-0.158936E-01
1.60461,7.01792,-0.122532E-01
1.60522,7.02059,0.698514E-01
1.60583,7.02326,0.109497E-01
1.60645,7.02593,0.417485E-01
1.60706,7.02860,0.126779E-01
1.60767,7.03126,-0.168287E-01
1.60828,7.03393,0.799193E-01
1.60889,7.03660,-0.188406E-01
1.60950,7.03927,-0.648702E-01
1.61011,7.04194,0.533578E-01
1.61072,7.04461,-0.346415E-01
1.61133,7.04728,-0.636573E-02
1.61194,7.04995,-0.270131E-01
1.61255,7.05262,0.393596E-01
1.61316,7.05529,0.646170E-02
1.61377,7.05796,0.347511E-01
1.61438,7.06063,-0.120615E-01
1.61499,7.06330,0.639505E-01
1.61560,7.06597,-0.373646E-01
1.61621,7.06864,-0.273750E-01
1.61682,7.07131,0.186854E-02
1.61743,7.07398,0.324539E-01
1.61804,7.07665,0.271604E-01
1.61865,7.07931,-0.413643E-01
1.61926,7.08198,-0.794087E-01
1.61987,7.08465,0.591195E-02
1.62048,7.08732,0.923743E-02
1.62109,7.08999,0.333025E-01
1.62170,7.09266,-0.327350E-01
1.62231,7.09533,-0.227976E-01
1.62292,7.09800,-0.352096E-02
1.62354,7.10067,0.445923E-01
1.62415,7.10334,0.551972E-01
1.62476,7.10601,0.398269E-01
1.62537,7.10868,0.390302E-01
1.62598,7.11135,-0.159263E-01
1.62659,7.11402,0.200231E-01
1.62720,7.11669,0.104136E-01
1.62781,7.11936,0.822867E-02
1.62842,7.12203,0.280626E-01
1.62903,7.12469,-0.197852E-02
1.62964,7.12736,0.720032E-02
1.63025,7.13003,0.534271E-01
1.63086,7.13270,0.609997E-02
1.63147,7.13537,0.219198E-01
1.63208,7.13804,0.873091E-01
1.63269,7.14071,-0.985489E-01
1.63330,7.14338,0.153505E-01
1.63391,7.14605,-0.320140E-01
1.63452,7.14872,0.245319E-02
1.63513,7.15139,-0.190112E-01
1.63574,7.15406,0.355632E-01
1.63635,7.15673,0.160230
1.63696,7.15940,-0.112587E-01
1.63757,7.16207,0.145643
1.63818,7.16474,-0.473991E-01
1.63879,7.16741,-0.427300E-01
1.63940,7.17008,0.602206E-01
1.64001,7.17274,0.325953E-01
1.64062,7.17541,0.171948
1.64124,7.17808,0.341593E-01
1.64185,7.18075,0.198304E-01
1.64246,7.18342,-0.637554E-03
1.64307,7.18609,0.416817E-01
1.64368,7.18876,0.163976E-01
1.64429,7.19143,-0.490533E-01
1.64490,7.19410,-0.502030E-02
1.64551,7.19677,-0.763388E-01
1.64612,7.19944,-0.375058E-01
1.64673,7.20211,-0.648795E-02
1.64734,7.20478,0.743912E-01
1.64795,7.20745,0.834702E-01
1.64856,7.21012,0.499239E-01
1.64917,7.21279,0.285732E-01
1.64978,7.21546,0.410470E-01
1.65039,7.21812,0.112861
1.65100,7.22079,0.159919E-01
1.65161,7.22346,0.156150E-01
1.65222,7.22613,0.436271E-02
1.65283,7.22880,0.791996E-01
1.65344,7.23147,-0.956785E-01
1.65405,7.23414,0.161063
1.65466,7.23681,-0.826767E-01
1.65527,7.23948,-0.663991E-01
1.65588,7.24215,0.267438E-01
1.65649,7.24482,-0.331719E-01
1.65710,7.24749,-0.224395E-01
1.65771,7.25016,0.208344E-01
1.65833,7.25283,0.132999E-01
1.65894,7.25550,0.282035E-02
1.65955,7.25817,0.247161E-01
1.66016,7.26084,0.142967E-01
1.66077,7.26350,0.361073E-01
1.66138,7.26617,0.671274E-01
1.66199,7.26884,0.198893E-01
1.66260,7.27151,0.657773E-01
1.66321,7.27418,-0.247263E-01
1.66382,7.27685,-0.137782E-01
1.66443,7.27952,0.540514E-01
1.66504,7.28219,-0.113063
1.66565,7.28486,-0.209197E-01
1.66626,7.28753,0.483763E-02
1.66687,7.29020,0.577128E-02
1.66748,7.29287,0.119968
1.66809,7.29554,0.385153E-01
1.66870,7.29821,0.245578E-01
1.66931,7.30088,-0.184949E-01
1.66992,7.30355,-0.116208E-01
1.67053,7.30622,0.465223E-01
1.67114,7.30889,-0.269638E-02
1.67175,7.31155,0.235078E-01
1.67236,7.31422,0.994747E-01
1.67297,7.31689,0.237816E-02
1.67358,7.31956,-0.114084E-01
1.67419,7.32223,0.498980E-02
1.67480,7.32490,-0.797534E-03
1.67542,7.32757,0.278415E-01
1.67603,7.33024,0.659502E-01
1.67664,7.33291,0.121569
1.67725,7.33558,-0.620614E-02
1.67786,7.33825,0.391198E-02
1.67847,7.34092,0.234137E-01
1.67908,7.34359,0.171297E-01
1.67969,7.34626,0.154099
1.68030,7.34893,0.552583E-02
1.68091,7.35160,-0.250175E-01
1.68152,7.35427,0.483603E-01
1.68213,7.35693,0.201898E-01
1.68274,7.35960,0.410479E-01
1.68335,7.36227,-0.985692E-02
1.68396,7.36494,0.737441E-01
1.68457,7.36761,-0.316166E-01
1.68518,7.37028,0.869888E-01
1.68579,7.37295,-0.822799E-02
1.68640,7.37562,0.797487E-02
1.68701,7.37829,0.118631
1.68762,7.38096,0.320969E-01
1.68823,7.38363,-0.165869E-02
1.68884,7.38630,-0.299051E-01
1.68945,7.38897,-0.200767E-01
1.69006,7.39164,-0.194770E-01
1.69067,7.39431,0.655236E-01
1.69128,7.39698,-0.318171E-01
1.69189,7.39965,-0.127559E-01
1.69250,7.40232,0.430834E-02
1.69312,7.40498,-0.332933E-02
1.69373,7.40765,-0.472769E-02
1.69434,7.41032,-0.952133E-01
1.69495,7.41299,-0.341509E-01
1.69556,7.41566,-0.781886E-01
1.69617,7.41833,0.939924E-02
1.69678,7.42100,0.235940E-01
1.69739,7.42367,0.419196E-01
1.69800,7.42634,-0.178409E-02
1.69861,7.42901,0.574139E-01
1.69922,7.43168,0.115197E-01
1.69983,7.43435,0.196219E-01
1.70044,7.43702,0.384591E-01
1.70105,7.43969,0.332403E-01
1.70166,7.44236,0.203673
1.70227,7.44503,-0.184256E-01
1.70288,7.44770,-0.395640E-01
1.70349,7.45036,-0.815732E-01
1.70410,7.45303,-0.141151E-01
1.70471,7.45570,-0.245215E-01
1.70532,7.45837,0.399186E-01
1.70593,7.46104,0.598152E-02
1.70654,7.46371,0.352564E-01
1.70715,7.46638,0.169278E-01
1.70776,7.46905,0.749053E-02
1.70837,7.47172,0.250185E-01
1.70898,7.47439,0.317568E-01
1.70959,7.47706,0.532845E-01
1.71021,7.47973,0.790678E-02
1.71082,7.48240,0.710980E-01
1.71143,7.48507,0.458908E-01
1.71204,7.48774,-0.178820E-01
1.71265,7.49041,0.584428E-01
1.71326,7.49308,0.380402E-01
1.71387,7.49574,0.420054E-01
1.71448,7.49841,-0.835499E-02
1.71509,7.50108,-0.440568E-01
1.71570,7.50375,-0.541618E-01
1.71631,7.50642,-0.353793E-03
1.71692,7.50909,-0.370254E-01
1.71753,7.51176,-0.457577E-01
1.71814,7.51443,0.121383E-02
1.71875,7.51710,-0.256741E-02
1.71936,7.51977,-0.579801E-02
1.71997,7.52244,-0.685489E-01
1.72058,7.52511,0.272772E-01
1.72119,7.52778,0.454773E-01
1.72180,7.53045,-0.925740E-02
1.72241,7.53312,-0.412004E-01
1.72302,7.53579,-0.105376
1.72363,7.53846,-0.677574E-01
1.72424,7.54113,-0.447663E-02
1.72485,7.54379,0.268825E-02
1.72546,7.54646,0.524517E-01
1.72607,7.54913,-0.426793E-01
1.72668,7.55180,-0.110064
1.72729,7.55447,0.156254E-01
1.72791,7.55714,-0.473335E-01
1.72852,7.55981,0.108876E-02
1.72913,7.56248,0.358680E-02
1.72974,7.56515,0.580071E-01
1.73035,7.56782,-0.143575E-01
1.73096,7.57049,0.283870E-01
1.73157,7.57316,-0.119484E-01
1.73218,7.57583,-0.119199E-01
1.73279,7.57850,-0.123423
1.73340,7.58117,-0.257340E-01
1.73401,7.58384,0.410923E-01
1.73462,7.58651,-0.950637E-01
1.73523,7.58917,0.987625E-01
1.73584,7.59184,-0.244299E-01
1.73645,7.59451,0.217656E-01
1.73706,7.59718,-0.276570E-01
1.73767,7.59985,0.757008E-01
1.73828,7.60252,0.233581E-01
1.73889,7.60519,0.183742E-01
1.73950,7.60786,-0.101761E-01
1.74011,7.61053,0.106399E-01
1.74072,7.61320,0.689834E-01
1.74133,7.61587,0.150658E-01
1.74194,7.61854,0.135377E-02
1.74255,7.62121,0.198674E-01
1.74316,7.62388,-0.244535E-01
1.74377,7.62655,0.197875
1.74438,7.62922,0.278687E-01
1.74500,7.63189,-0.314722E-01
1.74561,7.63455,0.214855E-01
1.74622,7.63722,-0.685443E-02
1.74683,7.63989,0.228744E-01
1.74744,7.64256,0.105456E-01
1.74805,7.64523,-0.380912E-02
1.74866,7.64790,0.295492E-02
1.74927,7.65057,0.346705E-01
1.74988,7.65324,0.336623E-02
1.75049,7.65591,-0.727163E-02
1.75110,7.65858,-0.581623E-02
1.75171,7.66125,0.202007E-01
1.75232,7.66392,0.152171E-01
1.75293,7.66659,0.419801E-01
1.75354,7.66926,0.165260E-01
1.75415,7.67193,0.120789E-01
1.75476,7.67460,0.476994E-02
1.75537,7.67727,0.683957E-02
1.75598,7.67994,-0.368759E-01
1.75659,7.68260,0.395599E-02
1.75720,7.68527,0.514030E-03
1.75781,7.68794,0.459827E-02
1.75842,7.69061,0.175680E-01
1.75903,7.69328,-0.594798E-01
1.75964,7.69595,-0.544681E-02
1.76025,7.69862,0.432994E-01
1.76086,7.70129,-0.311848E-01
1.76147,7.70396,-0.244162E-01
1.76208,7.70663,-0.259606E-01
1.76270,7.70930,0.108227E-01
1.76331,7.71197,-0.673920E-01
1.76392,7.71464,-0.141164E-01
1.76453,7.71731,0.601230E-02
1.76514,7.71998,0.381227E-02
1.76575,7.72265,-0.380838E-01
1.76636,7.72532,0.625082E-02
1.76697,7.72798,0.167895
1.76758,7.73065,0.339283E-01
1.76819,7.73332,-0.364794E-02
1.76880,7.73599,0.928508E-02
1.76941,7.73866,0.336667E-01
1.77002,7.74133,0.270481E-01
1.77063,7.74400,-0.949403E-01
1.77124,7.74667,-0.514107E-01
1.77185,7.74934,0.456464E-01
1.77246,7.75201,0.373701E-01
1.77307,7.75468,0.980585E-02
1.77368,7.75735,-0.935631E-02
1.77429,7.76002,-0.360595E-01
1.77490,7.76269,-0.339184E-01
1.77551,7.76536,-0.255597E-01
1.77612,7.76803,-0.329770E-02
1.77673,7.77070,0.410031E-01
1.77734,7.77337,-0.111404E-01
1.77795,7.77603,-0.945491E-02
1.77856,7.77870,-0.170336E-01
1.77917,7.78137,0.859376E-01
1.77979,7.78404,0.138450
1.78040,7.78671,-0.436355E-01
1.78101,7.78938,0.366164E-02
1.78162,7.79205,-0.474816E-01
1.78223,7.79472,0.701611E-01
1.78284,7.79739,0.446261E-01
1.78345,7.80006,0.690767E-01
1.78406,7.80273,-0.970630E-02
1.78467,7.80540,-0.967230E-02
1.78528,7.80807,-0.676157E-01
1.78589,7.81074,-0.668423E-02
1.78650,7.81341,0.170477E-01
1.78711,7.81608,0.938236E-02
1.78772,7.81875,0.358364E-01
1.78833,7.82141,-0.281513E-02
1.78894,7.82408,0.301666E-01
1.78955,7.82675,-0.789946E-01
1.79016,7.82942,-0.563658E-01
1.79077,7.83209,0.853515E-01
1.79138,7.83476,-0.711692E-02
1.79199,7.83743,-0.111379
1.79260,7.84010,0.150780E-01
1.79321,7.84277,0.134847E-02
1.79382,7.84544,-0.452133E-02
1.79443,7.84811,0.352603E-02
1.79504,7.85078,0.314417E-01
1.79565,7.85345,0.219309E-01
1.79626,7.85612,0.369344E-02
1.79688,7.85879,0.512405E-02
1.79749,7.86146,-0.103408E-01
1.79810,7.86413,0.288590E-02
1.79871,7.86679,0.186051
1.79932,7.86946,-0.174522E-01
1.79993,7.87213,-0.304462E-01
1.80054,7.87480,-0.107764E-01
1.80115,7.87747,-0.116778E-01
1.80176,7.88014,0.534513E-01
1.80237,7.88281,0.458256E-01
1.80298,7.88548,-0.422252E-02
1.80359,7.88815,0.321768E-01
1.80420,7.89082,-0.195448E-01
1.80481,7.89349,0.950285E-01
1.80542,7.89616,0.338776E-01
1.80603,7.89883,0.914684E-01
1.80664,7.90150,0.185025
1.80725,7.90417,-0.105896E-01
1.80786,7.90684,0.478695E-01
1.80847,7.90951,0.763254E-02
1.80908,7.91218,0.143932
1.80969,7.91484,-0.455877E-03
1.81030,7.91751,0.717620E-01
1.81091,7.92018,-0.513722E-01
1.81152,7.92285,-0.167843E-01
1.81213,7.92552,-0.170164E-01
1.81274,7.92819,-0.536242E-01
1.81335,7.93086,0.483205E-01
1.81396,7.93353,0.721596E-02
1.81458,7.93620,-0.294970E-01
1.81519,7.93887,0.119054E-01
1.81580,7.94154,0.230772E-01
1.81641,7.94421,-0.403457E-01
1.81702,7.94688,-0.437805E-01
1.81763,7.94955,0.410104E-01
1.81824,7.95222,-0.151452E-01
1.81885,7.95489,-0.280756E-01
1.81946,7.95756,0.379687E-01
1.82007,7.96022,0.275756E-01
1.82068,7.96289,-0.246106E-02
1.82129,7.96556,0.236191E-01
1.82190,7.96823,-0.249431E-01
1.82251,7.97090,-0.606504E-01
1.82312,7.97357,-0.518468E-01
1.82373,7.97624,0.334315E-02
1.82434,7.97891,0.304394E-01
1.82495,7.98158,-0.329877E-01
1.82556,7.98425,0.917829E-01
1.82617,7.98692,-0.193007E-01
1.82678,7.98959,0.910146E-01
1.82739,7.99226,0.330439E-01
1.82800,7.99493,-0.344650E-02
1.82861,7.99760,0.363918E-01
1.82922,8.00027,0.901503E-01
1.82983,8.00294,-0.782180E-02
1.83044,8.00561,0.112452E-01
1.83105,8.00827,0.179426E-02
1.83167,8.01094,0.625363E-01
1.83228,8.01361,0.262811E-01
1.83289,8.01628,0.503144E-02
1.83350,8.01895,0.113523
1.83411,8.02162,0.259822E-01
1.83472,8.02429,-0.502823E-01
1.83533,8.02696,-0.142444E-01
1.83594,8.02963,-0.104932E-01
1.83655,8.03230,0.458182E-01
1.83716,8.03497,0.716437E-01
1.83777,8.03764,-0.152072E-01
1.83838,8.04031,0.345815E-01
1.83899,8.04298,0.640954E-01
1.83960,8.04565,0.731332E-01
1.84021,8.04832,-0.289051E-01
1.84082,8.05099,0.140696E-01
1.84143,8.05365,-0.546923E-01
1.84204,8.05632,0.329197E-01
1.84265,8.05899,0.555118E-01
1.84326,8.06166,0.365782E-01
1.84387,8.06433,-0.254734E-01
1.84448,8.06700,0.352714E-01
1.84509,8.06967,-0.201898E-01
1.84570,8.07234,0.588998E-01
1.84631,8.07501,-0.103204E-01
1.84692,8.07768,0.175137
1.84753,8.08035,-0.533024E-01
1.84814,8.08302,0.147523E-01
1.84875,8.08569,-0.282598E-01
1.84937,8.08836,-0.356931E-01
1.84998,8.09103,-0.329178E-01
1.85059,8.09370,-0.781933E-01
1.85120,8.09637,-0.551651E-02
1.85181,8.09903,-0.110615E-01
1.85242,8.10170,0.337900E-02
1.85303,8.10437,0.364583E-01
1.85364,8.10704,0.459767E-02
1.85425,8.10971,0.695238E-01
1.85486,8.11238,0.126614E-01
1.85547,8.11505,-0.116617E-01
1.85608,8.11772,0.344716E-01
1.85669,8.12039,-0.190785E-01
1.85730,8.12306,0.250659E-01
1.85791,8.12573,0.428861E-01
1.85852,8.12840,0.484783E-01
1.85913,8.13107,0.410095E-01
1.85974,8.13374,-0.304977E-01
1.86035,8.13641,0.150372E-02
1.86096,8.13908,0.592755E-01
1.86157,8.14175,-0.112098
1.86218,8.14442,-0.307031E-01
1.86279,8.14708,0.313759E-01
1.86340,8.14975,-0.542947E-01
1.86401,8.15242,-0.118055E-01
1.86462,8.15509,-0.970435E-02
1.86523,8.15776,-0.238949E-01
1.86584,8.16043,0.113268E-01
1.86646,8.16310,-0.110706E-02
1.86707,8.16577,-0.643744E-01
1.86768,8.16844,0.695935E-02
1.86829,8.17111,0.235245E-01
1.86890,8.17378,0.790979E-02
1.86951,8.17645,-0.425628E-02
1.87012,8.17912,0.393544E-01
1.87073,8.18179,0.687165E-02
1.87134,8.18446,0.555522E-01
1.87195,8.18713,-0.329569E-02
1.87256,8.18980,0.677427E-01
1.87317,8.19246,-0.205788E-01
1.87378,8.19513,-0.264494E-02
1.87439,8.19780,-0.177672E-01
1.87500,8.20047,0.220593E-01
1.87561,8.20314,-0.663735E-01
1.87622,8.20581,0.640092E-01
1.87683,8.20848,0.104206E-01
1.87744,8.21115,0.146647E-01
1.87805,8.21382,-0.452194E-01
1.87866,8.21649,0.277674E-01
1.87927,8.21916,0.826357E-02
1.87988,8.22183,-0.632039E-01
1.88049,8.22450,0.122321
1.88110,8.22717,0.417377E-01
1.88171,8.22984,0.624478E-01
1.88232,8.23251,-0.837980E-02
1.88293,8.23518,0.720416E-02
1.88354,8.23784,0.373817E-01
1.88416,8.24051,0.112294E-02
1.88477,8.24318,0.308630E-02
1.88538,8.24585,0.875028E-01
1.88599,8.24852,0.405745E-01
1.88660,8.25119,-0.356556E-02
1.88721,8.25386,-0.329482E-02
1.88782,8.25653,0.319419E-01
1.88843,8.25920,0.866593E-02
1.88904,8.26187,-0.373716E-01
1.88965,8.26454,-0.230427E-01
1.89026,8.26721,-0.149359E-01
1.89087,8.26988,-0.599063E-02
1.89148,8.27255,-0.287556E-01
1.89209,8.27522,0.365040E-02
1.89270,8.27789,-0.306949E-01
1.89331,8.28056,0.616306E-01
1.89392,8.28323,0.207150E-01
1.89453,8.28589,0.715890E-01
1.89514,8.28856,0.159725
1.89575,8.29123,0.523521E-01
1.89636,8.29390,0.444576E-01
1.89697,8.29657,0.702741E-02
1.89758,8.29924,0.104619E-01
1.89819,8.30191,0.580613E-01
1.89880,8.30458,0.105311E-02
1.89941,8.30725,-0.118343E-01
1.90002,8.30992,0.842120E-01
1.90063,8.31259,0.376190E-01
1.90125,8.31526,0.424973E-01
1.90186,8.31793,0.114841
1.90247,8.32060,-0.426021E-01
1.90308,8.32327,0.163496E-01
1.90369,8.32594,0.572725E-01
1.90430,8.32861,0.108465E-01
1.90491,8.33127,-0.402256E-01
1.90552,8.33394,0.109048
1.90613,8.33661,0.101781
1.90674,8.33928,0.743801E-01
1.90735,8.34195,0.440200E-02
1.90796,8.34462,-0.710440E-02
1.90857,8.34729,-0.238762E-02
1.90918,8.34996,0.167429E-01
1.90979,8.35263,0.100301
1.91040,8.35530,0.476824E-02
1.91101,8.35797,-0.325487E-01
1.91162,8.36064,0.108409E-01
1.91223,8.36331,0.132689E-01
1.91284,8.36598,0.566413E-01
1.91345,8.36865,-0.599302E-02
1.91406,8.37132,0.287840E-01
1.91467,8.37399,0.195934E-02
1.91528,8.37666,-0.434204E-01
1.91589,8.37932,0.839721E-01
1.91650,8.38199,0.362397E-01
1.91711,8.38466,0.104553
1.91772,8.38733,-0.113437
1.91833,8.39000,-0.148394E-02
1.91895,8.39267,0.276899E-02
1.91956,8.39534,0.745849E-01
1.92017,8.39801,-0.311193E-01
1.92078,8.40068,-0.472210E-02
1.92139,8.40335,0.114565
1.92200,8.40602,0.143821E-01
1.92261,8.40869,-0.226428E-01
1.92322,8.41136,0.110862E-01
1.92383,8.41403,-0.614379E-02
1.92444,8.41670,0.767249E-02
1.92505,8.41937,0.586751E-01
1.92566,8.42204,0.734402E-01
1.92627,8.42470,0.668872E-01
1.92688,8.42737,0.280965E-01
1.92749,8.43004,-0.389150E-01
1.92810,8.43271,0.527490E-01
1.92871,8.43538,0.508110E-01
1.92932,8.43805,-0.133024E-03
1.92993,8.44072,0.353385E-01
1.93054,8.44339,0.893003E-01
1.93115,8.44606,0.123660E-01
1.93176,8.44873,-0.584805E-01
1.93237,8.45140,0.489879E-01
1.93298,8.45407,-0.367161E-02
1.93359,8.45674,0.559562E-01
1.93420,8.45941,0.523010E-01
1.93481,8.46208,0.214086E-01
1.93542,8.46475,0.108993E-01
1.93604,8.46742,-0.938339E-02
1.93665,8.47008,0.203850
1.93726,8.47275,0.136978
1.93787,8.47542,-0.905406E-02
1.93848,8.47809,-0.128225E-01
1.93909,8.48076,-0.683140E-01
1.93970,8.48343,-0.137430
1.94031,8.48610,0.292699E-01
1.94092,8.48877,-0.150511
1.94153,8.49144,0.230354E-01
1.94214,8.49411,0.932063E-01
1.94275,8.49678,-0.119397E-02
1.94336,8.49945,-0.198543E-01
1.94397,8.50212,-0.563121E-02
1.94458,8.50479,0.799327E-01
1.94519,8.50746,0.557414E-01
1.94580,8.51013,0.319069E-01
1.94641,8.51280,0.359974E-01
1.94702,8.51547,0.100712
1.94763,8.51813,0.241722
1.94824,8.52080,-0.634473E-01
1.94885,8.52347,0.720125E-01
1.94946,8.52614,-0.710701E-02
1.95007,8.52881,-0.592146E-02
1.95068,8.53148,0.194593E-01
1.95129,8.53415,0.289578E-01
1.95190,8.53682,0.523253E-01
1.95251,8.53949,0.751334E-01
1.95312,8.54216,-0.977737E-02
1.95374,8.54483,0.493664E-02
1.95435,8.54750,0.167800E-01
1.95496,8.55017,0.367062E-01
1.95557,8.55284,-0.901255E-02
1.95618,8.55551,0.295951E-02
1.95679,8.55818,-0.268206E-01
1.95740,8.56085,0.288012E-01
1.95801,8.56351,-0.254890E-03
1.95862,8.56618,-0.975242E-02
1.95923,8.56885,-0.210096E-01
1.95984,8.57152,-0.103151
1.96045,8.57419,0.567989E-01
1.96106,8.57686,0.289824E-01
1.96167,8.57953,-0.228886E-01
1.96228,8.58220,0.105063
1.96289,8.58487,0.264603E-01
1.96350,8.58754,0.710023E-02
1.96411,8.59021,0.295228E-01
1.96472,8.59288,-0.357144E-01
1.96533,8.59555,-0.393577E-01
1.96594,8.59822,-0.692096E-02
1.96655,8.60089,-0.273869E-02
1.96716,8.60356,0.119412
1.96777,8.60623,0.663686E-01
1.96838,8.60890,-0.232688E-01
1.96899,8.61156,-0.629094E-01
1.96960,8.61423,-0.434688E-02
1.97021,8.61690,0.177154E-01
1.97083,8.61957,-0.815021E-03
1.97144,8.62224,0.873513E-01
1.97205,8.62491,0.325914E-02
1.97266,8.62758,-0.142317E-01
1.97327,8.63025,0.108998E-03
1.97388,8.63292,-0.506070E-03
1.97449,8.63559,-0.131339E-01
1.97510,8.63826,0.219233E-01
1.97571,8.64093,-0.405652E-01
1.97632,8.64360,-0.140619E-01
1.97693,8.64627,-0.988467E-02
1.97754,8.64894,0.102414
1.97815,8.65161,-0.601167E-01
1.97876,8.65428,0.588857E-02
1.97937,8.65694,-0.187410E-02
1.97998,8.65961,0.430441E-01
1.98059,8.66228,0.206484E-02
1.98120,8.66495,0.103266E-02
1.98181,8.66762,0.295740E-04
1.98242,8.67029,0.688447E-01
1.98303,8.67296,0.618118E-02
1.98364,8.67563,0.324380E-01
1.98425,8.67830,-0.679934E-02
1.98486,8.68097,0.569616E-01
1.98547,8.68364,0.115065E-01
1.98608,8.68631,0.416969E-01
1.98669,8.68898,-0.168106E-01
1.98730,8.69165,-0.808594E-03
1.98792,8.69432,0.256254E-01
1.98853,8.69699,-0.347745E-02
1.98914,8.69966,0.612216E-02
1.98975,8.70232,-0.194452E-01
1.99036,8.70499,-0.124199E-01
1.99097,8.70766,0.120492E-01
1.99158,8.71033,0.245119E-01
1.99219,8.71300,0.518261E-01
1.99280,8.71567,0.558474E-01
1.99341,8.71834,0.342967E-01
1.99402,8.72101,-0.400552E-01
1.99463,8.72368,-0.239663E-02
1.99524,8.72635,-0.478922E-02
1.99585,8.72902,0.228536E-01
1.99646,8.73169,0.496245E-01
1.99707,8.73436,0.252293E-01
1.99768,8.73703,-0.659451E-02
1.99829,8.73970,0.122579E-01
1.99890,8.74237,-0.234555E-01
1.99951,8.74504,0.380421E-01
2.00012,8.74771,-0.546071E-02
2.00073,8.75037,0.667312E-01
2.00134,8.75304,-0.723016E-02
2.00195,8.75571,-0.345667E-01
2.00256,8.75838,0.175069E-01
2.00317,8.76105,0.219250E-01
2.00378,8.76372,0.386044E-01
2.00439,8.76639,-0.577193E-02
2.00500,8.76906,0.173976
2.00562,8.77173,0.212988E-01
2.00623,8.77440,-0.234242E-01
2.00684,8.77707,-0.172243E-02
2.00745,8.77974,0.234337E-01
2.00806,8.78241,-0.173120E-01
2.00867,8.78508,0.796915E-01
2.00928,8.78775,-0.674708E-01
2.00989,8.79042,0.474210E-01
2.01050,8.79309,-0.812528E-01
2.01111,8.79575,0.656150E-01
2.01172,8.79842,0.393180E-02
2.01233,8.80109,0.832998E-01
2.01294,8.80376,-0.907403E-02
2.01355,8.80643,-0.605320E-01
2.01416,8.80910,0.235960E-01
2.01477,8.81177,0.926276E-03
2.01538,8.81444,0.414670E-01
2.01599,8.81711,-0.823751E-01
2.01660,8.81978,-0.364750E-01
2.01721,8.82245,0.238304E-01
2.01782,8.82512,0.154463E-01
2.01843,8.82779,-0.207504E-02
2.01904,8.83046,-0.393097E-02
2.01965,8.83313,0.471325E-02
2.02026,8.83580,-0.270834E-02
2.02087,8.83847,0.181518E-01
2.02148,8.84113,0.827173E-01
2.02209,8.84380,0.439411E-01
2.02271,8.84647,0.114005E-01
2.02332,8.84914,-0.101409E-02
2.02393,8.85181,-0.253753E-02
2.02454,8.85448,0.113252E-01
2.02515,8.85715,0.546641E-01
2.02576,8.85982,-0.391132E-01
2.02637,8.86249,0.567253E-01
2.02698,8.86516,-0.625634E-01
2.02759,8.86783,-0.900766E-02
2.02820,8.87050,0.465611E-01
2.02881,8.87317,-0.216763E-01
2.02942,8.87584,0.377390E-02
2.03003,8.87851,-0.448971E-01
2.03064,8.88118,-0.596962E-01
2.03125,8.88385,-0.230802E-02
2.03186,8.88652,0.247825E-01
2.03247,8.88918,0.242268E-01
2.03308,8.89185,-0.176389E-01
2.03369,8.89452,0.275592E-01
2.03430,8.89719,0.136272E-01
2.03491,8.89986,0.437838E-01
2.03552,8.90253,0.156151
2.03613,8.90520,0.690749E-02
2.03674,8.90787,0.269758E-02
2.03735,8.91054,-0.143177E-02
2.03796,8.91321,0.153072E-01
2.03857,8.91588,0.316477E-01
2.03918,8.91855,0.178367E-01
2.03979,8.92122,-0.566170E-01
2.04041,8.92389,0.317968E-01
2.04102,8.92656,0.203355E-02
2.04163,8.92923,0.700681E-03
2.04224,8.93190,-0.150275E-01
2.04285,8.93456,0.770462E-03
2.04346,8.93723,-0.523430E-01
2.04407,8.93990,0.211692E-01
2.04468,8.94257,0.543520E-01
2.04529,8.94524,-0.204343E-01
2.04590,8.94791,-0.623341E-01
2.04651,8.95058,0.369529E-01
2.04712,8.95325,0.544770E-01
2.04773,8.95592,0.170976
2.04834,8.95859,-0.499009E-01
2.04895,8.96126,0.176451E-01
2.04956,8.96393,0.578584E-01
2.05017,8.96660,0.463140E-01
2.05078,8.96927,-0.753282E-01
2.05139,8.97194,0.191013E-01
2.05200,8.97461,-0.144417E-01
2.05261,8.97728,-0.591000E-01
2.05322,8.97995,0.172811E-02
2.05383,8.98261,-0.255824E-01
2.05444,8.98528,-0.947662E-02
2.05505,8.98795,0.920159E-02
2.05566,8.99062,0.669600E-01
2.05627,8.99329,-0.119887
2.05688,8.99596,0.639819E-02
2.05750,8.99863,-0.599941E-01
2.05811,9.00130,0.756635E-01
2.05872,9.00397,0.645980E-01
2.05933,9.00664,0.639665E-01
2.05994,9.00931,0.114711
2.06055,9.01198,0.134015
2.06116,9.01465,-0.467823E-01
2.06177,9.01732,0.674044E-01
2.06238,9.01999,-0.103069E-01
2.06299,9.02266,-0.560202E-02
2.06360,9.02533,-0.192719E-01
2.06421,9.02799,0.432914E-03
2.06482,9.03066,-0.396177E-01
2.06543,9.03333,0.976611E-01
2.06604,9.03600,0.133226E-02
2.06665,9.03867,0.280503E-01
2.06726,9.04134,-0.276795E-01
2.06787,9.04401,0.349858E-01
2.06848,9.04668,0.255201E-02
2.06909,9.04935,0.125034
2.06970,9.05202,-0.520221E-02
2.07031,9.05469,-0.377527E-01
2.07092,9.05736,0.411060E-02
2.07153,9.06003,-0.912079E-02
2.07214,9.06270,0.132501E-01
2.07275,9.06537,-0.238987E-01
2.07336,9.06804,0.252423E-01
2.07397,9.07071,0.890195E-01
2.07458,9.07337,0.231738E-01
2.07520,9.07604,0.746040E-03
2.07581,9.07871,-0.485437E-02
2.07642,9.08138,0.823765E-03
2.07703,9.08405,-0.531459E-02
2.07764,9.08672,0.498913E-01
2.07825,9.08939,-0.660758E-01
2.07886,9.09206,-0.274641E-01
2.07947,9.09473,0.604216E-01
2.08008,9.09740,0.473523E-01
2.08069,9.10007,0.557132E-01
2.08130,9.10274,0.172880E-02
2.08191,9.10541,0.144230
2.08252,9.10808,0.163356E-02
2.08313,9.11075,0.178018E-01
2.08374,9.11342,0.217392E-02
2.08435,9.11609,0.574620E-01
2.08496,9.11876,0.211901E-02
2.08557,9.12142,0.613604E-01
2.08618,9.12409,0.439679E-02
2.08679,9.12676,0.638089E-01
2.08740,9.12943,0.245522E-01
2.08801,9.13210,0.186456E-02
2.08862,9.13477,0.141790E-01
2.08923,9.13744,0.379715E-01
2.08984,9.14011,-0.111055E-01
2.09045,9.14278,0.451335E-01
2.09106,9.14545,-0.350628E-01
2.09167,9.14812,0.624524E-02
2.09229,9.15079,0.538122E-01
2.09290,9.15346,-0.542456E-01
2.09351,9.15613,0.136112
2.09412,9.15880,-0.153566
2.09473,9.16147,-0.100439E-02
2.09534,9.16414,-0.624670E-01
2.09595,9.16680,0.175688E-01
2.09656,9.16947,-0.129740E-01
2.09717,9.17214,-0.462839E-01
2.09778,9.17481,-0.199636E-01
2.09839,9.17748,0.286550E-01
2.09900,9.18015,0.908151E-01
2.09961,9.18282,-0.284729E-01
2.10022,9.18549,0.117302E-01
2.10083,9.18816,-0.517980E-02
2.10144,9.19083,-0.392341E-01
2.10205,9.19350,0.664597E-01
2.10266,9.19617,0.248083E-01
2.10327,9.19884,-0.198601E-01
2.10388,9.20151,-0.294775E-02
2.10449,9.20418,-0.124494E-01
2.10510,9.20685,0.222351E-01
2.10571,9.20952,0.199949E-01
2.10632,9.21219,0.838947E-01
2.10693,9.21485,0.154164E-01
2.10754,9.21752,0.207822E-01
2.10815,9.22019,-0.131804E-02
2.10876,9.22286,0.403082E-01
2.10938,9.22553,0.137525E-02
2.10999,9.22820,0.358814E-02
2.11060,9.23087,0.257104E-01
2.11121,9.23354,-0.122723E-01
2.11182,9.23621,-0.136738E-01
2.11243,9.23888,-0.197191E-01
2.11304,9.24155,-0.705753E-01
2.11365,9.24422,-0.396526E-01
2.11426,9.24689,-0.696695E-01
2.11487,9.24956,0.346190E-02
2.11548,9.25223,-0.355984E-03
2.11609,9.25490,-0.114225E-01
2.11670,9.25757,0.186521E-01
2.11731,9.26023,0.417807E-01
2.11792,9.26290,-0.498245E-01
2.11853,9.26557,0.267374E-01
2.11914,9.26824,-0.111339E-01
2.11975,9.27091,-0.129507E-01
2.12036,9.27358,-0.177417E-01
2.12097,9.27625,0.692417E-01
2.12158,9.27892,0.521530E-01
2.12219,9.28159,0.494330E-02
2.12280,9.28426,0.273063E-01
2.12341,9.28693,0.704029E-01
2.12402,9.28960,0.406273E-01
2.12463,9.29227,-0.259087E-01
2.12524,9.29494,-0.410995E-01
2.12585,9.29761,0.409389E-01
2.12646,9.30028,0.241337E-01
2.12708,9.30295,-0.813409E-02
2.12769,9.30561,0.120042E-01
2.12830,9.30828,0.118244
2.12891,9.31095,0.205085E-01
2.12952,9.31362,-0.276700E-01
2.13013,9.31629,-0.922833E-02
2.13074,9.31896,0.194765E-01
2.13135,9.32163,-0.704579E-02
2.13196,9.32430,-0.823932E-02
2.13257,9.32697,0.117027E-01
2.13318,9.32964,-0.406062E-01
2.13379,9.33231,-0.521673E-01
2.13440,9.33498,-0.112189E-02
2.13501,9.33765,0.138752E-01
2.13562,9.34032,-0.343398E-02
2.13623,9.34299,0.821865E-02
2.13684,9.34566,0.445103E-02
2.13745,9.34833,0.719423E-01
2.13806,9.35100,-0.690421E-01
2.13867,9.35366,-0.973281E-02
2.13928,9.35633,-0.158681E-01
2.13989,9.35900,0.361656E-01
2.14050,9.36167,-0.214328E-01
2.14111,9.36434,0.217619E-01
2.14172,9.36701,0.605851E-01
2.14233,9.36968,0.290705E-02
2.14294,9.37235,-0.846836E-02
2.14355,9.37502,-0.129283E-01
2.14417,9.37769,-0.269474E-02
2.14478,9.38036,-0.343628E-01
2.14539,9.38303,0.847063E-02
2.14600,9.38570,0.302124E-01
2.14661,9.38837,-0.213219E-01
2.14722,9.39104,-0.231386E-01
2.14783,9.39371,-0.281755E-01
2.14844,9.39638,-0.115365E-01
2.14905,9.39904,0.451202E-01
2.14966,9.40171,-0.215072E-01
2.15027,9.40438,0.799269E-02
2.15088,9.40705,0.230005E-01
2.15149,9.40972,0.495696E-01
2.15210,9.41239,-0.867605E-02
2.15271,9.41506,0.316586E-01
2.15332,9.41773,0.591393E-01
2.15393,9.42040,0.588780E-02
2.15454,9.42307,-0.977292E-02
2.15515,9.42574,0.294472E-01
2.15576,9.42841,0.515872E-01
2.15637,9.43108,0.344472E-01
2.15698,9.43375,-0.137570E-01
2.15759,9.43642,0.212317E-01
2.15820,9.43909,0.387077E-01
2.15881,9.44176,-0.182311E-01
2.15942,9.44442,-0.271064E-01
2.16003,9.44709,-0.344207E-01
2.16064,9.44976,-0.660680E-01
2.16125,9.45243,-0.298688E-02
2.16187,9.45510,-0.235478E-01
2.16248,9.45777,0.216325E-02
2.16309,9.46044,0.282821E-01
2.16370,9.46311,0.154637
2.16431,9.46578,0.135378E-01
2.16492,9.46845,-0.583547E-03
2.16553,9.47112,-0.635904E-01
2.16614,9.47379,-0.786223E-02
2.16675,9.47646,0.793269E-02
2.16736,9.47913,-0.295349E-01
2.16797,9.48180,-0.251636E-01
2.16858,9.48447,0.546174E-01
2.16919,9.48714,0.276659E-02
2.16980,9.48981,-0.899362E-02
2.17041,9.49247,0.160282E-01
2.17102,9.49514,0.475767E-02
2.17163,9.49781,-0.692186E-02
2.17224,9.50048,0.538621E-03
2.17285,9.50315,0.352132E-01
2.17346,9.50582,-0.236762E-01
2.17407,9.50849,-0.564381E-03
2.17468,9.51116,0.151431
2.17529,9.51383,0.140321E-01
2.17590,9.51650,-0.696906E-02
2.17651,9.51917,-0.323052E-01
2.17712,9.52184,0.287634E-02
2.17773,9.52451,-0.721903E-02
2.17834,9.52718,-0.327559E-01
2.17896,9.52985,0.105651
2.17957,9.53252,0.555885E-01
2.18018,9.53519,0.247069E-01
2.18079,9.53785,0.642992E-02
2.18140,9.54052,-0.174741E-01
2.18201,9.54319,0.654162E-01
2.18262,9.54586,0.154854E-02
2.18323,9.54853,-0.187481E-02
2.18384,9.55120,0.325174E-01
2.18445,9.55387,0.831957E-03
2.18506,9.55654,-0.409908E-01
2.18567,9.55921,0.397453E-03
2.18628,9.56188,-0.754963E-02
2.18689,9.56455,0.488775E-01
2.18750,9.56722,0.132645E-01
2.18811,9.56989,-0.184547E-01
2.18872,9.57256,0.788237E-01
2.18933,9.57523,0.465985E-01
2.18994,9.57790,0.175849
2.19055,9.58057,-0.123921E-01
2.19116,9.58324,0.683149E-01
2.19177,9.58590,-0.113269E-01
2.19238,9.58857,0.232249E-02
2.19299,9.59124,-0.130749E-01
2.19360,9.59391,-0.345043E-02
2.19421,9.59658,-0.135368E-01
2.19482,9.59925,0.758806E-02
2.19543,9.60192,0.233369E-01
2.19604,9.60459,-0.266943E-01
2.19666,9.60726,-0.153356E-01
2.19727,9.60993,-0.461535E-02
2.19788,9.61260,0.266271E-01
2.19849,9.61527,-0.252518E-02
2.19910,9.61794,-0.987012E-01
2.19971,9.62061,0.203751E-02
2.20032,9.62328,0.402010E-01
2.20093,9.62595,0.815002E-03
2.20154,9.62862,0.900482E-01
2.20215,9.63128,0.711183E-01
2.20276,9.63395,-0.333509E-02
2.20337,9.63662,0.619763E-01
2.20398,9.63929,0.280661E-01
2.20459,9.64196,-0.138307E-02
2.20520,9.64463,0.122347E-01
2.20581,9.64730,-0.522214E-02
2.20642,9.64997,0.140570
2.20703,9.65264,0.273303E-01
2.20764,9.65531,-0.234381E-01
2.20825,9.65798,-0.285085E-01
2.20886,9.66065,-0.983054E-01
2.20947,9.66332,0.215000
2.21008,9.66599,0.240713E-01
2.21069,9.66866,-0.778392E-01
2.21130,9.67133,0.100242E-01
2.21191,9.67400,-0.422419E-01
2.21252,9.67666,-0.182534E-01
2.21313,9.67933,-0.259859E-01
2.21375,9.68200,-0.852540E-02
2.21436,9.68467,-0.294452E-01
2.21497,9.68734,-0.134611E-02
2.21558,9.69001,0.132039
2.21619,9.69268,0.314889E-02
2.21680,9.69535,-0.177294E-01
2.21741,9.69802,0.333364E-02
2.21802,9.70069,-0.398187E-02
2.21863,9.70336,-0.839741E-01
2.21924,9.70603,-0.417839E-01
2.21985,9.70870,0.178044E-01
2.22046,9.71137,0.193593
2.22107,9.71404,0.109647
2.22168,9.71671,-0.257748E-01
2.22229,9.71938,0.262348E-02
2.22290,9.72205,0.361851E-01
2.22351,9.72471,0.108561E-01
2.22412,9.72738,-0.127936E-01
2.22473,9.73005,0.157894E-02
2.22534,9.73272,-0.954425E-01
2.22595,9.73539,0.203773E-01
2.22656,9.73806,0.251498E-02
2.22717,9.74073,0.678083E-03
2.22778,9.74340,0.262357E-02
2.22839,9.74607,0.552123E-02
2.22900,9.74874,0.206138E-01
2.22961,9.75141,-0.263371E-01
2.23022,9.75408,0.168716E-01
2.23083,9.75675,-0.150835E-01
2.23145,9.75942,-0.648173E-01
2.23206,9.76209,0.635041E-02
2.23267,9.76476,0.353464E-01
2.23328,9.76743,0.166940E-01
2.23389,9.77009,0.130437E-02
2.23450,9.77276,-0.140493E-01
2.23511,9.77543,-0.826643E-02
2.23572,9.77810,0.288679E-01
2.23633,9.78077,-0.120156E-01
2.23694,9.78344,0.102193E-01
2.23755,9.78611,0.533391E-02
2.23816,9.78878,0.253231E-02
2.23877,9.79145,-0.137029E-01
2.23938,9.79412,-0.669574E-01
2.23999,9.79679,-0.152267E-01
2.24060,9.79946,-0.417218E-02
2.24121,9.80213,0.970730E-02
2.24182,9.80480,0.105735E-01
2.24243,9.80747,0.742435E-02
2.24304,9.81014,-0.292290E-01
2.24365,9.81281,0.270393E-03
2.24426,9.81548,0.488908E-01
2.24487,9.81814,-0.429820E-02
2.24548,9.82081,0.936482E-02
2.24609,9.82348,0.353340E-01
2.24670,9.82615,0.122057E-01
2.24731,9.82882,0.133725
2.24792,9.83149,0.579270E-01
2.24854,9.83416,0.690985E-03
2.24915,9.83683,-0.237047E-01
2.24976,9.83950,0.313996E-02
2.25037,9.84217,-0.338534E-01
2.25098,9.84484,0.512486E-02
2.25159,9.84751,0.505927E-03
2.25220,9.85018,-0.268165E-01
2.25281,9.85285,0.788243E-02
2.25342,9.85552,0.143647E-03
2.25403,9.85819,-0.747464E-01
2.25464,9.86086,-0.207645E-01
2.25525,9.86352,0.155311
2.25586,9.86619,0.149902
2.25647,9.86886,0.768785E-01
2.25708,9.87153,-0.473056E-01
2.25769,9.87420,-0.549000E-01
2.25830,9.87687,0.704696E-01
2.25891,9.87954,0.150372E-01
2.25952,9.88221,-0.344939E-01
2.26013,9.88488,-0.709508E-02
2.26074,9.88755,0.202587E-01
2.26135,9.89022,0.292553E-01
2.26196,9.89289,0.728562E-02
2.26257,9.89556,-0.236671E-01
2.26318,9.89823,0.154625E-01
2.26379,9.90090,-0.238891E-01
2.26440,9.90357,0.357041E-01
2.26501,9.90624,-0.347685E-01
2.26562,9.90890,-0.715824E-02
2.26624,9.91157,0.344417E-01
2.26685,9.91424,0.703339E-01
2.26746,9.91691,0.390561E-01
2.26807,9.91958,0.305953E-01
2.26868,9.92225,-0.167672E-01
2.26929,9.92492,0.742861E-01
2.26990,9.92759,-0.458518E-01
2.27051,9.93026,0.316593E-01
2.27112,9.93293,0.118558E-02
2.27173,9.93560,0.377618E-01
2.27234,9.93827,-0.153616E-01
2.27295,9.94094,0.243710E-02
2.27356,9.94361,-0.148755E-02
2.27417,9.94628,0.186919E-01
2.27478,9.94895,0.941730E-02
2.27539,9.95162,0.124872E-01
2.27600,9.95429,0.384552E-01
2.27661,9.95695,-0.753620E-02
2.27722,9.95962,0.493175E-01
2.27783,9.96229,0.919750E-02
2.27844,9.96496,0.376686E-01
2.27905,9.96763,0.430813E-01
2.27966,9.97030,0.410473E-01
2.28027,9.97297,0.381205E-02
2.28088,9.97564,0.212652E-01
2.28149,9.97831,0.245811E-02
2.28210,9.98098,0.282668E-01
2.28271,9.98365,-0.590146E-01
2.28333,9.98632,-0.400979E-01
2.28394,9.98899,-0.109144E-01
2.28455,9.99166,-0.105572E-01
2.28516,9.99433,0.935081E-02
2.28577,9.99700,-0.117176E-01
2.28638,9.99967,-0.191169E-01
2.28699,10.0023,0.204724E-01
2.28760,10.0050,0.133283E-01
2.28821,10.0077,0.336310E-01
2.28882,10.0103,-0.164774E-01
2.28943,10.0130,-0.372788E-01
2.29004,10.0157,-0.639359E-01
2.29065,10.0184,-0.506017E-01
2.29126,10.0210,-0.365042E-01
2.29187,10.0237,0.155141
2.29248,10.0264,0.124743E-01
2.29309,10.0290,-0.709089E-02
2.29370,10.0317,-0.642588E-01
2.29431,10.0344,0.904626E-01
2.29492,10.0370,0.209462E-01
2.29553,10.0397,0.367108E-01
2.29614,10.0424,-0.708914E-03
2.29675,10.0450,0.686912E-01
2.29736,10.0477,0.113912E-01
2.29797,10.0504,0.132784
2.29858,10.0531,0.625864E-01
2.29919,10.0557,-0.689334E-03
2.29980,10.0584,0.474276E-01
2.30042,10.0611,-0.822471E-02
2.30103,10.0637,0.724180E-01
2.30164,10.0664,-0.962340E-02
2.30225,10.0691,0.128421E-01
2.30286,10.0717,0.161741E-01
2.30347,10.0744,0.169563E-01
2.30408,10.0771,-0.888845E-01
2.30469,10.0797,-0.396782E-01
2.30530,10.0824,0.443522E-01
2.30591,10.0851,-0.184541E-01
2.30652,10.0878,-0.155056E-01
2.30713,10.0904,0.519489E-02
2.30774,10.0931,-0.833838E-02
2.30835,10.0958,-0.678765E-02
2.30896,10.0984,-0.178189E-01
2.30957,10.1011,-0.110386
2.31018,10.1038,0.639142E-02
2.31079,10.1064,0.146211
2.31140,10.1091,0.947886E-01
2.31201,10.1118,-0.767045E-01
2.31262,10.1145,-0.142773E-01
2.31323,10.1171,-0.305898E-02
2.31384,10.1198,0.199174E-01
2.31445,10.1225,0.302351E-01
2.31506,10.1251,-0.492178E-01
2.31567,10.1278,0.131765E-01
2.31628,10.1305,0.685477E-01
2.31689,10.1331,0.717047E-01
2.31750,10.1358,0.119343E-01
2.31812,10.1385,0.198592E-01
2.31873,10.1411,0.885685E-02
2.31934,10.1438,0.284098E-02
2.31995,10.1465,-0.311540E-01
2.32056,10.1492,0.275239E-01
2.32117,10.1518,-0.304333E-02
2.32178,10.1545,0.385821E-01
2.32239,10.1572,-0.307162E-01
2.32300,10.1598,-0.149353
2.32361,10.1625,-0.247009E-01
2.32422,10.1652,-0.218311E-01
2.32483,10.1678,0.231399E-01
2.32544,10.1705,-0.457981E-01
2.32605,10.1732,-0.299602E-01
2.32666,10.1758,-0.528703E-01
2.32727,10.1785,0.219421E-01
2.32788,10.1812,-0.182008E-01
2.32849,10.1839,-0.105280E-01
2.32910,10.1865,0.148546E-01
2.32971,10.1892,-0.875560E-02
2.33032,10.1919,-0.296775E-01
2.33093,10.1945,0.893050E-01
2.33154,10.1972,-0.117767E-01
2.33215,10.1999,0.662354E-01
2.33276,10.2025,-0.587437E-01
2.33337,10.2052,0.387305E-01
2.33398,10.2079,-0.314440E-02
2.33459,10.2105,0.776640E-02
2.33521,10.2132,-0.637950E-02
2.33582,10.2159,-0.102447E-01
2.33643,10.2186,0.656022E-03
2.33704,10.2212,0.177925E-01
2.33765,10.2239,-0.951841E-02
2.33826,10.2266,-0.935207E-01
2.33887,10.2292,0.268166E-01
2.33948,10.2319,-0.888969E-02
2.34009,10.2346,0.153401E-01
2.34070,10.2372,0.120077E-01
2.34131,10.2399,0.255287E-02
2.34192,10.2426,0.220376E-01
2.34253,10.2453,0.260207E-01
2.34314,10.2479,0.351195E-01
2.34375,10.2506,0.162681E-01
2.34436,10.2533,0.478559E-01
2.34497,10.2559,-0.215742E-02
2.34558,10.2586,0.145886E-01
2.34619,10.2613,0.290676E-01
2.34680,10.2639,0.269283E-02
2.34741,10.2666,0.183991E-01
2.34802,10.2693,-0.522642E-01
2.34863,10.2719,0.116061E-01
2.34924,10.2746,-0.338805E-02
2.34985,10.2773,0.186075E-01
2.35046,10.2800,0.358792E-01
2.35107,10.2826,-0.479849E-01
2.35168,10.2853,0.225667E-01
2.35229,10.2880,0.619872E-01
2.35291,10.2906,0.104663E-01
2.35352,10.2933,0.772130E-02
2.35413,10.2960,0.749413E-01
2.35474,10.2986,-0.225109E-01
2.35535,10.3013,-0.879126E-02
2.35596,10.3040,-0.519381E-02
2.35657,10.3066,-0.240380E-01
2.35718,10.3093,0.163795E-01
2.35779,10.3120,0.252652E-01
2.35840,10.3147,-0.779656E-01
2.35901,10.3173,0.369732E-02
2.35962,10.3200,0.118651
2.36023,10.3227,0.374173E-01
2.36084,10.3253,-0.224629E-01
2.36145,10.3280,-0.157902E-01
2.36206,10.3307,0.164943E-01
2.36267,10.3333,0.468162E-01
2.36328,10.3360,0.178458E-02
2.36389,10.3387,-0.650273E-01
2.36450,10.3414,0.377613E-01
2.36511,10.3440,-0.200169E-01
2.36572,10.3467,-0.122892
2.36633,10.3494,-0.264720E-01
2.36694,10.3520,0.104725E-01
2.36755,10.3547,-0.497268E-02
2.36816,10.3574,-0.106404E-02
2.36877,10.3600,-0.557875E-01
2.36938,10.3627,0.776091E-02
2.37000,10.3654,0.615309E-02
2.37061,10.3680,-0.754509E-02
2.37122,10.3707,-0.151770E-01
2.37183,10.3734,-0.691231E-02
2.37244,10.3761,0.299699E-01
2.37305,10.3787,-0.228286E-01
2.37366,10.3814,-0.320503E-01
2.37427,10.3841,0.312688E-01
2.37488,10.3867,-0.405002E-01
2.37549,10.3894,-0.993590E-02
2.37610,10.3921,-0.396739E-01
2.37671,10.3947,-0.131741E-01
2.37732,10.3974,0.787793E-01
2.37793,10.4001,-0.129558E-01
2.37854,10.4027,-0.821794E-01
2.37915,10.4054,-0.299871E-01
2.37976,10.4081,-0.123208E-01
2.38037,10.4108,-0.698911E-02
2.38098,10.4134,0.109015E-01
2.38159,10.4161,0.260931E-02
2.38220,10.4188,0.278817E-01
2.38281,10.4214,-0.158939E-01
2.38342,10.4241,-0.881280E-01
2.38403,10.4268,-0.107340
2.38464,10.4294,-0.342739E-02
2.38525,10.4321,-0.437790E-02
2.38586,10.4348,-0.290642E-01
2.38647,10.4375,0.932850E-02
2.38708,10.4401,-0.577509E-01
2.38770,10.4428,0.831674E-03
2.38831,10.4455,0.414004E-02
2.38892,10.4481,-0.272577E-02
2.38953,10.4508,0.813451E-01
2.39014,10.4535,-0.451833E-01
2.39075,10.4561,0.209846E-01
2.39136,10.4588,0.167550E-01
2.39197,10.4615,0.791908E-02
2.39258,10.4641,0.108625E-01
2.39319,10.4668,0.249194E-01
2.39380,10.4695,-0.462193E-01
2.39441,10.4722,-0.494742E-01
2.39502,10.4748,-0.149667E-01
2.39563,10.4775,-0.280883E-02
2.39624,10.4802,0.513500E-02
2.39685,10.4828,0.750847E-01
2.39746,10.4855,-0.136515E-01
2.39807,10.4882,0.373838E-01
2.39868,10.4908,0.537452E-01
2.39929,10.4935,0.270376E-01
2.39990,10.4962,-0.113455E-01
2.40051,10.4988,0.166096E-01
2.40112,10.5015,0.117102
2.40173,10.5042,0.152115
2.40234,10.5069,-0.224078E-01
2.40295,10.5095,0.325516E-02
2.40356,10.5122,0.102914E-01
2.40417,10.5149,-0.471978E-02
2.40479,10.5175,-0.101844E-02
2.40540,10.5202,-0.192309E-02
2.40601,10.5229,-0.285681E-01
2.40662,10.5255,-0.352733E-02
2.40723,10.5282,0.421467E-02
2.40784,10.5309,-0.684840E-01
2.40845,10.5336,-0.110358E-01
2.40906,10.5362,0.379925E-01
2.40967,10.5389,-0.347626E-01
2.41028,10.5416,0.719845E-02
2.41089,10.5442,0.293781E-01
2.41150,10.5469,-0.127134E-01
2.41211,10.5496,0.225892E-01
2.41272,10.5522,-0.344908E-02
2.41333,10.5549,-0.642221E-01
2.41394,10.5576,-0.172491E-01
2.41455,10.5602,0.481918E-01
2.41516,10.5629,0.289524E-01
2.41577,10.5656,0.800698E-01
2.41638,10.5683,0.248749E-01
2.41699,10.5709,-0.191203E-01
2.41760,10.5736,0.474371E-01
2.41821,10.5763,0.813940E-02
2.41882,10.5789,-0.524841E-01
2.41943,10.5816,0.339341E-02
2.42004,10.5843,0.654679E-05
2.42065,10.5869,-0.251184E-01
2.42126,10.5896,0.139805E-01
2.42188,10.5923,0.305032E-01
2.42249,10.5949,0.602410E-01
2.42310,10.5976,0.518171E-02
2.42371,10.6003,-0.268954E-01
2.42432,10.6030,-0.115707E-02
2.42493,10.6056,0.492458E-01
2.42554,10.6083,-0.619237E-02
2.42615,10.6110,0.722265E-02
2.42676,10.6136,-0.375384E-01
2.42737,10.6163,-0.317838E-01
2.42798,10.6190,-0.173022E-01
2.42859,10.6216,0.757698E-02
2.42920,10.6243,0.450800E-02
2.42981,10.6270,0.259187E-01
2.43042,10.6296,-0.843512E-02
2.43103,10.6323,-0.312471E-01
2.43164,10.6350,-0.671067E-01
2.43225,10.6377,0.824273E-01
2.43286,10.6403,-0.156390E-02
2.43347,10.6430,-0.319349E-01
2.43408,10.6457,0.246514E-02
2.43469,10.6483,0.569860E-02
2.43530,10.6510,0.154371E-02
2.43591,10.6537,0.724522E-02
2.43652,10.6563,-0.106372E-01
2.43713,10.6590,0.139390
2.43774,10.6617,0.363561E-02
2.43835,10.6644,0.580318E-01
2.43896,10.6670,-0.955366E-02
2.43958,10.6697,0.184249E-01
2.44019,10.6724,0.538207E-01
2.44080,10.6750,0.195965E-02
2.44141,10.6777,0.220179E-01
2.44202,10.6804,-0.543278E-01
2.44263,10.6830,-0.547134E-01
2.44324,10.6857,0.241807E-01
2.44385,10.6884,0.344945E-01
2.44446,10.6910,-0.149349E-01
2.44507,10.6937,0.191920E-01
2.44568,10.6964,-0.228356E-01
2.44629,10.6991,-0.124370E-01
2.44690,10.7017,-0.800892E-02
2.44751,10.7044,-0.303617E-01
2.44812,10.7071,0.342835E-01
2.44873,10.7097,-0.224914E-01
2.44934,10.7124,-0.585944E-02
2.44995,10.7151,0.368091E-01
2.45056,10.7177,-0.165155E-01
2.45117,10.7204,0.893966E-01
2.45178,10.7231,0.115483E-01
2.45239,10.7257,0.154705E-01
2.45300,10.7284,-0.271567E-01
2.45361,10.7311,-0.418536E-01
2.45422,10.7338,0.149137E-01
2.45483,10.7364,-0.185085E-01
2.45544,10.7391,-0.708263E-02
2.45605,10.7418,-0.347309E-01
2.45667,10.7444,-0.286768E-01
2.45728,10.7471,-0.898439E-02
2.45789,10.7498,-0.669611E-01
2.45850,10.7524,0.121641E-01
2.45911,10.7551,0.202398E-01
2.45972,10.7578,-0.224475E-01
2.46033,10.7605,0.744461E-01
2.46094,10.7631,0.864982E-01
2.46155,10.7658,-0.176323E-01
2.46216,10.7685,-0.128675
2.46277,10.7711,0.392714E-01
2.46338,10.7738,-0.236395E-01
2.46399,10.7765,-0.683324E-03
2.46460,10.7791,-0.396833E-02
2.46521,10.7818,0.893552E-01
2.46582,10.7845,0.109956
2.46643,10.7871,0.822453E-01
2.46704,10.7898,0.315111E-01
2.46765,10.7925,0.503931E-02
2.46826,10.7952,0.893521E-01
2.46887,10.7978,0.267929E-01
2.46948,10.8005,0.234663E-01
2.47009,10.8032,-0.134397E-01
2.47070,10.8058,-0.332597E-01
2.47131,10.8085,-0.127179E-01
2.47192,10.8112,0.484317E-01
2.47253,10.8138,0.674129E-02
2.47314,10.8165,0.166125E-02
2.47375,10.8192,0.203711E-01
2.47437,10.8218,0.845836E-02
2.47498,10.8245,0.147039E-01
2.47559,10.8272,0.302427E-01
2.47620,10.8299,0.927254E-02
2.47681,10.8325,0.263369E-01
2.47742,10.8352,-0.247602E-01
2.47803,10.8379,-0.474353E-01
2.47864,10.8405,0.116325E-02
2.47925,10.8432,0.647268E-01
2.47986,10.8459,0.740641E-01
2.48047,10.8485,0.508604E-01
2.48108,10.8512,-0.237653E-02
2.48169,10.8539,0.109446E-01
2.48230,10.8566,0.505461E-01
2.48291,10.8592,0.179377E-01
2.48352,10.8619,-0.144975E-01
2.48413,10.8646,-0.268058E-01
2.48474,10.8672,0.114018E-01
2.48535,10.8699,0.681539E-01
2.48596,10.8726,0.843981E-01
2.48657,10.8752,-0.546730E-01
2.48718,10.8779,0.186150E-01
2.48779,10.8806,0.687250E-01
2.48840,10.8832,0.452875E-01
2.48901,10.8859,-0.106043
2.48962,10.8886,0.446347E-01
2.49023,10.8913,0.250009E-02
2.49084,10.8939,-0.443727E-02
2.49146,10.8966,0.144381E-02
2.49207,10.8993,0.110655E-01
2.49268,10.9019,-0.856889E-01
2.49329,10.9046,-0.478936E-01
2.49390,10.9073,0.251780E-01
2.49451,10.9099,0.415076E-01
2.49512,10.9126,-0.585575E-01
2.49573,10.9153,0.945239E-03
2.49634,10.9179,0.323977E-01
2.49695,10.9206,0.170083E-01
2.49756,10.9233,0.269510E-01
2.49817,10.9260,-0.348742E-01
2.49878,10.9286,0.223867E-01
2.49939,10.9313,0.411793E-04
2.50000,10.9340,-0.116458
2.50061,10.9366,0.479848E-03
2.50122,10.9393,0.215573E-02
2.50183,10.9420,-0.245839E-01
2.50244,10.9446,-0.253377E-01
2.50305,10.9473,0.207854E-01
2.50366,10.9500,-0.124368E-01
2.50427,10.9527,-0.995224E-02
2.50488,10.9553,0.193173E-01
2.50549,10.9580,0.296157E-01
2.50610,10.9607,-0.500574E-01
2.50671,10.9633,-0.607245E-02
2.50732,10.9660,0.175462E-03
2.50793,10.9687,0.442998E-01
2.50854,10.9713,-0.312865E-01
2.50916,10.9740,0.552069E-01
2.50977,10.9767,-0.262215E-01
2.51038,10.9793,0.482314E-02
2.51099,10.9820,-0.244471E-01
2.51160,10.9847,0.187106E-01
2.51221,10.9874,-0.161078E-01
2.51282,10.9900,-0.371065E-01
2.51343,10.9927,0.677792E-01
2.51404,10.9954,-0.579435E-02
2.51465,10.9980,-0.154202E-01
2.51526,11.0007,-0.285225E-01
2.51587,11.0034,0.103775E-02
2.51648,11.0060,0.841597E-02
2.51709,11.0087,-0.265983E-02
2.51770,11.0114,0.224946E-01
2.51831,11.0140,-0.193301E-01
2.51892,11.0167,0.464466E-01
2.51953,11.0194,-0.496478E-01
2.52014,11.0221,-0.255537E-02
2.52075,11.0247,-0.125766E-01
2.52136,11.0274,0.126911
2.52197,11.0301,-0.324196E-01
2.52258,11.0327,-0.592523E-02
2.52319,11.0354,0.265077E-01
2.52380,11.0381,-0.157578E-01
2.52441,11.0407,-0.470101E-01
2.52502,11.0434,0.164178E-01
2.52563,11.0461,0.326206E-01
2.52625,11.0487,0.311277E-01
2.52686,11.0514,0.515801E-01
2.52747,11.0541,0.107297E-01
2.52808,11.0568,0.211986E-01
2.52869,11.0594,-0.177477E-02
2.52930,11.0621,0.439001E-01
2.52991,11.0648,0.122957E-01
2.53052,11.0674,0.162210E-02
2.53113,11.0701,-0.221984E-02
2.53174,11.0728,0.490874E-01
2.53235,11.0754,-0.104814E-02
2.53296,11.0781,-0.166039
2.53357,11.0808,-0.289664E-01
2.53418,11.0835,-0.248557E-01
2.53479,11.0861,-0.153108E-01
2.53540,11.0888,-0.215728E-01
2.53601,11.0915,-0.444960E-01
2.53662,11.0941,0.337791E-01
2.53723,11.0968,-0.233409E-01
2.53784,11.0995,-0.974456E-02
2.53845,11.1021,-0.521163E-02
2.53906,11.1048,0.109515E-03
2.53967,11.1075,-0.416471E-01
2.54028,11.1101,0.439985E-02
2.54089,11.1128,0.214123E-01
2.54150,11.1155,-0.855622E-02
2.54211,11.1182,0.502650E-02
2.54272,11.1208,-0.283579E-01
2.54333,11.1235,-0.113034E-01
2.54395,11.1262,0.146335E-01
2.54456,11.1288,-0.192434E-01
2.54517,11.1315,0.117783E-01
2.54578,11.1342,-0.285399E-01
2.54639,11.1368,0.444940E-01
2.54700,11.1395,0.933264E-01
2.54761,11.1422,0.280045E-01
2.54822,11.1448,-0.407531E-03
2.54883,11.1475,0.769673E-01
2.54944,11.1502,0.126201E-01
2.55005,11.1529,0.121106
2.55066,11.1555,0.216263E-01
2.55127,11.1582,0.847338E-01
2.55188,11.1609,-0.285380E-01
2.55249,11.1635,0.300948E-01
2.55310,11.1662,-0.623261E-01
2.55371,11.1689,-0.702559E-01
2.55432,11.1715,0.476027E-02
2.55493,11.1742,0.256224E-01
2.55554,11.1769,0.389471E-01
2.55615,11.1796,-0.943781E-02
2.55676,11.1822,0.457590E-01
2.55737,11.1849,0.271368E-02
2.55798,11.1876,0.323109E-01
2.55859,11.1902,0.871908E-02
2.55920,11.1929,-0.143312E-01
2.55981,11.1956,0.114893
2.56042,11.1982,-0.161215E-01
2.56104,11.2009,-0.125202E-01
2.56165,11.2036,0.255520E-01
2.56226,11.2062,0.156313E-01
2.56287,11.2089,0.618675E-02
2.56348,11.2116,0.111050E-01
2.56409,11.2143,0.958589E-01
2.56470,11.2169,-0.364424E-01
2.56531,11.2196,-0.779795E-02
2.56592,11.2223,0.906671E-01
2.56653,11.2249,-0.164994E-01
2.56714,11.2276,0.153659E-01
2.56775,11.2303,-0.470054E-01
2.56836,11.2329,0.881384E-01
2.56897,11.2356,-0.412475E-02
2.56958,11.2383,0.235158E-01
2.57019,11.2409,0.129110E-01
2.57080,11.2436,-0.397091E-01
2.57141,11.2463,0.655609E-01
2.57202,11.2490,0.214308E-01
2.57263,11.2516,0.337979E-02
2.57324,11.2543,-0.116303E-01
2.57385,11.2570,-0.763031E-01
2.57446,11.2596,0.663258E-01
2.57507,11.2623,0.244944E-01
2.57568,11.2650,0.232704E-02
2.57629,11.2676,-0.709566E-03
2.57690,11.2703,-0.229006E-01
2.57751,11.2730,-0.234911E-02
2.57812,11.2757,0.606797E-02
2.57874,11.2783,-0.236417E-01
2.57935,11.2810,-0.214873E-01
2.57996,11.2837,0.678672E-02
2.58057,11.2863,0.338804E-02
2.58118,11.2890,0.376565E-02
2.58179,11.2917,0.562845E-02
2.58240,11.2943,-0.263954E-02
2.58301,11.2970,-0.127315E-01
2.58362,11.2997,-0.562518E-01
2.58423,11.3023,0.578576E-02
2.58484,11.3050,0.541925E-02
2.58545,11.3077,0.332648E-01
2.58606,11.3104,-0.462435E-01
2.58667,11.3130,0.194935E-01
2.58728,11.3157,0.130650E-01
2.58789,11.3184,-0.716858E-02
2.58850,11.3210,-0.517486E-02
2.58911,11.3237,-0.447865E-01
2.58972,11.3264,0.151558E-01
2.59033,11.3290,-0.109055E-01
2.59094,11.3317,-0.181899E-01
2.59155,11.3344,0.138917E-01
2.59216,11.3370,-0.376213E-01
2.59277,11.3397,-0.147148E-01
2.59338,11.3424,-0.602164E-01
2.59399,11.3451,-0.551161E-02
2.59460,11.3477,0.309912E-01
2.59521,11.3504,0.361343E-02
2.59583,11.3531,-0.344675E-02
2.59644,11.3557,-0.254392E-02
2.59705,11.3584,-0.288137E-01
2.59766,11.3611,-0.386030E-01
2.59827,11.3637,-0.529292E-01
2.59888,11.3664,0.635793E-02
2.59949,11.3691,-0.413006E-01
2.60010,11.3717,-0.161382E-01
2.60071,11.3744,-0.309771E-01
2.60132,11.3771,0.295967E-01
2.60193,11.3798,-0.716581E-02
2.60254,11.3824,0.362484E-01
2.60315,11.3851,0.341579E-01
2.60376,11.3878,0.466005E-01
2.60437,11.3904,0.797778E-02
2.60498,11.3931,-0.279167E-01
2.60559,11.3958,-0.102263
2.60620,11.3984,0.846855E-02
2.60681,11.4011,0.455633E-01
2.60742,11.4038,-0.255287E-02
2.60803,11.4065,-0.280312E-01
2.60864,11.4091,0.999381E-02
2.60925,11.4118,-0.107329E-01
2.60986,11.4145,0.114311E-01
2.61047,11.4171,0.485963E-01
2.61108,11.4198,-0.171774E-01
2.61169,11.4225,-0.243610E-01
2.61230,11.4251,-0.787958E-03
2.61292,11.4278,0.661586E-03
2.61353,11.4305,-0.104397
2.61414,11.4331,-0.953568E-02
2.61475,11.4358,0.469560E-01
2.61536,11.4385,-0.112534E-02
2.61597,11.4412,0.323854E-02
2.61658,11.4438,0.878530E-03
2.61719,11.4465,-0.107944E-01
2.61780,11.4492,-0.116157E-01
2.61841,11.4518,-0.319764E-02
2.61902,11.4545,0.342384E-01
2.61963,11.4572,-0.343030E-02
2.62024,11.4598,-0.193985E-01
2.62085,11.4625,-0.260752E-01
2.62146,11.4652,0.109884E-01
2.62207,11.4678,-0.143583E-01
2.62268,11.4705,0.318213E-01
2.62329,11.4732,-0.125364E-01
2.62390,11.4759,0.463101E-01
2.62451,11.4785,-0.314408E-01
2.62512,11.4812,-0.422109E-01
2.62573,11.4839,0.116430
2.62634,11.4865,0.126874E-01
2.62695,11.4892,0.492206E-01
2.62756,11.4919,0.342426E-01
2.62817,11.4945,0.272523E-01
2.62878,11.4972,-0.158148E-01
2.62939,11.4999,-0.111112
2.63000,11.5026,0.883160E-05
2.63062,11.5052,0.844476E-01
2.63123,11.5079,0.504994E-01
2.63184,11.5106,-0.126692E-01
2.63245,11.5132,0.103589E-01
2.63306,11.5159,0.979616E-01
2.63367,11.5186,-0.879667E-02
2.63428,11.5212,0.175031E-02
2.63489,11.5239,-0.107543E-01
2.63550,11.5266,-0.613583E-02
2.63611,11.5292,0.471732E-01
2.63672,11.5319,0.260039E-01
2.63733,11.5346,0.289954E-01
2.63794,11.5373,-0.210613E-01
2.63855,11.5399,0.529122E-01
2.63916,11.5426,-0.115962E-01
2.63977,11.5453,0.149848E-01
2.64038,11.5479,0.443863E-02
2.64099,11.5506,0.187634E-02
2.64160,11.5533,0.382701E-01
2.64221,11.5559,0.898445E-02
2.64282,11.5586,-0.149674E-02
2.64343,11.5613,0.397991E-01
2.64404,11.5639,-0.314188E-01
2.64465,11.5666,0.531867E-02
2.64526,11.5693,0.958066E-02
2.64587,11.5720,0.274749E-01
2.64648,11.5746,0.773406E-02
2.64709,11.5773,-0.627764E-01
2.64771,11.5800,0.545678E-02
2.64832,11.5826,-0.114082E-01
2.64893,11.5853,-0.440491E-04
2.64954,11.5880,0.107582E-01
2.65015,11.5906,0.895035E-02
2.65076,11.5933,0.462472E-01
2.65137,11.5960,-0.144385
2.65198,11.5987,0.268680E-02
2.65259,11.6013,-0.345288E-02
2.65320,11.6040,0.102379E-01
2.65381,11.6067,0.576495E-01
2.65442,11.6093,-0.176991E-01
2.65503,11.6120,-0.158692E-01
2.65564,11.6147,-0.267499E-01
2.65625,11.6173,0.137111E-01
2.65686,11.6200,0.343287E-02
2.65747,11.6227,-0.114735E-02
2.65808,11.6253,-0.332896E-01
2.65869,11.6280,0.494791E-03
2.65930,11.6307,-0.249667E-01
2.65991,11.6334,-0.105760E-01
2.66052,11.6360,-0.414941E-01
2.66113,11.6387,0.130412E-01
2.66174,11.6414,-0.837246E-02
2.66235,11.6440,-0.876363E-01
2.66296,11.6467,0.851775E-02
2.66357,11.6494,-0.555674E-01
2.66418,11.6520,0.411338E-01
2.66479,11.6547,-0.276124E-01
2.66541,11.6574,-0.156124E-01
2.66602,11.6600,0.365855E-02
2.66663,11.6627,0.546737E-01
2.66724,11.6654,-0.405624E-01
2.66785,11.6681,-0.190072E-01
2.66846,11.6707,-0.888908E-02
2.66907,11.6734,0.195614E-01
2.66968,11.6761,0.946548E-03
2.67029,11.6787,0.278214E-01
2.67090,11.6814,0.154426E-01
2.67151,11.6841,0.806720E-02
2.67212,11.6867,0.873943E-02
2.67273,11.6894,0.155784E-01
2.67334,11.6921,-0.148302E-01
2.67395,11.6948,0.778739E-01
2.67456,11.6974,-0.225981E-01
2.67517,11.7001,0.214398E-01
2.67578,11.7028,0.332246E-01
2.67639,11.7054,0.532831E-02
2.67700,11.7081,0.514855E-01
2.67761,11.7108,0.239894E-01
2.67822,11.7134,0.577685E-01
2.67883,11.7161,-0.496632E-03
2.67944,11.7188,0.192511E-02
2.68005,11.7214,-0.170281E-01
2.68066,11.7241,-0.239270E-01
2.68127,11.7268,0.228285E-01
2.68188,11.7295,-0.299979E-03
2.68250,11.7321,0.762075E-02
2.68311,11.7348,-0.468439E-02
2.68372,11.7375,0.187123E-02
2.68433,11.7401,0.175173E-01
2.68494,11.7428,0.879545E-01
2.68555,11.7455,-0.287931E-01
2.68616,11.7481,-0.147077E-01
2.68677,11.7508,-0.225492E-01
2.68738,11.7535,0.107887E-01
2.68799,11.7561,0.500249E-01
2.68860,11.7588,0.882589E-01
2.68921,11.7615,0.274661E-01
2.68982,11.7642,0.150608E-01
2.69043,11.7668,0.530884E-02
2.69104,11.7695,0.162547
2.69165,11.7722,-0.281659E-02
2.69226,11.7748,0.213020E-01
2.69287,11.7775,0.337342E-01
2.69348,11.7802,-0.115492E-01
2.69409,11.7828,0.215585E-01
2.69470,11.7855,0.196730E-02
2.69531,11.7882,0.142609E-01
2.69592,11.7908,0.183589E-01
2.69653,11.7935,-0.158129E-01
2.69714,11.7962,-0.271133E-01
2.69775,11.7989,-0.179737E-01
2.69836,11.8015,-0.914213E-01
2.69897,11.8042,0.148220E-01
2.69958,11.8069,-0.396393E-02
2.70020,11.8095,0.113672E-01
2.70081,11.8122,0.112326E-03
2.70142,11.8149,0.188306E-03
2.70203,11.8175,-0.530226E-02
2.70264,11.8202,0.474943E-01
2.70325,11.8229,-0.298637E-01
2.70386,11.8256,-0.246064E-01
2.70447,11.8282,-0.969984E-02
2.70508,11.8309,-0.728942E-01
2.70569,11.8336,0.451807E-02
2.70630,11.8362,-0.717134E-01
2.70691,11.8389,-0.526131E-01
2.70752,11.8416,0.318651E-01
2.70813,11.8442,-0.183986E-01
2.70874,11.8469,0.713955E-02
2.70935,11.8496,0.392681E-01
2.70996,11.8522,0.747312E-02
2.71057,11.8549,0.446914E-01
2.71118,11.8576,-0.991025E-01
2.71179,11.8603,-0.815223E-01
2.71240,11.8629,0.195928E-01
2.71301,11.8656,-0.565488E-04
2.71362,11.8683,0.723252E-02
2.71423,11.8709,0.119217E-01
2.71484,11.8736,-0.263679E-01
2.71545,11.8763,-0.266559E-01
2.71606,11.8789,0.690966E-04
2.71667,11.8816,-0.270434E-01
2.71729,11.8843,-0.468464E-01
2.71790,11.8869,0.308029E-01
2.71851,11.8896,0.113140E-01
2.71912,11.8923,-0.511977E-02
2.71973,11.8950,-0.259892E-01
2.72034,11.8976,-0.271688E-02
2.72095,11.9003,-0.699511E-02
2.72156,11.9030,-0.769912E-03
2.72217,11.9056,-0.814059E-01
2.72278,11.9083,0.136111E-01
2.72339,11.9110,0.334066E-01
2.72400,11.9136,0.674627E-01
2.72461,11.9163,-0.143377E-02
2.72522,11.9190,0.982986E-03
2.72583,11.9217,0.171570E-01
2.72644,11.9243,-0.328978E-02
2.72705,11.9270,-0.803930E-03
2.72766,11.9297,-0.435475E-01
2.72827,11.9323,0.323037E-02
2.72888,11.9350,-0.673602E-02
2.72949,11.9377,-0.161391E-01
2.73010,11.9403,0.175372E-01
2.73071,11.9430,-0.134738E-01
2.73132,11.9457,0.118855E-02
2.73193,11.9483,0.195463E-01
2.73254,11.9510,0.257434E-01
2.73315,11.9537,0.159113E-01
2.73376,11.9564,0.301842E-03
2.73438,11.9590,0.933618E-01
2.73499,11.9617,0.272416E-01
2.73560,11.9644,-0.741219E-02
2.73621,11.9670,-0.271278E-02
2.73682,11.9697,0.306445E-01
2.73743,11.9724,0.540977E-01
2.73804,11.9750,0.178170E-02
2.73865,11.9777,-0.169562E-02
2.73926,11.9804,0.311127E-01
2.73987,11.9830,-0.408696E-02
2.74048,11.9857,0.103433E-01
2.74109,11.9884,0.181923E-01
2.74170,11.9911,0.765104E-02
2.74231,11.9937,-0.142418E-01
2.74292,11.9964,0.822587E-02
2.74353,11.9991,0.378241E-02
2.74414,12.0017,0.511033E-01
2.74475,12.0044,0.264255E-02
2.74536,12.0071,0.187473E-01
2.74597,12.0097,0.742628E-02
2.74658,12.0124,-0.134340E-01
2.74719,12.0151,0.845817E-02
2.74780,12.0178,0.117240E-01
2.74841,12.0204,0.323196E-01
2.74902,12.0231,0.105499E-01
2.74963,12.0258,0.179589E-01
2.75024,12.0284,-0.585077E-02
2.75085,12.0311,-0.170244E-01
2.75146,12.0338,-0.215802E-02
2.75208,12.0364,-0.142373E-01
2.75269,12.0391,0.203048E-01
2.75330,12.0418,-0.544576E-01
2.75391,12.0444,0.957329E-02
2.75452,12.0471,-0.773842E-02
2.75513,12.0498,0.364937E-01
2.75574,12.0525,0.876231E-02
2.75635,12.0551,-0.605531E-03
2.75696,12.0578,0.438276E-01
2.75757,12.0605,0.210071E-01
2.75818,12.0631,-0.337990E-03
2.75879,12.0658,0.486327E-01
2.75940,12.0685,0.170158E-01
2.76001,12.0711,0.382558E-01
2.76062,12.0738,0.343855E-01
2.76123,12.0765,0.297791E-01
2.76184,12.0791,0.288485E-02
2.76245,12.0818,-0.218262E-01
2.76306,12.0845,-0.292836E-01
2.76367,12.0872,0.367232E-02
2.76428,12.0898,0.357290E-02
2.76489,12.0925,0.105249
2.76550,12.0952,-0.448156E-01
2.76611,12.0978,0.848862E-01
2.76672,12.1005,-0.142671E-01
2.76733,12.1032,-0.938800E-02
2.76794,12.1058,0.864521E-01
2.76855,12.1085,-0.612813E-01
2.76917,12.1112,-0.221877E-01
2.76978,12.1138,-0.107806E-01
2.77039,12.1165,-0.164711E-01
2.77100,12.1192,-0.455737E-02
2.77161,12.1219,-0.369826E-01
2.77222,12.1245,0.381699E-01
2.77283,12.1272,-0.240327E-01
2.77344,12.1299,-0.924248E-02
2.77405,12.1325,-0.112347E-01
2.77466,12.1352,0.174556E-01
2.77527,12.1379,-0.344364E-01
2.77588,12.1405,0.344326E-01
2.77649,12.1432,-0.107006E-01
2.77710,12.1459,-0.229372E-01
2.77771,12.1486,-0.443506E-02
2.77832,12.1512,-0.102144E-01
2.77893,12.1539,0.275620E-02
2.77954,12.1566,-0.701863E-02
2.78015,12.1592,-0.137689E-01
2.78076,12.1619,0.607496E-01
2.78137,12.1646,-0.288735E-01
2.78198,12.1672,0.152990E-01
2.78259,12.1699,0.281709E-01
2.78320,12.1726,-0.230317E-01
2.78381,12.1752,-0.198505E-01
2.78442,12.1779,0.527635E-01
2.78503,12.1806,-0.444531E-01
2.78564,12.1833,0.289331E-01
2.78625,12.1859,-0.124933E-01
2.78687,12.1886,0.400114E-01
2.78748,12.1913,-0.881788E-01
2.78809,12.1939,0.518175E-01
2.78870,12.1966,-0.359744E-01
2.78931,12.1993,0.637320E-01
2.78992,12.2019,0.305592E-03
2.79053,12.2046,0.240853E-01
2.79114,12.2073,0.330452E-02
2.79175,12.2099,0.281068E-01
2.79236,12.2126,0.667161E-01
2.79297,12.2153,0.418568E-03
2.79358,12.2180,0.612298E-02
2.79419,12.2206,-0.185243E-01
2.79480,12.2233,0.100962E-01
2.79541,12.2260,-0.812040E-01
2.79602,12.2286,0.207488E-01
2.79663,12.2313,0.142997E-01
2.79724,12.2340,-0.344460E-02
2.79785,12.2366,-0.171540E-01
2.79846,12.2393,-0.147613E-01
2.79907,12.2420,0.462468E-01
2.79968,12.2447,-0.326473E-01
2.80029,12.2473,0.588042E-02
2.80090,12.2500,-0.610021E-02
2.80151,12.2527,0.593223E-01
2.80212,12.2553,0.378680E-01
2.80273,12.2580,-0.285627E-02
2.80334,12.2607,-0.432893E-01
2.80396,12.2633,-0.107290E-01
2.80457,12.2660,0.610629E-01
2.80518,12.2687,-0.388372E-01
2.80579,12.2713,0.344984E-01
2.80640,12.2740,-0.219512E-01
2.80701,12.2767,0.314652E-01
2.80762,12.2794,0.157295E-02
2.80823,12.2820,-0.596902E-02
2.80884,12.2847,-0.243918E-02
2.80945,12.2874,0.486273E-02
2.81006,12.2900,0.107781
2.81067,12.2927,-0.485268E-01
2.81128,12.2954,0.145063
2.81189,12.2980,-0.367075E-01
2.81250,12.3007,0.151174E-01
2.81311,12.3034,-0.281517E-02
2.81372,12.3060,0.322391E-01
2.81433,12.3087,-0.128859E-01
2.81494,12.3114,0.573035E-01
2.81555,12.3141,0.187337E-01
2.81616,12.3167,0.156181E-01
2.81677,12.3194,-0.367153E-01
2.81738,12.3221,0.930612E-02
2.81799,12.3247,-0.302771E-01
2.81860,12.3274,0.678128E-02
2.81921,12.3301,0.272461E-02
2.81982,12.3327,0.599740E-01
2.82043,12.3354,0.479060E-03
2.82104,12.3381,-0.267248E-02
2.82166,12.3408,-0.103903E-01
2.82227,12.3434,0.639671E-01
2.82288,12.3461,-0.564088E-02
2.82349,12.3488,0.203402E-01
2.82410,12.3514,-0.117663E-01
2.82471,12.3541,-0.848779E-02
2.82532,12.3568,-0.110498E-01
2.82593,12.3594,0.872124E-01
2.82654,12.3621,-0.936091E-02
2.82715,12.3648,0.608811E-01
2.82776,12.3674,-0.175002E-01
2.82837,12.3701,0.176831E-01
2.82898,12.3728,0.278051E-01
2.82959,12.3755,0.133969E-01
2.83020,12.3781,0.760854E-01
2.83081,12.3808,0.131930E-01
2.83142,12.3835,0.788735E-01
2.83203,12.3861,-0.238974E-02
2.83264,12.3888,-0.882935E-02
2.83325,12.3915,-0.450480E-01
2.83386,12.3941,-0.586251E-02
2.83447,12.3968,-0.793536E-02
2.83508,12.3995,-0.334890E-02
2.83569,12.4021,0.213523E-02
2.83630,12.4048,-0.211537E-01
2.83691,12.4075,-0.485996E-02
2.83752,12.4102,-0.113195E-01
2.83813,12.4128,0.669497E-01
2.83875,12.4155,0.194555E-01
2.83936,12.4182,0.595018E-02
2.83997,12.4208,0.593813E-01
2.84058,12.4235,0.980654E-03
2.84119,12.4262,0.316471E-01
2.84180,12.4288,0.342377E-01
2.84241,12.4315,0.214017E-01
2.84302,12.4342,0.214028E-01
2.84363,12.4369,0.254002E-01
2.84424,12.4395,-0.311224E-01
2.84485,12.4422,0.315216E-01
2.84546,12.4449,0.929429E-01
2.84607,12.4475,-0.733522E-01
2.84668,12.4502,0.218714E-01
2.84729,12.4529,-0.274061E-01
2.84790,12.4555,0.642919E-01
2.84851,12.4582,-0.344945E-01
2.84912,12.4609,-0.753626E-01
2.84973,12.4635,0.166204E-01
2.85034,12.4662,0.153648E-02
2.85095,12.4689,-0.632797E-02
2.85156,12.4716,0.293991E-01
2.85217,12.4742,0.259326E-01
2.85278,12.4769,0.247300E-03
2.85339,12.4796,0.260607E-01
2.85400,12.4822,0.579587E-02
2.85461,12.4849,0.345586E-01
2.85522,12.4876,0.458897E-01
2.85583,12.4902,-0.138917
2.85645,12.4929,-0.124407E-01
2.85706,12.4956,0.279036E-01
2.85767,12.4982,0.163256E-01
2.85828,12.5009,0.193354E-01
2.85889,12.5036,-0.484029E-02
2.85950,12.5063,-0.316916E-01
2.86011,12.5089,0.113644E-02
2.86072,12.5116,0.655134E-01
2.86133,12.5143,-0.349234E-02
2.86194,12.5169,0.661749E-01
2.86255,12.5196,-0.347495E-01
2.86316,12.5223,0.205979E-01
2.86377,12.5249,-0.288101E-03
2.86438,12.5276,-0.280442E-01
2.86499,12.5303,0.298499E-01
2.86560,12.5329,-0.308444E-01
2.86621,12.5356,0.179192E-02
2.86682,12.5383,0.855495E-02
2.86743,12.5410,-0.220020E-01
2.86804,12.5436,0.184522E-01
2.86865,12.5463,0.910037E-01
2.86926,12.5490,-0.315465E-02
2.86987,12.5516,-0.949835E-02
2.87048,12.5543,-0.922503E-02
2.87109,12.5570,0.282873E-01
2.87170,12.5596,0.414217E-01
2.87231,12.5623,-0.949885E-01
2.87292,12.5650,-0.146208E-01
2.87354,12.5677,0.396345E-01
2.87415,12.5703,-0.184037E-01
2.87476,12.5730,-0.180616E-01
2.87537,12.5757,-0.143636E-01
2.87598,12.5783,-0.134339E-01
2.87659,12.5810,-0.255560E-01
2.87720,12.5837,0.103107E-01
2.87781,12.5863,-0.262292E-01
2.87842,12.5890,-0.213157E-02
2.87903,12.5917,0.335419E-02
2.87964,12.5943,0.247025E-01
2.88025,12.5970,-0.371001E-01
2.88086,12.5997,0.705554E-01
2.88147,12.6024,-0.432130E-02
2.88208,12.6050,0.963707E-02
2.88269,12.6077,-0.112867E-01
2.88330,12.6104,0.784413E-01
2.88391,12.6130,0.277755E-01
2.88452,12.6157,-0.122176E-01
2.88513,12.6184,0.649787E-01
2.88574,12.6210,0.547719E-01
2.88635,12.6237,0.241773E-01
2.88696,12.6264,-0.675677E-02
2.88757,12.6290,0.638012E-01
2.88818,12.6317,0.708132E-02
2.88879,12.6344,0.178102E-01
2.88940,12.6371,0.299738E-01
2.89001,12.6397,0.903635E-03
2.89062,12.6424,-0.117354E-02
2.89124,12.6451,-0.406509E-01
2.89185,12.6477,-0.868622E-01
2.89246,12.6504,-0.226371E-01
2.89307,12.6531,0.405430E-02
2.89368,12.6557,0.973426E-02
2.89429,12.6584,0.220812E-01
2.89490,12.6611,-0.307477E-01
2.89551,12.6638,0.360142E-01
2.89612,12.6664,0.464286E-01
2.89673,12.6691,0.375170E-01
2.89734,12.6718,-0.194950E-01
2.89795,12.6744,0.144106
2.89856,12.6771,0.163677E-01
2.89917,12.6798,0.818282E-01
2.89978,12.6824,-0.110725E-01
2.90039,12.6851,0.583137E-01
2.90100,12.6878,-0.221123E-02
2.90161,12.6904,-0.191617E-01
2.90222,12.6931,-0.385437E-01
2.90283,12.6958,0.328791E-02
2.90344,12.6985,-0.684551E-01
2.90405,12.7011,0.176682E-01
2.90466,12.7038,0.125883E-01
2.90527,12.7065,0.267950E-01
2.90588,12.7091,0.584282E-01
2.90649,12.7118,-0.402029E-02
2.90710,12.7145,0.183038E-01
2.90771,12.7171,-0.121896E-01
2.90833,12.7198,0.954836E-02
2.90894,12.7225,0.474745E-02
2.90955,12.7251,-0.394386E-02
2.91016,12.7278,0.376500E-02
2.91077,12.7305,-0.530216E-01
2.91138,12.7332,0.344369E-02
2.91199,12.7358,-0.383088E-02
2.91260,12.7385,0.806671E-02
2.91321,12.7412,0.123971E-01
2.91382,12.7438,-0.605833E-01
2.91443,12.7465,0.590568E-01
2.91504,12.7492,-0.248720E-01
2.91565,12.7518,-0.100424E-01
2.91626,12.7545,0.991125E-02
2.91687,12.7572,0.650710E-01
2.91748,12.7599,-0.457442E-02
2.91809,12.7625,0.291765E-01
2.91870,12.7652,-0.830905E-03
2.91931,12.7679,0.112443
2.91992,12.7705,-0.334231E-01
2.92053,12.7732,-0.990576E-01
2.92114,12.7759,-0.698916E-02
2.92175,12.7785,0.155665E-01
2.92236,12.7812,0.155329E-01
2.92297,12.7839,0.192388E-01
2.92358,12.7865,-0.760625E-02
2.92419,12.7892,-0.324818E-01
2.92480,12.7919,-0.310084E-01
2.92542,12.7946,0.892447E-02
2.92603,12.7972,0.120826E-03
2.92664,12.7999,0.431532E-01
2.92725,12.8026,-0.481612E-02
2.92786,12.8052,0.472440E-01
2.92847,12.8079,0.504050E-01
2.92908,12.8106,0.734247E-01
2.92969,12.8132,0.463600E-02
2.93030,12.8159,-0.581309E-01
2.93091,12.8186,-0.408129E-01
2.93152,12.8212,-0.943388E-03
2.93213,12.8239,0.894640E-02
2.93274,12.8266,-0.194408E-01
2.93335,12.8293,-0.374476E-01
2.93396,12.8319,-0.175255E-02
2.93457,12.8346,-0.448653E-02
2.93518,12.8373,-0.746259E-01
2.93579,12.8399,0.309056E-01
2.93640,12.8426,-0.360271E-01
2.93701,12.8453,0.605800E-01
2.93762,12.8479,0.312082E-01
2.93823,12.8506,0.539566E-02
2.93884,12.8533,0.253171E-02
2.93945,12.8559,0.297602E-01
2.94006,12.8586,-0.112769E-01
2.94067,12.8613,0.206056E-01
2.94128,12.8640,-0.303645E-01
2.94189,12.8666,-0.805632E-01
2.94250,12.8693,0.302713E-02
2.94312,12.8720,0.329454E-01
2.94373,12.8746,0.118149E-01
2.94434,12.8773,-0.180415E-01
2.94495,12.8800,0.948086E-01
2.94556,12.8826,0.169531E-01
2.94617,12.8853,0.759047E-03
2.94678,12.8880,0.407401E-01
2.94739,12.8907,-0.503265E-02
2.94800,12.8933,-0.477567E-02
2.94861,12.8960,-0.360038E-01
2.94922,12.8987,0.103737E-01
2.94983,12.9013,-0.136162E-02
2.95044,12.9040,0.274740E-01
2.95105,12.9067,-0.225299E-02
2.95166,12.9093,0.395952E-01
2.95227,12.9120,-0.340591E-03
2.95288,12.9147,0.438654E-01
2.95349,12.9173,0.523371E-01
2.95410,12.9200,0.243625E-02
2.95471,12.9227,0.383404E-01
2.95532,12.9254,0.226123E-01
2.95593,12.9280,0.150889E-01
2.95654,12.9307,0.356239E-01
2.95715,12.9334,0.785726E-02
2.95776,12.9360,-0.839159E-02
2.95837,12.9387,0.193715E-01
2.95898,12.9414,-0.426368E-01
2.95959,12.9440,0.377184E-01
2.96021,12.9467,-0.375704E-01
2.96082,12.9494,0.424521E-01
2.96143,12.9520,-0.172638E-01
2.96204,12.9547,0.148015E-01
2.96265,12.9574,-0.367130E-01
2.96326,12.9601,0.396616E-01
2.96387,12.9627,-0.855802E-02
2.96448,12.9654,0.164650E-01
2.96509,12.9681,0.469554E-02
2.96570,12.9707,0.430218E-01
2.96631,12.9734,0.120068
2.96692,12.9761,0.368335E-02
2.96753,12.9787,-0.483064E-01
2.96814,12.9814,-0.235882E-01
2.96875,12.9841,-0.476104E-02
2.96936,12.9868,0.382650E-02
2.96997,12.9894,-0.371499E-03
2.97058,12.9921,0.257943E-01
2.97119,12.9948,0.184199E-01
2.97180,12.9974,0.288965E-01
2.97241,13.0001,-0.146416E-01
2.97302,13.0028,-0.127161E-03
2.97363,13.0054,0.263482E-01
2.97424,13.0081,-0.464904E-01
2.97485,13.0108,0.280399E-01
2.97546,13.0134,0.836572E-01
2.97607,13.0161,-0.921589E-02
2.97668,13.0188,-0.323567E-01
2.97729,13.0215,-0.293451E-01
2.97791,13.0241,0.146306E-01
2.97852,13.0268,0.138985E-01
2.97913,13.0295,0.221910E-01
2.97974,13.0321,-0.225550E-01
2.98035,13.0348,-0.521171E-01
2.98096,13.0375,0.266026E-02
2.98157,13.0401,-0.905453E-02
2.98218,13.0428,-0.197308E-01
2.98279,13.0455,-0.105166E-01
2.98340,13.0481,0.121303E-01
2.98401,13.0508,0.578151E-01
2.98462,13.0535,0.480569E-01
2.98523,13.0562,-0.971610E-02
2.98584,13.0588,-0.224792E-02
2.98645,13.0615,0.302551E-02
2.98706,13.0642,-0.217038E-01
2.98767,13.0668,-0.517798E-01
2.98828,13.0695,0.123919E-01
2.98889,13.0722,-0.993363E-02
2.98950,13.0748,-0.519027E-02
2.99011,13.0775,-0.441070E-01
2.99072,13.0802,-0.210688E-01
2.99133,13.0829,-0.267524E-01
2.99194,13.0855,-0.469549E-01
2.99255,13.0882,0.106779E-01
2.99316,13.0909,-0.294707E-01
2.99377,13.0935,0.138324E-01
2.99438,13.0962,0.134579E-01
2.99500,13.0989,0.727727E-03
2.99561,13.1015,0.110229E-02
2.99622,13.1042,0.655779E-02
2.99683,13.1069,0.650131E-01
2.99744,13.1095,0.143754E-01
2.99805,13.1122,-0.213391E-02
2.99866,13.1149,-0.337138E-01
2.99927,13.1176,0.846345E-01
2.99988,13.1202,-0.313055E-02
3.00049,13.1229,-0.313643E-01
3.00110,13.1256,0.870792E-03
3.00171,13.1282,-0.709205E-02
3.00232,13.1309,0.434777E-01
3.00293,13.1336,0.215633E-01
3.00354,13.1362,-0.144633E-02
3.00415,13.1389,0.829178E-02
3.00476,13.1416,0.180578E-01
3.00537,13.1442,-0.335470E-02
3.00598,13.1469,0.281829E-01
3.00659,13.1496,0.570895E-01
3.00720,13.1523,0.761531E-01
3.00781,13.1549,-0.272900E-01
3.00842,13.1576,0.148377E-01
3.00903,13.1603,-0.210218E-01
3.00964,13.1629,0.135482
3.01025,13.1656,0.104897E-01
3.01086,13.1683,-0.181831E-02
3.01147,13.1709,0.396418E-01
3.01208,13.1736,-0.112370E-01
3.01270,13.1763,0.315097E-01
3.01331,13.1790,0.548793E-02
3.01392,13.1816,-0.229505E-01
3.01453,13.1843,-0.445958E-01
3.01514,13.1870,-0.931564E-04
3.01575,13.1896,0.290719E-01
3.01636,13.1923,-0.566105E-02
3.01697,13.1950,0.178974E-01
3.01758,13.1976,0.681532E-02
3.01819,13.2003,0.332647E-01
3.01880,13.2030,-0.686144E-02
3.01941,13.2056,-0.414993E-01
3.02002,13.2083,-0.103210E-01
3.02063,13.2110,-0.452986E-01
3.02124,13.2137,-0.201311E-01
3.02185,13.2163,-0.317292E-01
3.02246,13.2190,-0.966998E-02
3.02307,13.2217,0.558875E-01
3.02368,13.2243,0.515522E-01
3.02429,13.2270,-0.120931E-01
3.02490,13.2297,-0.173794E-01
3.02551,13.2323,0.951489E-02
3.02612,13.2350,-0.176373E-02
3.02673,13.2377,0.444865E-01
3.02734,13.2403,-0.161909E-01
3.02795,13.2430,-0.881148E-02
3.02856,13.2457,0.168997E-01
3.02917,13.2484,-0.973621E-02
3.02979,13.2510,0.631856E-01
3.03040,13.2537,-0.353699E-01
3.03101,13.2564,0.305016E-01
3.03162,13.2590,0.154934E-01
3.03223,13.2617,0.849643E-02
3.03284,13.2644,-0.882680E-02
3.03345,13.2670,-0.351177E-01
3.03406,13.2697,-0.284528E-01
3.03467,13.2724,0.142495E-01
3.03528,13.2750,0.313803E-01
3.03589,13.2777,0.115964
3.03650,13.2804,-0.260424E-01
3.03711,13.2831,0.251338E-01
3.03772,13.2857,-0.132446E-01
3.03833,13.2884,0.190581E-01
3.03894,13.2911,0.362283E-01
3.03955,13.2937,0.146990E-01
3.04016,13.2964,-0.354930E-01
3.04077,13.2991,0.434134E-01
3.04138,13.3017,-0.128417E-01
3.04199,13.3044,0.726243E-03
3.04260,13.3071,0.538483E-02
3.04321,13.3098,0.156080E-01
3.04382,13.3124,0.384720E-01
3.04443,13.3151,0.121271E-02
3.04504,13.3178,0.379923E-01
3.04565,13.3204,-0.532562E-01
3.04626,13.3231,-0.180818E-01
3.04688,13.3258,-0.127056E-01
3.04749,13.3284,0.527443E-02
3.04810,13.3311,0.134433E-01
3.04871,13.3338,-0.564404E-01
3.04932,13.3364,0.412089E-01
3.04993,13.3391,0.142108E-01
3.05054,13.3418,0.256820E-02
3.05115,13.3445,-0.871687E-02
3.05176,13.3471,-0.102973E-02
3.05237,13.3498,0.273733E-02
3.05298,13.3525,0.940443E-01
3.05359,13.3551,0.575378E-01
3.05420,13.3578,-0.330681E-01
3.05481,13.3605,-0.363346E-01
3.05542,13.3631,0.656291E-02
3.05603,13.3658,-0.131081E-01
3.05664,13.3685,-0.419988E-01
3.05725,13.3711,-0.481772E-02
3.05786,13.3738,0.272074E-01
3.05847,13.3765,-0.162333E-01
3.05908,13.3792,-0.419419E-01
3.05969,13.3818,-0.703473E-01
3.06030,13.3845,-0.122006E-01
3.06091,13.3872,0.757946E-03
3.06152,13.3898,0.221314E-02
3.06213,13.3925,0.213004E-01
3.06274,13.3952,-0.799908E-02
3.06335,13.3978,-0.884096E-02
3.06396,13.4005,0.396337E-01
3.06458,13.4032,-0.214841E-01
3.06519,13.4059,0.435814E-01
3.06580,13.4085,0.733125E-02
3.06641,13.4112,-0.149670E-01
3.06702,13.4139,-0.246038E-01
3.06763,13.4165,0.313788E-01
3.06824,13.4192,-0.670824E-01
3.06885,13.4219,0.163351E-01
3.06946,13.4245,0.976144E-01
3.07007,13.4272,-0.356890E-01
3.07068,13.4299,0.195997E-01
3.07129,13.4325,0.180094E-02
3.07190,13.4352,-0.229022E-01
3.07251,13.4379,-0.442115E-01
3.07312,13.4406,0.694963E-02
3.07373,13.4432,0.145601
3.07434,13.4459,-0.236699E-02
3.07495,13.4486,-0.121145E-01
3.07556,13.4512,-0.372907E-01
3.07617,13.4539,0.611990E-02
3.07678,13.4566,-0.529926E-01
3.07739,13.4592,-0.456880E-02
3.07800,13.4619,0.788016E-02
3.07861,13.4646,-0.195723E-01
3.07922,13.4672,0.291172E-01
3.07983,13.4699,-0.133128E-01
3.08044,13.4726,-0.930717E-02
3.08105,13.4753,-0.175754E-01
3.08167,13.4779,0.267556E-01
3.08228,13.4806,0.141103E-01
3.08289,13.4833,0.351484E-01
3.08350,13.4859,-0.107390E-02
3.08411,13.4886,0.828844E-01
3.08472,13.4913,0.581816E-01
3.08533,13.4939,-0.147110E-02
3.08594,13.4966,-0.625304E-01
3.08655,13.4993,0.263904E-01
3.08716,13.5020,0.203565E-01
3.08777,13.5046,0.175703E-01
3.08838,13.5073,-0.434076E-01
3.08899,13.5100,-0.144100E-01
3.08960,13.5126,0.223710E-02
3.09021,13.5153,0.489771E-01
3.09082,13.5180,0.477766E-01
3.09143,13.5206,-0.419871E-01
3.09204,13.5233,-0.173499E-01
3.09265,13.5260,-0.224188E-01
3.09326,13.5286,0.202231
3.09387,13.5313,0.354310E-01
3.09448,13.5340,-0.684169E-02
3.09509,13.5367,0.124916
3.09570,13.5393,0.366632E-01
3.09631,13.5420,-0.480835E-01
3.09692,13.5447,-0.766533E-02
3.09753,13.5473,-0.504719E-01
3.09814,13.5500,0.787127E-02
3.09875,13.5527,0.156045E-01
3.09937,13.5553,-0.394936E-01
3.09998,13.5580,0.453311E-01
3.10059,13.5607,0.412998E-01
3.10120,13.5633,0.477134E-01
3.10181,13.5660,-0.316768E-01
3.10242,13.5687,-0.145779E-01
3.10303,13.5714,0.635755E-02
3.10364,13.5740,-0.855701E-02
3.10425,13.5767,-0.886136E-02
3.10486,13.5794,-0.424092E-01
3.10547,13.5820,-0.313902E-01
3.10608,13.5847,-0.236964E-01
3.10669,13.5874,-0.397955E-01
3.10730,13.5900,0.367258E-01
3.10791,13.5927,0.960455E-02
3.10852,13.5954,0.798268E-01
3.10913,13.5981,-0.175372E-01
3.10974,13.6007,0.498370E-01
3.11035,13.6034,-0.590301E-02
3.11096,13.6061,-0.235378E-01
3.11157,13.6087,0.556949E-01
3.11218,13.6114,0.551068E-01
3.11279,13.6141,0.444931E-01
3.11340,13.6167,0.199056E-02
3.11401,13.6194,-0.584543E-02
3.11462,13.6221,0.592297E-02
3.11523,13.6247,-0.742767E-02
3.11584,13.6274,0.166137E-01
3.11646,13.6301,0.164578E-01
3.11707,13.6328,0.220169E-01
3.11768,13.6354,0.749010E-02
3.11829,13.6381,0.258524E-01
3.11890,13.6408,0.458624E-01
3.11951,13.6434,-0.391904E-02
3.12012,13.6461,-0.229117E-01
3.12073,13.6488,-0.609688E-04
3.12134,13.6514,-0.205038E-01
3.12195,13.6541,-0.155858E-01
3.12256,13.6568,0.307681E-01
3.12317,13.6594,0.712848E-02
3.12378,13.6621,-0.199019E-02
3.12439,13.6648,-0.301805E-01
3.12500,13.6675,0.170825E-01
3.12561,13.6701,0.197774E-01
3.12622,13.6728,0.991721E-03
3.12683,13.6755,0.880938E-02
3.12744,13.6781,0.205269E-01
3.12805,13.6808,-0.334901E-01
3.12866,13.6835,-0.298662E-01
3.12927,13.6861,-0.122528E-02
3.12988,13.6888,-0.183910E-02
3.13049,13.6915,0.542537E-01
3.13110,13.6941,-0.658505E-02
3.13171,13.6968,0.570930E-01
3.13232,13.6995,0.593255E-01
3.13293,13.7022,-0.229282E-01
3.13354,13.7048,0.540823E-02
3.13416,13.7075,-0.214574E-02
3.13477,13.7102,-0.910995E-02
3.13538,13.7128,0.108509E-01
3.13599,13.7155,0.596426E-01
3.13660,13.7182,-0.121375
3.13721,13.7208,0.821261E-02
3.13782,13.7235,-0.136287E-03
3.13843,13.7262,0.222410E-01
3.13904,13.7289,-0.133824E-01
3.13965,13.7315,-0.444056E-01
3.14026,13.7342,0.284234E-02
3.14087,13.7369,0.235257E-01
3.14148,13.7395,-0.571987E-01
3.14209,13.7422,-0.132580E-01
3.14270,13.7449,-0.218928E-01
3.14331,13.7475,-0.198841E-01
3.14392,13.7502,0.197802E-01
3.14453,13.7529,0.227861E-01
3.14514,13.7555,0.118950E-01
3.14575,13.7582,0.309599E-01
3.14636,13.7609,0.253643E-02
3.14697,13.7636,-0.415979E-01
3.14758,13.7662,-0.223729E-01
3.14819,13.7689,0.356591E-01
3.14880,13.7716,0.313797E-01
3.14941,13.7742,0.933398E-01
3.15002,13.7769,0.353486E-01
3.15063,13.7796,-0.266396E-02
3.15125,13.7822,-0.822645E-02
3.15186,13.7849,0.640584E-02
3.15247,13.7876,0.351839E-01
3.15308,13.7902,-0.265243E-01
3.15369,13.7929,0.537966E-02
3.15430,13.7956,-0.416432E-01
3.15491,13.7983,-0.445338E-01
3.15552,13.8009,-0.366393E-02
3.15613,13.8036,-0.312194E-01
3.15674,13.8063,0.574910E-01
3.15735,13.8089,0.162558E-01
3.15796,13.8116,-0.354748E-01
3.15857,13.8143,0.304204E-03
3.15918,13.8169,-0.178403E-01
3.15979,13.8196,-0.431704E-01
3.16040,13.8223,-0.239397E-02
3.16101,13.8250,-0.158007E-01
3.16162,13.8276,-0.243493E-02
3.16223,13.8303,-0.158763E-01
3.16284,13.8330,0.440684E-01
3.16345,13.8356,0.362918E-01
3.16406,13.8383,-0.138177E-01
3.16467,13.8410,0.642797E-01
3.16528,13.8436,-0.128856E-01
3.16589,13.8463,0.207007E-01
3.16650,13.8490,-0.243944E-01
3.16711,13.8516,-0.516846E-01
3.16772,13.8543,-0.478602E-02
3.16833,13.8570,-0.976255E-02
3.16895,13.8597,0.110324E-01
3.16956,13.8623,-0.198066E-01
3.17017,13.8650,0.133728E-01
3.17078,13.8677,0.333334E-02
3.17139,13.8703,0.183214E-01
3.17200,13.8730,0.235907E-01
3.17261,13.8757,0.437784E-01
3.17322,13.8783,0.629059E-03
3.17383,13.8810,-0.103575E-01
3.17444,13.8837,-0.196831E-01
3.17505,13.8863,0.272339E-01
3.17566,13.8890,-0.553665E-02
3.17627,13.8917,0.659112E-02
3.17688,13.8944,-0.963488E-02
3.17749,13.8970,-0.351198E-02
3.17810,13.8997,0.246433E-01
3.17871,13.9024,0.623565E-01
3.17932,13.9050,-0.363934E-01
3.17993,13.9077,-0.249289E-02
3.18054,13.9104,0.270929E-01
3.18115,13.9130,0.527998E-01
3.18176,13.9157,-0.176141E-01
3.18237,13.9184,0.306795E-01
3.18298,13.9211,0.369556E-01
3.18359,13.9237,-0.250381E-01
3.18420,13.9264,0.438955E-02
3.18481,13.9291,-0.330523E-01
3.18542,13.9317,-0.419019E-01
3.18604,13.9344,0.286722E-01
3.18665,13.9371,-0.320547E-01
3.18726,13.9397,-0.622916E-01
3.18787,13.9424,0.252098E-01
3.18848,13.9451,-0.348838E-01
3.18909,13.9477,0.349255E-01
3.18970,13.9504,0.104736
3.19031,13.9531,-0.482947E-01
3.19092,13.9558,0.295846E-01
3.19153,13.9584,-0.780774E-03
3.19214,13.9611,0.601420E-01
3.19275,13.9638,0.108304
3.19336,13.9664,0.958261E-02
3.19397,13.9691,0.214549E-01
3.19458,13.9718,0.373427E-01
3.19519,13.9744,-0.325415E-01
3.19580,13.9771,-0.752498E-02
3.19641,13.9798,0.511998E-02
3.19702,13.9824,0.335469E-02
3.19763,13.9851,-0.345825E-01
3.19824,13.9878,0.904007E-02
3.19885,13.9905,0.221029E-01
3.19946,13.9931,0.128629E-02
3.20007,13.9958,0.449681E-01
3.20068,13.9985,0.337484E-01
3.20129,14.0011,-0.527361E-01
3.20190,14.0038,-0.320418E-01
3.20251,14.0065,-0.519717E-01
3.20312,14.0091,0.151884E-01
3.20374,14.0118,0.275251E-01
3.20435,14.0145,-0.598248E-02
3.20496,14.0171,-0.180971E-01
3.20557,14.0198,-0.126463E-02
3.20618,14.0225,-0.884422E-02
3.20679,14.0252,-0.488213E-02
3.20740,14.0278,-0.230259E-01
3.20801,14.0305,-0.225035E-02
3.20862,14.0332,-0.208612E-01
3.20923,14.0358,0.245604E-01
3.20984,14.0385,-0.373741E-01
3.21045,14.0412,0.279574E-01
3.21106,14.0438,-0.517767E-01
3.21167,14.0465,0.435633E-01
3.21228,14.0492,-0.626090E-01
3.21289,14.0519,-0.306885E-01
3.21350,14.0545,-0.714728E-01
3.21411,14.0572,-0.291312E-02
3.21472,14.0599,-0.195630E-01
3.21533,14.0625,-0.503282E-01
3.21594,14.0652,0.928248E-02
3.21655,14.0679,0.172113E-01
3.21716,14.0705,0.453745E-01
3.21777,14.0732,-0.433083E-01
3.21838,14.0759,-0.127103E-02
3.21899,14.0785,0.292758E-01
3.21960,14.0812,0.213239E-02
3.22021,14.0839,-0.553798E-02
3.22083,14.0866,-0.507731E-01
3.22144,14.0892,-0.190962E-01
3.22205,14.0919,-0.223221E-02
3.22266,14.0946,0.138862E-02
3.22327,14.0972,-0.270475E-02
3.22388,14.0999,0.430361E-02
3.22449,14.1026,-0.138339E-02
3.22510,14.1052,0.658608E-03
3.22571,14.1079,-0.349871E-01
3.22632,14.1106,0.889639E-02
3.22693,14.1132,0.105582E-01
3.22754,14.1159,-0.141869E-01
3.22815,14.1186,0.130813E-01
3.22876,14.1213,0.368219E-01
3.22937,14.1239,0.285625E-03
3.22998,14.1266,0.475591E-01
3.23059,14.1293,0.209750E-01
3.23120,14.1319,0.114131
3.23181,14.1346,-0.372477E-01
3.23242,14.1373,-0.754285E-01
3.23303,14.1399,-0.359933E-02
3.23364,14.1426,-0.287379E-02
3.23425,14.1453,-0.832774E-02
3.23486,14.1480,0.549339E-02
3.23547,14.1506,-0.207125E-01
3.23608,14.1533,-0.889488E-01
3.23669,14.1560,0.618656E-02
3.23730,14.1586,0.422838E-02
3.23792,14.1613,-0.426863E-01
3.23853,14.1640,0.460123E-02
3.23914,14.1666,-0.423039E-01
3.23975,14.1693,-0.964439E-02
3.24036,14.1720,-0.442442E-01
3.24097,14.1746,-0.224685E-02
3.24158,14.1773,-0.156356E-01
3.24219,14.1800,-0.345102E-01
3.24280,14.1827,0.653018E-01
3.24341,14.1853,-0.197177E-02
3.24402,14.1880,-0.120558E-02
3.24463,14.1907,0.158150E-01
3.24524,14.1933,-0.393551E-02
3.24585,14.1960,0.300928E-02
3.24646,14.1987,0.348822E-01
3.24707,14.2013,-0.124253E-01
3.24768,14.2040,-0.419920E-02
3.24829,14.2067,0.855425E-01
3.24890,14.2093,0.222803E-01
3.24951,14.2120,0.517787E-02
3.25012,14.2147,0.124017E-01
3.25073,14.2174,0.445230E-01
3.25134,14.2200,0.603863E-02
3.25195,14.2227,-0.109472E-01
3.25256,14.2254,0.273844E-01
3.25317,14.2280,-0.404364E-01
3.25378,14.2307,0.563998E-02
3.25439,14.2334,0.207130E-02
3.25500,14.2360,0.462163E-02
3.25562,14.2387,-0.674653E-02
3.25623,14.2414,-0.450117E-01
3.25684,14.2441,0.945523E-02
3.25745,14.2467,0.174838E-01
3.25806,14.2494,0.382757E-01
3.25867,14.2521,-0.905438E-02
3.25928,14.2547,-0.294856E-01
3.25989,14.2574,0.541707E-01
3.26050,14.2601,0.919238E-02
3.26111,14.2627,0.137323E-01
3.26172,14.2654,-0.283893E-01
3.26233,14.2681,0.591970E-01
3.26294,14.2707,0.181075E-01
3.26355,14.2734,0.389736E-01
3.26416,14.2761,0.170644E-01
3.26477,14.2788,0.203570E-01
3.26538,14.2814,-0.205158E-01
3.26599,14.2841,-0.606818E-02
3.26660,14.2868,0.899589E-02
3.26721,14.2894,0.513705E-02
3.26782,14.2921,0.321554E-01
3.26843,14.2948,0.342698E-02
3.26904,14.2974,0.280739E-01
3.26965,14.3001,0.613443E-01
3.27026,14.3028,0.125963E-01
3.27087,14.3054,0.848515E-02
3.27148,14.3081,-0.438135E-02
3.27209,14.3108,-0.152423
3.27271,14.3135,-0.394086E-01
3.27332,14.3161,-0.167688E-02
3.27393,14.3188,-0.801987E-02
3.27454,14.3215,-0.201409E-01
3.27515,14.3241,0.705200E-01
3.27576,14.3268,-0.330903E-02
3.27637,14.3295,-0.762743E-02
3.27698,14.3321,0.255103E-01
3.27759,14.3348,0.344259E-02
3.27820,14.3375,0.297724E-02
3.27881,14.3402,0.101755E-01
3.27942,14.3428,0.258966E-01
3.28003,14.3455,0.719861E-01
3.28064,14.3482,0.132593E-01
3.28125,14.3508,0.124933E-01
3.28186,14.3535,0.121527E-01
3.28247,14.3562,0.287331E-01
3.28308,14.3588,-0.569671E-02
3.28369,14.3615,0.118789E-01
3.28430,14.3642,0.720802E-01
3.28491,14.3668,0.729211E-02
3.28552,14.3695,0.833639E-02
3.28613,14.3722,-0.177233E-01
3.28674,14.3749,-0.164576
3.28735,14.3775,0.127459
3.28796,14.3802,-0.473096E-01
3.28857,14.3829,0.221725
3.28918,14.3855,-0.143607E-01
3.28979,14.3882,0.658524E-02
3.29041,14.3909,0.276066E-01
3.29102,14.3935,0.125066E-01
3.29163,14.3962,0.655597E-02
3.29224,14.3989,-0.151474E-01
3.29285,14.4015,0.673492E-02
3.29346,14.4042,-0.168952E-02
3.29407,14.4069,-0.481269E-01
3.29468,14.4096,0.504134E-03
3.29529,14.4122,0.832224E-02
3.29590,14.4149,-0.394526E-02
3.29651,14.4176,0.973277E-02
3.29712,14.4202,0.109408
3.29773,14.4229,-0.217530E-01
3.29834,14.4256,0.173571E-02
3.29895,14.4282,0.397826E-03
3.29956,14.4309,-0.333188E-02
3.30017,14.4336,0.670016E-02
3.30078,14.4362,-0.531353E-02
3.30139,14.4389,-0.496188E-02
3.30200,14.4416,0.940351E-02
3.30261,14.4443,0.297113E-01
3.30322,14.4469,-0.103809E-02
3.30383,14.4496,0.254550E-01
3.30444,14.4523,0.560914E-01
3.30505,14.4549,0.179606E-02
3.30566,14.4576,-0.383487E-01
3.30627,14.4603,0.436949E-01
3.30688,14.4629,0.344606E-01
3.30750,14.4656,-0.411783E-01
3.30811,14.4683,0.783864E-02
3.30872,14.4710,-0.796892E-02
3.30933,14.4736,0.683468E-02
3.30994,14.4763,0.177478E-02
3.31055,14.4790,0.728225E-03
3.31116,14.4816,-0.521825E-02
3.31177,14.4843,0.211126E-01
3.31238,14.4870,-0.248958E-01
3.31299,14.4896,-0.127395E-02
3.31360,14.4923,-0.462981E-01
3.31421,14.4950,-0.278160E-01
3.31482,14.4976,0.778559E-02
3.31543,14.5003,0.495757E-01
3.31604,14.5030,0.604610E-01
3.31665,14.5057,-0.340507E-01
3.31726,14.5083,-0.724501E-02
3.31787,14.5110,0.895177E-02
3.31848,14.5137,-0.497617E-01
3.31909,14.5163,0.229651E-01
3.31970,14.5190,-0.168325E-01
3.32031,14.5217,0.205407E-01
3.32092,14.5243,0.809290E-02
3.32153,14.5270,-0.102941
3.32214,14.5297,0.318088E-01
3.32275,14.5323,0.451550E-01
3.32336,14.5350,0.559023E-02
3.32397,14.5377,0.555888E-02
3.32458,14.5404,-0.409435E-01
3.32520,14.5430,0.213102E-01
3.32581,14.5457,0.596532E-01
3.32642,14.5484,-0.478359E-02
3.32703,14.5510,-0.315542E-02
3.32764,14.5537,-0.343190E-02
3.32825,14.5564,-0.589651E-01
3.32886,14.5590,0.117156
3.32947,14.5617,0.226978E-01
3.33008,14.5644,0.173420E-01
3.33069,14.5671,0.616179E-02
3.33130,14.5697,0.151212E-01
3.33191,14.5724,-0.138247E-01
3.33252,14.5751,-0.387755E-01
3.33313,14.5777,0.104390E-01
3.33374,14.5804,-0.113970E-01
3.33435,14.5831,0.988173E-04
3.33496,14.5857,0.128139E-02
3.33557,14.5884,0.913285E-02
3.33618,14.5911,-0.147767E-01
3.33679,14.5937,0.404803E-01
3.33740,14.5964,-0.256483E-01
3.33801,14.5991,0.207769E-01
3.33862,14.6018,0.250837E-01
3.33923,14.6044,0.379668E-01
3.33984,14.6071,-0.200740E-01
3.34045,14.6098,-0.576844E-01
3.34106,14.6124,0.552510E-02
3.34167,14.6151,0.874243E-02
3.34229,14.6178,0.138427E-01
3.34290,14.6204,-0.198561E-01
3.34351,14.6231,-0.142534E-01
3.34412,14.6258,0.372787E-01
3.34473,14.6284,0.114082E-01
3.34534,14.6311,-0.189748E-02
3.34595,14.6338,0.204327E-01
3.34656,14.6365,0.641524E-02
3.34717,14.6391,0.430685E-03
3.34778,14.6418,0.256831E-01
3.34839,14.6445,0.219382E-01
3.34900,14.6471,-0.139598E-01
3.34961,14.6498,-0.134584E-01
3.35022,14.6525,0.594403E-01
3.35083,14.6551,0.300876E-01
3.35144,14.6578,0.452015E-01
3.35205,14.6605,-0.105726E-01
3.35266,14.6632,-0.473508E-02
3.35327,14.6658,0.406313E-01
3.35388,14.6685,-0.530092E-01
3.35449,14.6712,0.607818E-01
3.35510,14.6738,-0.128879E-01
3.35571,14.6765,0.206242E-01
3.35632,14.6792,0.177059E-01
3.35693,14.6818,0.139459E-03
3.35754,14.6845,0.397307E-01
3.35815,14.6872,-0.274680E-02
3.35876,14.6898,0.146028E-01
3.35938,14.6925,0.135721E-01
3.35999,14.6952,0.652559E-02
3.36060,14.6979,0.745795E-03
3.36121,14.7005,0.498228E-02
3.36182,14.7032,0.344858E-01
3.36243,14.7059,0.397728E-01
3.36304,14.7085,-0.100866E-01
3.36365,14.7112,-0.496545E-03
3.36426,14.7139,0.213525E-01
3.36487,14.7165,-0.102376E-01
3.36548,14.7192,-0.388153E-01
3.36609,14.7219,-0.103378E-01
3.36670,14.7245,0.363624E-01
3.36731,14.7272,0.786691E-01
3.36792,14.7299,0.787656E-02
3.36853,14.7326,0.255269E-01
3.36914,14.7352,0.581494E-02
3.36975,14.7379,0.237126E-01
3.37036,14.7406,0.325729E-01
3.37097,14.7432,-0.130226E-01
3.37158,14.7459,-0.437905E-02
3.37219,14.7486,0.111251E-01
3.37280,14.7512,-0.215560E-01
3.37341,14.7539,0.351162E-02
3.37402,14.7566,0.236118E-01
3.37463,14.7592,0.103542E-01
3.37524,14.7619,-0.286523E-02
3.37585,14.7646,-0.157673E-01
3.37646,14.7673,-0.831245E-03
3.37708,14.7699,-0.117841
3.37769,14.7726,0.105930E-01
3.37830,14.7753,-0.128516E-02
3.37891,14.7779,0.364103E-02
3.37952,14.7806,0.384643E-02
3.38013,14.7833,0.261553E-01
3.38074,14.7859,-0.514908E-02
3.38135,14.7886,-0.185413E-01
3.38196,14.7913,0.892440E-02
3.38257,14.7940,-0.247324E-01
3.38318,14.7966,-0.151020E-01
3.38379,14.7993,-0.128062E-02
3.38440,14.8020,-0.143754E-01
3.38501,14.8046,-0.250855E-03
3.38562,14.8073,0.103096E-01
3.38623,14.8100,0.651613E-01
3.38684,14.8126,-0.330196E-01
3.38745,14.8153,-0.470389E-02
3.38806,14.8180,0.277551E-01
3.38867,14.8206,-0.466932E-02
3.38928,14.8233,0.346278E-01
3.38989,14.8260,-0.144108E-01
3.39050,14.8287,-0.779064E-02
3.39111,14.8313,-0.139949E-01
3.39172,14.8340,0.325715E-02
3.39233,14.8367,0.212296E-01
3.39294,14.8393,0.970540E-02
3.39355,14.8420,-0.357509E-01
3.39417,14.8447,0.377800E-03
3.39478,14.8473,0.831938E-02
3.39539,14.8500,0.765765E-02
3.39600,14.8527,-0.125794E-01
3.39661,14.8553,0.245648E-01
3.39722,14.8580,0.309896E-01
3.39783,14.8607,0.481768E-02
3.39844,14.8634,0.157042E-01
3.39905,14.8660,-0.908510E-02
3.39966,14.8687,-0.325992E-01
3.40027,14.8714,-0.111347E-01
3.40088,14.8740,0.371478E-02
3.40149,14.8767,0.113964
3.40210,14.8794,-0.692102E-02
3.40271,14.8820,-0.626993E-02
3.40332,14.8847,0.996011E-02
3.40393,14.8874,-0.910143E-02
3.40454,14.8901,-0.132954E-01
3.40515,14.8927,0.339077E-01
3.40576,14.8954,0.208307E-01
3.40637,14.8981,0.115887E-01
3.40698,14.9007,-0.241342E-01
3.40759,14.9034,-0.106923E-01
3.40820,14.9061,0.122095E-01
3.40881,14.9087,-0.148132E-01
3.40942,14.9114,0.148825E-01
3.41003,14.9141,-0.174624E-01
3.41064,14.9167,0.742292E-01
3.41125,14.9194,-0.598713E-02
3.41187,14.9221,-0.383260E-02
3.41248,14.9248,-0.305873E-03
3.41309,14.9274,0.188100E-01
3.41370,14.9301,-0.837923E-03
3.41431,14.9328,0.410729E-01
3.41492,14.9354,-0.549166E-02
3.41553,14.9381,0.255548E-01
3.41614,14.9408,0.319597E-02
3.41675,14.9434,0.482955E-02
3.41736,14.9461,-0.827324E-01
3.41797,14.9488,-0.188617E-01
3.41858,14.9514,0.697953E-02
3.41919,14.9541,0.139620E-01
3.41980,14.9568,-0.784227E-02
3.42041,14.9595,-0.277701E-01
3.42102,14.9621,-0.327500E-02
3.42163,14.9648,0.580463E-01
3.42224,14.9675,-0.299227E-02
3.42285,14.9701,0.795060E-02
3.42346,14.9728,0.132695E-01
3.42407,14.9755,0.120443
3.42468,14.9781,0.167799E-01
3.42529,14.9808,-0.480990E-03
3.42590,14.9835,0.243124E-02
3.42651,14.9862,0.413297E-01
3.42712,14.9888,-0.666982E-01
3.42773,14.9915,0.206937E-01
3.42834,14.9942,0.282322E-01
3.42896,14.9968,-0.396180E-01
3.42957,14.9995,-0.141411E-01
3.43018,15.0022,-0.270112E-01
3.43079,15.0048,0.403273E-01
3.43140,15.0075,0.417555E-01
3.43201,15.0102,-0.840182E-01
3.43262,15.0128,0.155036E-02
3.43323,15.0155,0.207042E-02
3.43384,15.0182,-0.165278E-01
3.43445,15.0209,0.550651E-02
3.43506,15.0235,0.166914E-01
3.43567,15.0262,0.240244E-01
3.43628,15.0289,-0.101706E-01
3.43689,15.0315,0.988073E-03
3.43750,15.0342,0.390178E-01
3.43811,15.0369,0.349757E-01
3.43872,15.0395,-0.220521E-01
3.43933,15.0422,-0.140370E-01
3.43994,15.0449,0.197861E-01
3.44055,15.0475,-0.336950E-01
3.44116,15.0502,0.231166E-01
3.44177,15.0529,-0.259268E-01
3.44238,15.0556,-0.348411E-02
3.44299,15.0582,0.308127E-01
3.44360,15.0609,0.391978E-01
3.44421,15.0636,0.784132E-01
3.44482,15.0662,-0.625524E-02
3.44543,15.0689,-0.152138E-01
3.44604,15.0716,-0.115740E-01
3.44666,15.0742,-0.459374E-01
3.44727,15.0769,0.173058E-01
3.44788,15.0796,-0.291508E-01
3.44849,15.0823,-0.437833E-01
3.44910,15.0849,-0.796133E-02
3.44971,15.0876,0.677411E-02
3.45032,15.0903,0.146500E-01
3.45093,15.0929,0.732599E-01
3.45154,15.0956,-0.165142E-01
3.45215,15.0983,-0.105797
3.45276,15.1009,0.295424E-01
3.45337,15.1036,0.312073E-03
3.45398,15.1063,0.210950E-01
3.45459,15.1089,-0.109824E-01
3.45520,15.1116,-0.412373E-01
3.45581,15.1143,0.321249E-02
3.45642,15.1170,0.739495E-03
3.45703,15.1196,0.887007E-01
3.45764,15.1223,-0.118783E-02
3.45825,15.1250,0.105158
3.45886,15.1276,-0.363467E-01
3.45947,15.1303,-0.110549E-01
3.46008,15.1330,0.152479E-01
3.46069,15.1356,-0.236707E-03
3.46130,15.1383,0.384728E-01
3.46191,15.1410,0.118234E-01
3.46252,15.1436,-0.354133E-01
3.46313,15.1463,-0.117514E-01
3.46375,15.1490,-0.131142E-02
3.46436,15.1517,-0.648379E-02
3.46497,15.1543,0.232664E-01
3.46558,15.1570,-0.979705E-02
3.46619,15.1597,0.192652E-01
3.46680,15.1623,0.210367E-01
3.46741,15.1650,0.141816E-01
3.46802,15.1677,-0.424764E-01
3.46863,15.1703,0.509119E-01
3.46924,15.1730,0.115872E-01
3.46985,15.1757,-0.172662E-01
3.47046,15.1783,0.388155E-02
3.47107,15.1810,0.345335E-01
3.47168,15.1837,0.414097E-01
3.47229,15.1864,0.143538E-02
3.47290,15.1890,0.388435E-01
3.47351,15.1917,0.178737E-01
3.47412,15.1944,0.545733E-01
3.47473,15.1970,0.207313E-01
3.47534,15.1997,-0.336849E-01
3.47595,15.2024,0.314957E-01
3.47656,15.2050,-0.122909E-01
3.47717,15.2077,-0.104863E-01
3.47778,15.2104,0.314927E-02
3.47839,15.2131,-0.261429E-01
3.47900,15.2157,-0.118944E-01
3.47961,15.2184,0.297741E-01
3.48022,15.2211,-0.864888E-03
3.48083,15.2237,0.642796E-01
3.48145,15.2264,-0.152574E-01
3.48206,15.2291,0.343857E-03
3.48267,15.2317,-0.126763E-01
3.48328,15.2344,-0.283878E-01
3.48389,15.2371,0.687063E-02
3.48450,15.2397,-0.198421E-01
3.48511,15.2424,0.359071E-01
3.48572,15.2451,0.425167E-01
3.48633,15.2478,0.530824E-01
3.48694,15.2504,-0.783824E-02
3.48755,15.2531,0.350784E-02
3.48816,15.2558,-0.456779E-01
3.48877,15.2584,0.285962E-02
3.48938,15.2611,0.208867E-01
3.48999,15.2638,0.182584E-01
3.49060,15.2664,0.486550E-01
3.49121,15.2691,0.846589E-01
3.49182,15.2718,0.125484E-01
3.49243,15.2744,-0.414307E-01
3.49304,15.2771,0.338485E-01
3.49365,15.2798,0.676995E-01
3.49426,15.2825,0.406287E-01
3.49487,15.2851,-0.123392E-01
3.49548,15.2878,0.337052E-03
3.49609,15.2905,0.149877E-01
3.49670,15.2931,0.317305E-02
3.49731,15.2958,0.154008E-01
3.49792,15.2985,-0.116540E-02
3.49854,15.3011,0.344212E-01
3.49915,15.3038,-0.599080E-01
3.49976,15.3065,0.113817E-01
3.50037,15.3092,0.198493E-01
3.50098,15.3118,-0.261128E-01
3.50159,15.3145,-0.161088E-01
3.50220,15.3172,-0.325761E-02
3.50281,15.3198,0.783072E-02
3.50342,15.3225,0.329227E-01
3.50403,15.3252,-0.877041E-02
3.50464,15.3278,0.488066E-02
3.50525,15.3305,0.773337E-01
3.50586,15.3332,0.638676E-03
3.50647,15.3358,0.427089E-02
3.50708,15.3385,-0.439048E-01
3.50769,15.3412,0.131518E-03
3.50830,15.3439,0.128112E-01
3.50891,15.3465,-0.101606E-01
3.50952,15.3492,-0.995000E-02
3.51013,15.3519,-0.149377E-01
3.51074,15.3545,-0.346986E-01
3.51135,15.3572,-0.559503E-01
3.51196,15.3599,0.207919E-01
3.51257,15.3625,0.346463E-01
3.51318,15.3652,-0.153635E-01
3.51379,15.3679,-0.117193E-01
3.51440,15.3705,-0.989846E-02
3.51501,15.3732,0.141835E-01
3.51562,15.3759,-0.290277E-02
3.51624,15.3786,-0.286147E-01
3.51685,15.3812,0.222833E-01
3.51746,15.3839,0.248666E-01
3.51807,15.3866,0.618016E-01
3.51868,15.3892,0.922923E-01
3.51929,15.3919,-0.159962E-01
3.51990,15.3946,0.222165E-01
3.52051,15.3972,-0.223496E-01
3.52112,15.3999,0.264063E-01
3.52173,15.4026,0.429139E-02
3.52234,15.4053,-0.329798E-01
3.52295,15.4079,-0.272285E-01
3.52356,15.4106,-0.236755E-01
3.52417,15.4133,0.141569E-01
3.52478,15.4159,0.943892E-01
3.52539,15.4186,-0.446152E-02
3.52600,15.4213,0.124508E-01
3.52661,15.4239,-0.864611E-01
3.52722,15.4266,-0.370580E-03
3.52783,15.4293,0.247354E-01
3.52844,15.4319,0.758631E-01
3.52905,15.4346,-0.940187E-02
3.52966,15.4373,-0.643247E-02
3.53027,15.4400,-0.194724E-01
3.53088,15.4426,-0.237114E-01
3.53149,15.4453,-0.325235E-02
3.53210,15.4480,-0.111225E-01
3.53271,15.4506,0.184670E-02
3.53333,15.4533,0.837046E-02
3.53394,15.4560,0.291814E-01
3.53455,15.4586,0.322540E-02
3.53516,15.4613,-0.230964E-01
3.53577,15.4640,-0.525984E-02
3.53638,15.4666,-0.569750E-02
3.53699,15.4693,0.122172
3.53760,15.4720,-0.448719E-01
3.53821,15.4747,-0.405652E-01
3.53882,15.4773,-0.153657E-01
3.53943,15.4800,0.159862E-01
3.54004,15.4827,0.943475E-01
3.54065,15.4853,0.490933E-01
3.54126,15.4880,0.122769E-01
3.54187,15.4907,-0.742195E-02
3.54248,15.4933,0.885564E-02
3.54309,15.4960,0.491887E-01
3.54370,15.4987,-0.447464E-02
3.54431,15.5013,-0.211954E-01
3.54492,15.5040,0.306066E-01
3.54553,15.5067,-0.793780E-02
3.54614,15.5094,-0.665432E-02
3.54675,15.5120,0.303181E-01
3.54736,15.5147,0.133209E-01
3.54797,15.5174,0.545528E-01
3.54858,15.5200,-0.127055E-01
3.54919,15.5227,-0.775696E-02
3.54980,15.5254,0.284990E-01
3.55042,15.5280,0.167215E-01
3.55103,15.5307,-0.131909E-01
3.55164,15.5334,0.235960E-01
3.55225,15.5361,0.141546E-01
3.55286,15.5387,-0.799573E-04
3.55347,15.5414,0.441944E-02
3.55408,15.5441,0.221513E-01
3.55469,15.5467,0.233792E-01
3.55530,15.5494,0.611753E-01
3.55591,15.5521,-0.115584E-01
3.55652,15.5547,-0.528866E-02
3.55713,15.5574,-0.711659E-02
3.55774,15.5601,0.149991E-01
3.55835,15.5627,-0.581541E-04
3.55896,15.5654,0.195112E-01
3.55957,15.5681,-0.425227E-01
3.56018,15.5708,0.194132E-01
3.56079,15.5734,0.845577E-01
3.56140,15.5761,0.613366E-03
3.56201,15.5788,0.120979
3.56262,15.5814,-0.142764E-01
3.56323,15.5841,-0.168011E-01
3.56384,15.5868,0.110152
3.56445,15.5894,0.441385E-03
3.56506,15.5921,0.366831E-01
3.56567,15.5948,0.853671E-02
3.56628,15.5974,-0.183040E-01
3.56689,15.6001,-0.302144E-02
3.56750,15.6028,-0.300910E-02
3.56812,15.6055,0.603661E-01
3.56873,15.6081,0.763116E-03
3.56934,15.6108,0.511910E-01
3.56995,15.6135,0.578849E-01
3.57056,15.6161,0.100250E-01
3.57117,15.6188,-0.272344E-01
3.57178,15.6215,0.109617E-01
3.57239,15.6241,0.320621E-01
3.57300,15.6268,-0.424928E-02
3.57361,15.6295,0.661969E-02
3.57422,15.6322,0.320333E-01
3.57483,15.6348,0.862790E-03
3.57544,15.6375,0.190344E-01
3.57605,15.6402,-0.295432E-01
3.57666,15.6428,-0.266587E-02
3.57727,15.6455,-0.131729E-01
3.57788,15.6482,0.290544E-02
3.57849,15.6508,-0.179622E-01
3.57910,15.6535,0.810997E-03
3.57971,15.6562,0.332216E-01
3.58032,15.6588,-0.406981E-01
3.58093,15.6615,0.382694E-01
3.58154,15.6642,0.228743E-02
3.58215,15.6669,0.241583E-01
3.58276,15.6695,-0.211341E-02
3.58337,15.6722,0.179274E-01
3.58398,15.6749,0.688357E-02
3.58459,15.6775,0.162873E-01
3.58521,15.6802,-0.187788E-01
3.58582,15.6829,-0.591004E-01
3.58643,15.6855,0.291866E-01
3.58704,15.6882,-0.710017E-03
3.58765,15.6909,0.509759E-01
3.58826,15.6935,0.192151E-01
3.58887,15.6962,-0.197424E-01
3.58948,15.6989,0.573793E-01
3.59009,15.7016,-0.472140E-01
3.59070,15.7042,0.884911E-01
3.59131,15.7069,0.548292E-01
3.59192,15.7096,0.221482E-01
3.59253,15.7122,-0.293781E-01
3.59314,15.7149,0.493557E-02
3.59375,15.7176,0.161327E-01
3.59436,15.7202,0.284182E-02
3.59497,15.7229,0.495293E-01
3.59558,15.7256,0.353972E-01
3.59619,15.7283,0.290131E-01
3.59680,15.7309,-0.744294E-02
3.59741,15.7336,0.337948E-02
3.59802,15.7363,-0.126143E-01
3.59863,15.7389,0.253950E-01
3.59924,15.7416,0.521685E-02
3.59985,15.7443,0.424406E-01
3.60046,15.7469,0.371386E-01
3.60107,15.7496,-0.104870E-01
3.60168,15.7523,-0.202262E-02
3.60229,15.7549,-0.242965E-01
3.60291,15.7576,-0.169610E-01
3.60352,15.7603,0.266362E-01
3.60413,15.7630,-0.273162E-02
3.60474,15.7656,0.110831E-01
3.60535,15.7683,0.154716E-01
3.60596,15.7710,0.571101E-02
3.60657,15.7736,-0.102719
3.60718,15.7763,0.776134E-01
3.60779,15.7790,-0.335656E-01
3.60840,15.7816,0.189851E-01
3.60901,15.7843,0.127750E-02
3.60962,15.7870,0.792792E-02
3.61023,15.7896,0.145560E-02
3.61084,15.7923,0.190304E-02
3.61145,15.7950,-0.822767E-01
3.61206,15.7977,-0.190746E-01
3.61267,15.8003,0.638159E-01
3.61328,15.8030,-0.891077E-02
3.61389,15.8057,-0.202931E-01
3.61450,15.8083,-0.224801E-01
3.61511,15.8110,0.145707E-01
3.61572,15.8137,0.340880E-01
3.61633,15.8163,0.152902E-01
3.61694,15.8190,0.131518E-01
3.61755,15.8217,-0.626728E-02
3.61816,15.8244,0.453551E-01
3.61877,15.8270,0.129642
3.61938,15.8297,-0.918548E-02
3.62000,15.8324,0.493973E-02
3.62061,15.8350,-0.178651E-01
3.62122,15.8377,-0.465418E-02
3.62183,15.8404,0.128095E-01
3.62244,15.8430,0.510747E-03
3.62305,15.8457,0.256788E-01
3.62366,15.8484,-0.140229E-01
3.62427,15.8510,-0.180568E-01
3.62488,15.8537,0.706120E-01
3.62549,15.8564,0.395212E-01
3.62610,15.8591,-0.382919E-01
3.62671,15.8617,-0.413921E-02
3.62732,15.8644,0.502197E-01
3.62793,15.8671,-0.169555E-01
3.62854,15.8697,-0.285120E-01
3.62915,15.8724,-0.104187E-02
3.62976,15.8751,0.621622E-03
3.63037,15.8777,0.784244E-02
3.63098,15.8804,-0.110882E-01
3.63159,15.8831,0.280040E-03
3.63220,15.8857,-0.204102E-01
3.63281,15.8884,-0.108005E-01
3.63342,15.8911,-0.206585E-01
3.63403,15.8938,-0.113355E-01
3.63464,15.8964,0.529396E-02
3.63525,15.8991,0.202234E-01
3.63586,15.9018,0.121305E-01
3.63647,15.9044,-0.349287E-04
3.63708,15.9071,-0.147608E-01
3.63770,15.9098,0.607509E-02
3.63831,15.9124,0.638724E-02
3.63892,15.9151,0.746038E-02
3.63953,15.9178,-0.610207E-01
3.64014,15.9204,-0.458572E-01
3.64075,15.9231,0.108603
3.64136,15.9258,-0.351206E-02
3.64197,15.9285,-0.641558E-02
3.64258,15.9311,0.282719E-02
3.64319,15.9338,0.293286E-01
3.64380,15.9365,-0.993101E-01
3.64441,15.9391,-0.114312E-01
3.64502,15.9418,-0.269754E-01
3.64563,15.9445,0.641528E-01
3.64624,15.9471,-0.154198E-01
3.64685,15.9498,0.370874E-02
3.64746,15.9525,0.524083E-01
3.64807,15.9552,-0.179449E-01
3.64868,15.9578,-0.278794E-01
3.64929,15.9605,0.155322E-01
3.64990,15.9632,0.161092E-01
3.65051,15.9658,-0.123584E-01
3.65112,15.9685,0.288693E-01
3.65173,15.9712,-0.802031E-03
3.65234,15.9738,0.824775E-02
3.65295,15.9765,0.327880E-02
3.65356,15.9792,-0.364851E-01
3.65417,15.9818,-0.763659E-02
3.65479,15.9845,0.167112E-01
3.65540,15.9872,-0.130205E-01
3.65601,15.9899,0.187851E-01
3.65662,15.9925,-0.182733E-02
3.65723,15.9952,0.368328E-02
3.65784,15.9979,0.950198E-02
3.65845,16.0005,0.410601E-01
3.65906,16.0032,0.401697E-01
3.65967,16.0059,0.480983E-01
3.66028,16.0085,0.487210E-02
3.66089,16.0112,-0.253719E-02
3.66150,16.0139,0.184084E-01
3.66211,16.0165,0.230940E-01
3.66272,16.0192,-0.874696E-02
3.66333,16.0219,0.918653E-02
3.66394,16.0246,-0.643589E-01
3.66455,16.0272,-0.145810E-01
3.66516,16.0299,0.920003E-01
3.66577,16.0326,0.600347E-01
3.66638,16.0352,-0.441897E-01
3.66699,16.0379,0.328709E-01
3.66760,16.0406,-0.435932E-01
3.66821,16.0432,0.114061E-01
3.66882,16.0459,-0.123521E-01
3.66943,16.0486,-0.189798E-01
3.67004,16.0513,0.243104E-01
3.67065,16.0539,0.329931E-02
3.67126,16.0566,0.547780E-02
3.67188,16.0593,-0.167927E-01
3.67249,16.0619,0.848977E-02
3.67310,16.0646,-0.394020E-02
3.67371,16.0673,0.154007E-01
3.67432,16.0699,-0.278307E-01
3.67493,16.0726,-0.581175E-02
3.67554,16.0753,0.611463E-01
3.67615,16.0779,0.335976E-01
3.67676,16.0806,0.942763E-01
3.67737,16.0833,-0.277499E-01
3.67798,16.0860,0.205041E-01
3.67859,16.0886,-0.118619E-01
3.67920,16.0913,0.277199E-02
3.67981,16.0940,-0.143279E-01
3.68042,16.0966,0.345869E-01
3.68103,16.0993,0.204642E-01
3.68164,16.1020,0.430478E-02
3.68225,16.1046,0.144254E-01
3.68286,16.1073,-0.666642E-02
3.68347,16.1100,0.315763E-02
3.68408,16.1126,0.114921E-02
3.68469,16.1153,0.198061E-01
3.68530,16.1180,0.228323E-01
3.68591,16.1207,-0.213638E-01
3.68652,16.1233,-0.409411E-04
3.68713,16.1260,0.115487E-01
3.68774,16.1287,0.998295E-02
3.68835,16.1313,0.384220E-01
3.68896,16.1340,0.463851E-01
3.68958,16.1367,0.141924E-01
3.69019,16.1393,0.638892E-02
3.69080,16.1420,-0.408539E-01
3.69141,16.1447,0.755322E-02
3.69202,16.1474,0.327816E-02
3.69263,16.1500,-0.900286E-04
3.69324,16.1527,-0.120963E-02
3.69385,16.1554,-0.600764E-02
3.69446,16.1580,-0.196938E-01
3.69507,16.1607,0.333619E-03
3.69568,16.1634,0.286815E-02
3.69629,16.1660,-0.591041E-01
3.69690,16.1687,0.295886E-02
3.69751,16.1714,-0.379150E-02
3.69812,16.1740,0.322834E-01
3.69873,16.1767,-0.413775E-01
3.69934,16.1794,0.235790E-01
3.69995,16.1821,-0.505690E-02
3.70056,16.1847,0.102827
3.70117,16.1874,0.105896E-01
3.70178,16.1901,0.248419E-01
3.70239,16.1927,0.223615E-01
3.70300,16.1954,-0.818425E-03
3.70361,16.1981,0.688842E-01
3.70422,16.2007,-0.318065E-01
3.70483,16.2034,0.341815E-01
3.70544,16.2061,0.283760E-01
3.70605,16.2087,0.101673E-01
3.70667,16.2114,-0.693017E-02
3.70728,16.2141,0.231697E-01
3.70789,16.2168,-0.363843E-01
3.70850,16.2194,-0.298021E-01
3.70911,16.2221,0.365848E-01
3.70972,16.2248,0.689491E-01
3.71033,16.2274,0.277619E-01
3.71094,16.2301,-0.430537E-02
3.71155,16.2328,0.232926E-01
3.71216,16.2354,0.953948E-01
3.71277,16.2381,-0.529414E-03
3.71338,16.2408,-0.604158E-02
3.71399,16.2435,-0.197434E-01
3.71460,16.2461,-0.529086E-02
3.71521,16.2488,-0.430028E-01
3.71582,16.2515,0.623584E-02
3.71643,16.2541,0.406621E-01
3.71704,16.2568,-0.192714E-02
3.71765,16.2595,0.195126E-01
3.71826,16.2621,-0.158400E-01
3.71887,16.2648,-0.108979E-01
3.71948,16.2675,0.154676
3.72009,16.2701,0.321446E-02
3.72070,16.2728,-0.448880E-01
3.72131,16.2755,0.328747E-01
3.72192,16.2782,0.874173E-01
3.72253,16.2808,-0.261474E-01
3.72314,16.2835,0.343827E-01
3.72375,16.2862,-0.116135E-02
3.72437,16.2888,-0.152247E-01
3.72498,16.2915,-0.106818E-01
3.72559,16.2942,0.226608E-01
3.72620,16.2968,-0.471283E-01
3.72681,16.2995,-0.317544E-01
3.72742,16.3022,-0.824427E-02
3.72803,16.3048,-0.147667E-01
3.72864,16.3075,0.160210E-01
3.72925,16.3102,0.365550E-01
3.72986,16.3129,0.799831E-01
3.73047,16.3155,-0.318950E-01
3.73108,16.3182,0.409430E-01
3.73169,16.3209,-0.858270E-01
3.73230,16.3235,-0.676374E-02
3.73291,16.3262,0.606929E-02
3.73352,16.3289,-0.526524E-02
3.73413,16.3315,-0.285929E-03
3.73474,16.3342,0.452061E-01
3.73535,16.3369,0.215753E-01
3.73596,16.3395,-0.192339E-01
3.73657,16.3422,0.285494E-01
3.73718,16.3449,0.379077E-01
3.73779,16.3476,0.189226E-01
3.73840,16.3502,-0.369753E-02
3.73901,16.3529,0.541253E-01
3.73962,16.3556,0.235301E-01
3.74023,16.3582,-0.220918E-01
3.74084,16.3609,0.147005E-02
3.74146,16.3636,0.299432E-01
3.74207,16.3662,0.726784E-01
3.74268,16.3689,-0.603141E-01
3.74329,16.3716,0.687346E-01
3.74390,16.3743,-0.208138E-01
3.74451,16.3769,0.975022E-02
3.74512,16.3796,0.512712E-02
3.74573,16.3823,-0.363794E-01
3.74634,16.3849,0.314967E-02
3.74695,16.3876,-0.389258E-01
3.74756,16.3903,-0.274707E-02
3.74817,16.3929,-0.439570E-02
3.74878,16.3956,-0.814938E-03
3.74939,16.3983,0.239662E-01
3.75000,16.4009,-0.404054E-01
3.75061,16.4036,0.154473E-01
3.75122,16.4063,-0.170626E-02
3.75183,16.4090,0.427436E-01
3.75244,16.4116,0.201573
3.75305,16.4143,-0.186112E-01
3.75366,16.4170,0.554670E-02
3.75427,16.4196,0.132348E-01
3.75488,16.4223,0.142902E-01
3.75549,16.4250,0.375365E-01
3.75610,16.4276,0.193217E-02
3.75671,16.4303,0.308736E-01
3.75732,16.4330,0.197942E-01
3.75793,16.4356,-0.122897E-01
3.75854,16.4383,0.405557E-02
3.75916,16.4410,-0.194709E-01
3.75977,16.4437,-0.101325E-01
3.76038,16.4463,-0.217806E-01
3.76099,16.4490,0.289609E-01
3.76160,16.4517,0.148512E-01
3.76221,16.4543,0.418385E-01
3.76282,16.4570,-0.143303
3.76343,16.4597,-0.404438E-02
3.76404,16.4623,-0.656499E-01
3.76465,16.4650,0.878120E-01
3.76526,16.4677,0.131723E-01
3.76587,16.4704,0.672113E-02
3.76648,16.4730,0.356754E-01
3.76709,16.4757,0.890799E-01
3.76770,16.4784,0.167124E-01
3.76831,16.4810,0.428607E-03
3.76892,16.4837,0.138043E-01
3.76953,16.4864,0.375310E-03
3.77014,16.4890,-0.175161E-01
3.77075,16.4917,-0.357095E-03
3.77136,16.4944,0.475232E-02
3.77197,16.4970,-0.422194E-01
3.77258,16.4997,-0.483872E-02
3.77319,16.5024,0.466074E-03
3.77380,16.5051,0.456667E-01
3.77441,16.5077,-0.512264E-01
3.77502,16.5104,0.393669E-02
3.77563,16.5131,-0.114953E-01
3.77625,16.5157,0.206835E-01
3.77686,16.5184,-0.401082E-02
3.77747,16.5211,0.453585E-02
3.77808,16.5237,-0.124997E-01
3.77869,16.5264,-0.181241E-01
3.77930,16.5291,-0.318947E-01
3.77991,16.5317,0.201827E-01
3.78052,16.5344,-0.144028E-01
3.78113,16.5371,0.108438E-01
3.78174,16.5398,0.377455E-01
3.78235,16.5424,-0.226569E-01
3.78296,16.5451,-0.167739E-01
3.78357,16.5478,-0.768074E-02
3.78418,16.5504,-0.100620
3.78479,16.5531,-0.811366E-02
3.78540,16.5558,0.667739E-01
3.78601,16.5584,0.715101E-01
3.78662,16.5611,-0.358002E-01
3.78723,16.5638,0.447029E-01
3.78784,16.5665,0.215375E-01
3.78845,16.5691,0.338168E-01
3.78906,16.5718,-0.309909E-01
3.78967,16.5745,0.187686E-01
3.79028,16.5771,-0.598922E-02
3.79089,16.5798,0.599904E-01
3.79150,16.5825,0.344815E-01
3.79211,16.5851,-0.250581E-02
3.79272,16.5878,-0.309636E-01
3.79333,16.5905,-0.227136E-02
3.79395,16.5931,-0.217941E-01
3.79456,16.5958,0.438163E-01
3.79517,16.5985,-0.214213E-02
3.79578,16.6012,0.560333E-01
3.79639,16.6038,0.392240E-01
3.79700,16.6065,0.580288E-01
3.79761,16.6092,0.125591
3.79822,16.6118,0.637938E-02
3.79883,16.6145,0.142261
3.79944,16.6172,-0.618573E-02
3.80005,16.6198,0.210470E-01
3.80066,16.6225,-0.361285E-01
3.80127,16.6252,-0.374811E-01
3.80188,16.6278,-0.255538E-01
3.80249,16.6305,-0.559111E-02
3.80310,16.6332,-0.323964E-02
3.80371,16.6359,0.245293E-02
3.80432,16.6385,-0.155761E-01
3.80493,16.6412,0.186209
3.80554,16.6439,-0.244495E-01
3.80615,16.6465,0.920009E-02
3.80676,16.6492,-0.564083E-02
3.80737,16.6519,-0.126972E-02
3.80798,16.6545,-0.115260
3.80859,16.6572,0.102327E-01
3.80920,16.6599,0.197247E-02
3.80981,16.6625,0.719015E-01
3.81042,16.6652,-0.850776E-02
3.81104,16.6679,-0.160659E-01
3.81165,16.6706,0.901641E-03
3.81226,16.6732,-0.698071E-02
3.81287,16.6759,0.642920E-01
3.81348,16.6786,0.258241E-01
3.81409,16.6812,0.146101E-02
3.81470,16.6839,-0.247209E-01
3.81531,16.6866,0.102125E-01
3.81592,16.6892,0.647092E-02
3.81653,16.6919,0.379954E-02
3.81714,16.6946,0.225160E-01
3.81775,16.6973,0.177243E-01
3.81836,16.6999,0.564585E-02
3.81897,16.7026,0.122012E-01
3.81958,16.7053,0.214294E-02
3.82019,16.7079,0.286260E-02
3.82080,16.7106,-0.635616E-02
3.82141,16.7133,0.121631E-01
3.82202,16.7159,0.305706E-01
3.82263,16.7186,0.331659E-02
3.82324,16.7213,0.448729E-02
3.82385,16.7239,0.316944E-02
3.82446,16.7266,-0.319106E-01
3.82507,16.7293,-0.545147E-02
3.82568,16.7320,0.323183E-01
3.82629,16.7346,-0.229956E-01
3.82690,16.7373,0.789512E-02
3.82751,16.7400,0.209533E-01
3.82812,16.7426,0.532670E-01
3.82874,16.7453,0.193054E-01
3.82935,16.7480,0.318508E-01
3.82996,16.7506,0.180782E-01
3.83057,16.7533,0.105594E-01
3.83118,16.7560,0.960380E-01
3.83179,16.7586,0.108957E-01
3.83240,16.7613,0.286935E-01
3.83301,16.7640,0.283135E-01
3.83362,16.7667,0.113412
3.83423,16.7693,0.140941E-01
3.83484,16.7720,0.117628
3.83545,16.7747,0.146502E-01
3.83606,16.7773,0.579124E-01
3.83667,16.7800,0.296660E-02
3.83728,16.7827,0.433629E-01
3.83789,16.7853,-0.666305E-02
3.83850,16.7880,-0.219661E-01
3.83911,16.7907,0.249845E-01
3.83972,16.7934,0.628882E-01
3.84033,16.7960,-0.254883E-01
3.84094,16.7987,0.199693E-01
3.84155,16.8014,-0.149048E-02
3.84216,16.8040,0.890730E-02
3.84277,16.8067,-0.237652E-01
3.84338,16.8094,-0.118148E-01
3.84399,16.8120,-0.340781E-01
3.84460,16.8147,0.107972E-01
3.84521,16.8174,0.962471E-03
3.84583,16.8200,0.541615E-02
3.84644,16.8227,-0.549460E-02
3.84705,16.8254,-0.110206E-01
3.84766,16.8281,0.805468E-02
3.84827,16.8307,0.181178E-01
3.84888,16.8334,0.606161E-01
3.84949,16.8361,-0.913230E-01
3.85010,16.8387,0.603286E-01
3.85071,16.8414,0.244783E-01
3.85132,16.8441,0.351621E-01
3.85193,16.8467,-0.365434E-01
3.85254,16.8494,0.128369E-01
3.85315,16.8521,0.290797E-01
3.85376,16.8547,-0.108893E-03
3.85437,16.8574,0.329037E-01
3.85498,16.8601,0.951090E-04
3.85559,16.8628,0.637160E-02
3.85620,16.8654,-0.106335E-01
3.85681,16.8681,0.499230E-02
3.85742,16.8708,-0.147165E-01
3.85803,16.8734,0.309238E-02
3.85864,16.8761,0.170046E-01
3.85925,16.8788,-0.773625E-02
3.85986,16.8814,0.419263E-02
3.86047,16.8841,0.466078E-01
3.86108,16.8868,0.101190E-01
3.86169,16.8895,0.409919E-02
3.86230,16.8921,0.678179E-02
3.86292,16.8948,0.128824E-01
3.86353,16.8975,-0.579235E-02
3.86414,16.9001,0.381569E-01
3.86475,16.9028,-0.506761E-01
3.86536,16.9055,0.486712E-02
3.86597,16.9081,-0.295605E-02
3.86658,16.9108,-0.319092E-02
3.86719,16.9135,-0.176051E-02
3.86780,16.9161,0.125849E-01
3.86841,16.9188,0.693815E-01
3.86902,16.9215,-0.305804E-01
3.86963,16.9242,0.755884E-02
3.87024,16.9268,-0.619513E-02
3.87085,16.9295,0.917962E-02
3.87146,16.9322,0.248129E-01
3.87207,16.9348,-0.154587E-01
3.87268,16.9375,0.589419E-02
3.87329,16.9402,-0.223819E-01
3.87390,16.9428,0.265488E-01
3.87451,16.9455,0.308370E-02
3.87512,16.9482,0.107736E-01
3.87573,16.9508,0.102113E-01
3.87634,16.9535,0.439293E-01
3.87695,16.9562,0.368513E-01
3.87756,16.9589,-0.216951E-01
3.87817,16.9615,0.132870E-02
3.87878,16.9642,0.146750E-01
3.87939,16.9669,0.239180E-02
3.88000,16.9695,0.108941E-02
3.88062,16.9722,0.326641E-01
3.88123,16.9749,0.891035E-03
3.88184,16.9775,0.266790E-01
3.88245,16.9802,0.205954E-01
3.88306,16.9829,0.343457E-01
3.88367,16.9856,-0.103031E-01
3.88428,16.9882,0.231702E-01
3.88489,16.9909,-0.283040E-01
3.88550,16.9936,-0.240550E-02
3.88611,16.9962,-0.701673E-01
3.88672,16.9989,-0.969928E-03
3.88733,17.0016,0.102273E-02
3.88794,17.0042,-0.143742E-02
3.88855,17.0069,-0.499840E-03
3.88916,17.0096,-0.117034E-01
3.88977,17.0122,0.262143E-01
3.89038,17.0149,0.192062E-01
3.89099,17.0176,-0.341343E-01
3.89160,17.0203,0.191971E-01
3.89221,17.0229,-0.232161E-02
3.89282,17.0256,0.396723E-01
3.89343,17.0283,-0.478346E-02
3.89404,17.0309,0.263578E-01
3.89465,17.0336,0.764045E-02
3.89526,17.0363,0.146543E-01
3.89587,17.0389,-0.599884E-02
3.89648,17.0416,-0.473094E-02
3.89709,17.0443,0.142854E-01
3.89771,17.0469,-0.170763E-01
3.89832,17.0496,0.174839E-01
3.89893,17.0523,0.203955E-02
3.89954,17.0550,-0.236660E-01
3.90015,17.0576,0.109061E-01
3.90076,17.0603,-0.287145E-02
3.90137,17.0630,0.712546E-01
3.90198,17.0656,-0.589394E-02
3.90259,17.0683,-0.668245E-02
3.90320,17.0710,0.898524E-02
3.90381,17.0736,0.373599E-01
3.90442,17.0763,0.104792E-01
3.90503,17.0790,0.603009E-01
3.90564,17.0816,-0.876370E-01
3.90625,17.0843,0.906053E-02
3.90686,17.0870,0.147584E-01
3.90747,17.0897,0.611687E-01
3.90808,17.0923,0.150825E-01
3.90869,17.0950,0.425236E-02
3.90930,17.0977,-0.713361E-02
3.90991,17.1003,0.275687E-01
3.91052,17.1030,-0.346636E-02
3.91113,17.1057,-0.491279E-02
3.91174,17.1083,0.324337E-01
3.91235,17.1110,-0.163481E-01
3.91296,17.1137,0.160228E-01
3.91357,17.1164,-0.169400E-01
3.91418,17.1190,0.223148E-02
3.91479,17.1217,-0.982662E-02
3.91541,17.1244,0.109159E-01
3.91602,17.1270,0.487788E-02
3.91663,17.1297,0.751866E-02
3.91724,17.1324,-0.207734E-02
3.91785,17.1350,0.468204E-01
3.91846,17.1377,-0.886386E-02
3.91907,17.1404,0.334009E-01
3.91968,17.1430,-0.121056E-01
3.92029,17.1457,-0.105060E-01
3.92090,17.1484,-0.934012E-02
3.92151,17.1511,0.222386E-01
3.92212,17.1537,-0.684194E-01
3.92273,17.1564,0.536746E-02
3.92334,17.1591,0.616526E-01
3.92395,17.1617,-0.337744E-03
3.92456,17.1644,-0.237025E-01
3.92517,17.1671,0.603976E-01
3.92578,17.1697,0.397861E-01
3.92639,17.1724,-0.387911E-02
3.92700,17.1751,-0.366413E-01
3.92761,17.1777,0.928981E-02
3.92822,17.1804,0.608375E-01
3.92883,17.1831,0.688675E-01
3.92944,17.1858,0.660214E-02
3.93005,17.1884,0.335648E-01
3.93066,17.1911,0.258165E-01
3.93127,17.1938,0.420975E-03
3.93188,17.1964,-0.173807E-01
3.93250,17.1991,-0.443497E-01
3.93311,17.2018,-0.735570E-02
3.93372,17.2044,0.268214E-01
3.93433,17.2071,0.659272E-03
3.93494,17.2098,-0.453442E-01
3.93555,17.2125,0.173011E-01
3.93616,17.2151,0.431728E-01
3.93677,17.2178,0.269641E-02
3.93738,17.2205,-0.314538E-01
3.93799,17.2231,0.783232E-02
3.93860,17.2258,-0.697970E-02
3.93921,17.2285,-0.140825E-01
3.93982,17.2311,-0.292008E-01
3.94043,17.2338,-0.493535E-01
3.94104,17.2365,0.582081E-02
3.94165,17.2391,-0.118475E-01
3.94226,17.2418,0.398465E-01
3.94287,17.2445,0.619750E-01
3.94348,17.2472,-0.901117E-01
3.94409,17.2498,0.570782E-01
3.94470,17.2525,0.547484E-01
3.94531,17.2552,0.795336E-01
3.94592,17.2578,0.102093E-01
3.94653,17.2605,-0.946916E-01
3.94714,17.2632,0.245035E-01
3.94775,17.2658,-0.273808E-02
3.94836,17.2685,0.502821E-01
3.94897,17.2712,0.998342E-02
3.94958,17.2738,-0.636623E-02
3.95020,17.2765,0.191410E-02
3.95081,17.2792,-0.227996E-01
3.95142,17.2819,-0.744782E-01
3.95203,17.2845,0.240201E-01
3.95264,17.2872,-0.952350E-02
3.95325,17.2899,0.133648E-03
3.95386,17.2925,0.451192E-01
3.95447,17.2952,0.672416E-02
3.95508,17.2979,0.374964E-01
3.95569,17.3005,-0.156866E-01
3.95630,17.3032,-0.613452E-02
3.95691,17.3059,0.324534E-01
3.95752,17.3086,0.203022E-02
3.95813,17.3112,-0.310580E-01
3.95874,17.3139,0.202174E-02
3.95935,17.3166,0.537329E-02
3.95996,17.3192,-0.402250E-03
3.96057,17.3219,0.645876E-01
3.96118,17.3246,-0.375723E-01
3.96179,17.3272,0.247142E-01
3.96240,17.3299,-0.117302E-01
3.96301,17.3326,-0.599659E-01
3.96362,17.3352,-0.405530E-01
3.96423,17.3379,-0.240434E-01
3.96484,17.3406,0.277887E-01
3.96545,17.3433,-0.135772E-01
3.96606,17.3459,-0.191303E-01
3.96667,17.3486,-0.115505E-01
3.96729,17.3513,-0.402854E-01
3.96790,17.3539,0.152371E-01
3.96851,17.3566,0.936509E-01
3.96912,17.3593,-0.187389E-01
3.96973,17.3619,0.455203E-01
3.97034,17.3646,-0.104465
3.97095,17.3673,-0.234166E-01
3.97156,17.3699,0.675444E-02
3.97217,17.3726,-0.167872E-01
3.97278,17.3753,0.609045E-02
3.97339,17.3780,-0.297188E-01
3.97400,17.3806,0.254570E-01
3.97461,17.3833,-0.734908E-02
3.97522,17.3860,0.171323E-01
3.97583,17.3886,-0.455572E-01
3.97644,17.3913,-0.161830E-01
3.97705,17.3940,-0.193474E-01
3.97766,17.3966,-0.312261E-01
3.97827,17.3993,0.142654E-02
3.97888,17.4020,0.587269E-02
3.97949,17.4046,0.359567E-01
3.98010,17.4073,-0.163969E-01
3.98071,17.4100,-0.341413E-01
3.98132,17.4127,0.299698E-01
3.98193,17.4153,0.577759E-01
3.98254,17.4180,0.148389E-01
3.98315,17.4207,-0.189897E-01
3.98376,17.4233,-0.261669E-01
3.98438,17.4260,0.438099E-01
3.98499,17.4287,0.507111E-01
3.98560,17.4313,-0.171618E-02
3.98621,17.4340,0.128205E-02
3.98682,17.4367,-0.958547E-02
3.98743,17.4394,-0.623846E-02
3.98804,17.4420,-0.126869E-01
3.98865,17.4447,0.107152E-01
3.98926,17.4474,-0.197658E-01
3.98987,17.4500,-0.291368E-02
3.99048,17.4527,-0.124998E-01
3.99109,17.4554,0.105858E-01
3.99170,17.4580,0.816573E-02
3.99231,17.4607,0.165926E-02
3.99292,17.4634,0.437734E-01
3.99353,17.4660,0.863621E-02
3.99414,17.4687,-0.216456E-02
3.99475,17.4714,-0.127860E-01
3.99536,17.4741,-0.182144E-01
3.99597,17.4767,-0.565725E-02
3.99658,17.4794,0.615795E-02
3.99719,17.4821,0.617568E-01
3.99780,17.4847,-0.130178
3.99841,17.4874,-0.512877E-02
3.99902,17.4901,-0.636142E-02
3.99963,17.4927,0.351576E-02
4.00024,17.4954,0.289818E-02
4.00085,17.4981,-0.147029E-01
4.00146,17.5007,0.125335E-01
4.00208,17.5034,0.256567E-01
4.00269,17.5061,-0.395074E-01
4.00330,17.5088,0.355292E-01
4.00391,17.5114,0.199459E-01
4.00452,17.5141,0.454269E-02
4.00513,17.5168,0.133746E-01
4.00574,17.5194,-0.386975E-01
4.00635,17.5221,-0.375639E-01
4.00696,17.5248,0.951331E-02
4.00757,17.5274,-0.242058E-01
4.00818,17.5301,-0.635083E-02
4.00879,17.5328,0.306228E-01
4.00940,17.5355,-0.101625E-01
4.01001,17.5381,0.169919E-01
4.01062,17.5408,-0.273737E-01
4.01123,17.5435,-0.169560E-01
4.01184,17.5461,-0.440582E-01
4.01245,17.5488,-0.408324E-01
4.01306,17.5515,0.267608E-01
4.01367,17.5541,-0.213374E-02
4.01428,17.5568,-0.316618E-01
4.01489,17.5595,-0.173890E-01
4.01550,17.5621,-0.187762E-01
4.01611,17.5648,0.298410E-01
4.01672,17.5675,0.104992E-01
4.01733,17.5702,0.270156E-02
4.01794,17.5728,-0.672617E-01
4.01855,17.5755,0.534173E-01
4.01917,17.5782,-0.657728E-02
4.01978,17.5808,0.630250E-01
4.02039,17.5835,-0.330522E-01
4.02100,17.5862,0.934964E-01
4.02161,17.5888,-0.330118E-01
4.02222,17.5915,0.792008E-02
4.02283,17.5942,0.608680E-01
4.02344,17.5968,-0.337218E-01
4.02405,17.5995,0.969071E-02
4.02466,17.6022,0.149724E-01
4.02527,17.6049,0.157576E-01
4.02588,17.6075,0.336425E-02
4.02649,17.6102,-0.326504E-01
4.02710,17.6129,0.750965E-01
4.02771,17.6155,0.187350E-01
4.02832,17.6182,0.115450E-01
4.02893,17.6209,-0.279147E-01
4.02954,17.6235,-0.798965E-02
4.03015,17.6262,-0.420157E-02
4.03076,17.6289,-0.434675E-01
4.03137,17.6316,0.108631E-02
4.03198,17.6342,0.346448E-01
4.03259,17.6369,0.827549E-02
4.03320,17.6396,0.303795E-01
4.03381,17.6422,0.139874E-01
4.03442,17.6449,0.501736E-01
4.03503,17.6476,0.144326E-01
4.03564,17.6502,0.877506E-01
4.03625,17.6529,-0.119865E-01
4.03687,17.6556,0.587517E-01
4.03748,17.6582,-0.110039E-01
4.03809,17.6609,0.315297E-01
4.03870,17.6636,-0.399857E-01
4.03931,17.6663,0.128136E-01
4.03992,17.6689,-0.170586E-01
4.04053,17.6716,0.178625E-01
4.04114,17.6743,-0.479224E-01
4.04175,17.6769,0.114166E-01
4.04236,17.6796,0.313667E-01
4.04297,17.6823,0.433576E-01
4.04358,17.6849,0.194487E-01
4.04419,17.6876,0.309955E-01
4.04480,17.6903,0.496363E-01
4.04541,17.6929,-0.972821E-02
4.04602,17.6956,0.374985E-01
4.04663,17.6983,-0.291011E-01
4.04724,17.7010,0.167687E-01
4.04785,17.7036,0.182987E-01
4.04846,17.7063,-0.363038E-02
4.04907,17.7090,0.360803E-02
4.04968,17.7116,0.313783E-01
4.05029,17.7143,-0.608075E-01
4.05090,17.7170,0.737187E-01
4.05151,17.7196,0.318961E-01
4.05212,17.7223,-0.216927E-01
4.05273,17.7250,0.548383E-02
4.05334,17.7277,0.538622E-02
4.05396,17.7303,0.245613E-01
4.05457,17.7330,0.602981E-01
4.05518,17.7357,-0.224882E-01
4.05579,17.7383,0.108541
4.05640,17.7410,0.736562E-01
4.05701,17.7437,0.546288E-01
4.05762,17.7463,-0.606259E-01
4.05823,17.7490,0.825475E-03
4.05884,17.7517,0.907559E-02
4.05945,17.7543,0.589632E-01
4.06006,17.7570,0.132606E-01
4.06067,17.7597,-0.421354E-01
4.06128,17.7624,0.138231E-01
4.06189,17.7650,-0.147952E-02
4.06250,17.7677,0.464507E-02
4.06311,17.7704,-0.250519E-01
4.06372,17.7730,-0.597902E-01
4.06433,17.7757,0.273818E-02
4.06494,17.7784,0.531141E-01
4.06555,17.7810,0.529790E-02
4.06616,17.7837,-0.242464E-01
4.06677,17.7864,0.115302E-01
4.06738,17.7890,0.812889E-03
4.06799,17.7917,-0.300346E-01
4.06860,17.7944,-0.259360E-02
4.06921,17.7971,0.246553E-03
4.06982,17.7997,0.538632E-02
4.07043,17.8024,-0.422862E-01
4.07104,17.8051,-0.576656E-02
4.07166,17.8077,0.286916E-01
4.07227,17.8104,-0.340590E-01
4.07288,17.8131,-0.111337E-01
4.07349,17.8157,-0.510701E-03
4.07410,17.8184,0.506338E-01
4.07471,17.8211,0.216909E-01
4.07532,17.8237,0.151779E-01
4.07593,17.8264,-0.395319E-01
4.07654,17.8291,-0.399899E-01
4.07715,17.8318,-0.583340E-01
4.07776,17.8344,0.343677E-03
4.07837,17.8371,0.348022E-01
4.07898,17.8398,-0.856434E-02
4.07959,17.8424,0.113661E-01
4.08020,17.8451,0.121856E-01
4.08081,17.8478,-0.530830E-01
4.08142,17.8504,0.571535E-02
4.08203,17.8531,-0.655032E-02
4.08264,17.8558,0.442417E-01
4.08325,17.8585,-0.269416E-02
4.08386,17.8611,0.564323E-01
4.08447,17.8638,-0.527506E-01
4.08508,17.8665,0.705514E-01
4.08569,17.8691,0.568200E-01
4.08630,17.8718,0.144526E-01
4.08691,17.8745,0.122913E-01
4.08752,17.8771,-0.227593E-01
4.08813,17.8798,-0.274115E-01
4.08875,17.8825,-0.489837E-02
4.08936,17.8851,-0.108958E-01
4.08997,17.8878,-0.626924E-02
4.09058,17.8905,0.949616E-02
4.09119,17.8932,0.348817E-01
4.09180,17.8958,0.776460E-03
4.09241,17.8985,-0.134872E-01
4.09302,17.9012,0.821508E-01
4.09363,17.9038,-0.589013E-02
4.09424,17.9065,0.185694E-01
4.09485,17.9092,-0.363306E-01
4.09546,17.9118,0.102901E-01
4.09607,17.9145,-0.244014E-01
4.09668,17.9172,0.124123E-01
4.09729,17.9198,-0.611469E-01
4.09790,17.9225,-0.912543E-02
4.09851,17.9252,0.214744E-01
4.09912,17.9279,0.693832E-01
4.09973,17.9305,0.384750E-01
4.10034,17.9332,0.696072E-02
4.10095,17.9359,0.976480E-02
4.10156,17.9385,-0.250304E-02
4.10217,17.9412,0.975463E-02
4.10278,17.9439,-0.266355E-01
4.10339,17.9465,0.238579E-02
4.10400,17.9492,0.139186E-01
4.10461,17.9519,-0.126022E-01
4.10522,17.9546,0.434931E-02
4.10583,17.9572,0.336979E-01
4.10645,17.9599,0.156094E-01
4.10706,17.9626,0.204853E-01
4.10767,17.9652,0.322826E-01
4.10828,17.9679,0.820735E-02
4.10889,17.9706,0.234392E-01
4.10950,17.9732,-0.277927E-01
4.11011,17.9759,-0.604995E-01
4.11072,17.9786,0.429435E-02
4.11133,17.9812,-0.196476E-01
4.11194,17.9839,0.256094
4.11255,17.9866,0.229885E-01
4.11316,17.9893,-0.251802E-02
4.11377,17.9919,-0.954184E-02
4.11438,17.9946,0.945162E-02
4.11499,17.9973,-0.501591E-01
4.11560,17.9999,0.460482E-01
4.11621,18.0026,-0.296846E-01
4.11682,18.0053,-0.606923E-01
4.11743,18.0079,-0.113147E-01
4.11804,18.0106,-0.161074E-01
4.11865,18.0133,0.115678E-01
4.11926,18.0159,0.135027E-01
4.11987,18.0186,0.291904E-01
4.12048,18.0213,0.457438E-02
4.12109,18.0240,0.158095E-01
4.12170,18.0266,0.221292E-03
4.12231,18.0293,0.970859E-02
4.12292,18.0320,0.558748E-01
4.12354,18.0346,-0.346695E-01
4.12415,18.0373,-0.200185E-02
4.12476,18.0400,0.239030E-01
4.12537,18.0426,-0.250288E-01
4.12598,18.0453,-0.260658E-01
4.12659,18.0480,-0.138651E-01
4.12720,18.0507,-0.674236E-03
4.12781,18.0533,0.357131E-02
4.12842,18.0560,-0.818757E-02
4.12903,18.0587,0.168981E-02
4.12964,18.0613,-0.546169E-02
4.13025,18.0640,0.820068E-01
4.13086,18.0667,0.168484E-01
4.13147,18.0693,0.187857E-01
4.13208,18.0720,0.156377E-01
4.13269,18.0747,0.337516E-01
4.13330,18.0773,0.651153E-01
4.13391,18.0800,0.762670E-01
4.13452,18.0827,0.157211E-02
4.13513,18.0854,0.104529
4.13574,18.0880,0.229929E-01
4.13635,18.0907,0.477116E-01
4.13696,18.0934,0.111557E-01
4.13757,18.0960,0.985935E-01
4.13818,18.0987,0.764745E-02
4.13879,18.1014,-0.312754E-01
4.13940,18.1040,-0.350043E-01
4.14001,18.1067,0.413823E-04
4.14062,18.1094,0.100833
4.14124,18.1120,-0.175950E-01
4.14185,18.1147,0.169528E-02
4.14246,18.1174,0.701916E-01
4.14307,18.1201,0.850298E-03
4.14368,18.1227,-0.114163E-01
4.14429,18.1254,-0.165294E-01
4.14490,18.1281,-0.699697E-02
4.14551,18.1307,-0.105707E-01
4.14612,18.1334,0.854508E-02
4.14673,18.1361,0.288647E-03
4.14734,18.1387,-0.827001E-01
4.14795,18.1414,-0.231950E-01
4.14856,18.1441,-0.434377E-01
4.14917,18.1467,0.221881E-01
4.14978,18.1494,-0.620477E-02
4.15039,18.1521,0.574053E-01
4.15100,18.1548,0.363391E-01
4.15161,18.1574,0.812162E-03
4.15222,18.1601,0.279537E-01
4.15283,18.1628,-0.123143E-01
4.15344,18.1654,0.139396E-01
4.15405,18.1681,0.259096E-01
4.15466,18.1708,0.303844E-01
4.15527,18.1734,-0.671563E-02
4.15588,18.1761,0.510519E-01
4.15649,18.1788,0.240166E-01
4.15710,18.1815,0.790853E-01
4.15771,18.1841,0.751096E-01
4.15833,18.1868,0.111537
4.15894,18.1895,-0.814703E-04
4.15955,18.1921,0.197076E-02
4.16016,18.1948,0.338499E-01
4.16077,18.1975,0.546287E-01
4.16138,18.2001,0.443073E-01
4.16199,18.2028,0.178641E-01
4.16260,18.2055,-0.170793E-01
4.16321,18.2081,-0.131026E-01
4.16382,18.2108,0.608388E-01
4.16443,18.2135,-0.870558E-01
4.16504,18.2162,0.180989E-01
4.16565,18.2188,-0.143736E-01
4.16626,18.2215,0.397571E-01
4.16687,18.2242,0.104114E-01
4.16748,18.2268,0.238118E-01
4.16809,18.2295,-0.170061E-01
4.16870,18.2322,0.442364E-01
4.16931,18.2348,0.123168E-01
4.16992,18.2375,-0.344483E-01
4.17053,18.2402,-0.392339E-03
4.17114,18.2428,0.469266E-01
4.17175,18.2455,0.462671E-01
4.17236,18.2482,-0.345547E-02
4.17297,18.2509,0.248640E-01
4.17358,18.2535,-0.393875E-01
4.17419,18.2562,0.485750E-01
4.17480,18.2589,-0.621262E-02
4.17542,18.2615,-0.310367E-01
4.17603,18.2642,-0.402810E-01
4.17664,18.2669,0.624473E-01
4.17725,18.2695,0.255340E-01
4.17786,18.2722,-0.138934E-01
4.17847,18.2749,0.510898E-02
4.17908,18.2776,0.173357E-01
4.17969,18.2802,0.929023E-01
4.18030,18.2829,-0.110609E-01
4.18091,18.2856,-0.510954E-02
4.18152,18.2882,-0.743470E-02
4.18213,18.2909,0.121836E-01
4.18274,18.2936,0.391596E-01
4.18335,18.2962,0.371814E-01
4.18396,18.2989,-0.106973E-01
4.18457,18.3016,-0.163396E-01
4.18518,18.3042,-0.336882E-01
4.18579,18.3069,0.475591E-03
4.18640,18.3096,-0.550427E-02
4.18701,18.3123,0.156476E-01
4.18762,18.3149,0.470322E-02
4.18823,18.3176,-0.509531E-01
4.18884,18.3203,0.179671E-01
4.18945,18.3229,0.223308E-02
4.19006,18.3256,-0.722269E-01
4.19067,18.3283,0.146523E-01
4.19128,18.3309,0.838601E-01
4.19189,18.3336,-0.777133E-01
4.19250,18.3363,0.208613E-01
4.19312,18.3389,-0.429407E-01
4.19373,18.3416,0.325836E-01
4.19434,18.3443,0.542666E-02
4.19495,18.3470,0.122491E-02
4.19556,18.3496,0.276397E-01
4.19617,18.3523,-0.749987E-03
4.19678,18.3550,-0.271943E-01
4.19739,18.3576,0.128176E-01
4.19800,18.3603,-0.767410E-01
4.19861,18.3630,0.684285E-01
4.19922,18.3656,-0.102962E-01
4.19983,18.3683,-0.168680E-01
4.20044,18.3710,0.203062E-01
4.20105,18.3737,0.475447E-01
4.20166,18.3763,0.679980E-01
4.20227,18.3790,-0.176314E-02
4.20288,18.3817,0.232551E-01
4.20349,18.3843,-0.463573E-02
4.20410,18.3870,-0.609448E-02
4.20471,18.3897,0.466428E-01
4.20532,18.3923,-0.257129E-01
4.20593,18.3950,0.764051E-02
4.20654,18.3977,0.204400E-01
4.20715,18.4003,-0.120755E-01
4.20776,18.4030,-0.920464E-02
4.20837,18.4057,-0.986034E-02
4.20898,18.4084,-0.842923E-01
4.20959,18.4110,0.684595E-03
4.21021,18.4137,0.242527E-01
4.21082,18.4164,-0.510655E-01
4.21143,18.4190,-0.272503E-01
4.21204,18.4217,0.566359E-01
4.21265,18.4244,-0.450027E-01
4.21326,18.4270,0.415058E-01
4.21387,18.4297,0.178666E-01
4.21448,18.4324,0.603408E-01
4.21509,18.4350,0.559832E-01
4.21570,18.4377,0.524615E-01
4.21631,18.4404,0.105617
4.21692,18.4431,0.121636E-01
4.21753,18.4457,0.246468E-01
4.21814,18.4484,0.846498E-01
4.21875,18.4511,0.510360E-02
4.21936,18.4537,-0.109431E-01
4.21997,18.4564,-0.580672E-01
4.22058,18.4591,0.272902E-02
4.22119,18.4617,0.178071E-02
4.22180,18.4644,-0.197391E-01
4.22241,18.4671,-0.546341E-02
4.22302,18.4698,-0.894322E-02
4.22363,18.4724,0.243523E-01
4.22424,18.4751,0.152705E-01
4.22485,18.4778,-0.306731E-01
4.22546,18.4804,-0.622142E-02
4.22607,18.4831,0.165250E-01
4.22668,18.4858,0.962837E-02
4.22729,18.4884,-0.640551E-02
4.22791,18.4911,0.375879E-02
4.22852,18.4938,0.318571E-01
4.22913,18.4964,0.381341E-01
4.22974,18.4991,0.236915E-01
4.23035,18.5018,0.118684E-01
4.23096,18.5045,0.940739E-02
4.23157,18.5071,0.181854E-02
4.23218,18.5098,0.201333E-01
4.23279,18.5125,-0.684646E-02
4.23340,18.5151,0.626836E-02
4.23401,18.5178,-0.633798E-01
4.23462,18.5205,0.515785E-02
4.23523,18.5231,-0.733490E-01
4.23584,18.5258,0.323179E-01
4.23645,18.5285,0.891528E-02
4.23706,18.5311,-0.213262E-01
4.23767,18.5338,0.815922E-02
4.23828,18.5365,0.170412E-01
4.23889,18.5392,0.538171E-01
4.23950,18.5418,0.213991E-01
4.24011,18.5445,-0.324474E-01
4.24072,18.5472,0.463922E-01
4.24133,18.5498,0.244349E-01
4.24194,18.5525,-0.296716E-02
4.24255,18.5552,-0.526777E-01
4.24316,18.5578,0.668465E-01
4.24377,18.5605,0.450030E-01
4.24438,18.5632,0.971762E-01
4.24500,18.5658,0.746019E-01
4.24561,18.5685,-0.262448E-01
4.24622,18.5712,-0.119866E-01
4.24683,18.5739,-0.440381E-01
4.24744,18.5765,0.539961E-01
4.24805,18.5792,0.624719E-02
4.24866,18.5819,0.689353E-02
4.24927,18.5845,0.163400E-01
4.24988,18.5872,-0.249477E-01
4.25049,18.5899,-0.594630E-01
4.25110,18.5925,0.517270E-01
4.25171,18.5952,-0.555972E-01
4.25232,18.5979,0.231082E-02
4.25293,18.6006,0.684514E-01
4.25354,18.6032,-0.236579E-01
4.25415,18.6059,-0.251375E-01
4.25476,18.6086,0.783532E-02
4.25537,18.6112,-0.166490E-01
4.25598,18.6139,-0.657350E-02
4.25659,18.6166,-0.195188E-01
4.25720,18.6192,0.760478E-02
4.25781,18.6219,0.729619E-01
4.25842,18.6246,-0.677209E-02
4.25903,18.6272,-0.499716E-01
4.25964,18.6299,-0.284280E-01
4.26025,18.6326,0.411751E-01
4.26086,18.6353,-0.287707E-01
4.26147,18.6379,-0.219336E-03
4.26208,18.6406,0.424283E-02
4.26270,18.6433,-0.925050E-02
4.26331,18.6459,0.118796E-01
4.26392,18.6486,-0.221657E-01
4.26453,18.6513,0.870311E-01
4.26514,18.6539,0.116472E-01
4.26575,18.6566,0.799377E-02
4.26636,18.6593,0.384191E-01
4.26697,18.6619,0.824251E-01
4.26758,18.6646,0.414864E-02
4.26819,18.6673,-0.766843E-02
4.26880,18.6700,-0.484691E-02
4.26941,18.6726,-0.204122E-01
4.27002,18.6753,-0.615622E-01
4.27063,18.6780,-0.256201E-01
4.27124,18.6806,-0.751559E-02
4.27185,18.6833,0.280838E-01
4.27246,18.6860,-0.518952E-02
4.27307,18.6886,-0.723257E-02
4.27368,18.6913,-0.282752E-01
4.27429,18.6940,-0.578141E-01
4.27490,18.6967,0.372412E-01
4.27551,18.6993,-0.613356E-02
4.27612,18.7020,-0.144551E-01
4.27673,18.7047,-0.670018E-02
4.27734,18.7073,0.138979E-02
4.27795,18.7100,-0.163923E-01
4.27856,18.7127,-0.141293E-01
4.27917,18.7153,-0.996065E-02
4.27979,18.7180,-0.574307E-01
4.28040,18.7207,-0.362953E-02
4.28101,18.7233,0.192802E-01
4.28162,18.7260,-0.222177E-02
4.28223,18.7287,-0.160054E-01
4.28284,18.7314,0.393958E-02
4.28345,18.7340,0.110498E-01
4.28406,18.7367,0.898544E-02
4.28467,18.7394,0.626059E-01
4.28528,18.7420,0.174393E-01
4.28589,18.7447,-0.181103E-01
4.28650,18.7474,-0.253357E-02
4.28711,18.7500,0.271967E-01
4.28772,18.7527,0.532726E-01
4.28833,18.7554,-0.416564E-01
4.28894,18.7580,0.222016E-02
4.28955,18.7607,0.130989E-01
4.29016,18.7634,0.183393E-01
4.29077,18.7661,-0.392579E-01
4.29138,18.7687,0.332867E-01
4.29199,18.7714,-0.240036E-02
4.29260,18.7741,0.285291E-02
4.29321,18.7767,-0.794600E-03
4.29382,18.7794,-0.159132E-01
4.29443,18.7821,0.125989E-01
4.29504,18.7847,-0.506367E-02
4.29565,18.7874,0.189008E-02
4.29626,18.7901,0.123971
4.29688,18.7928,0.196436E-01
4.29749,18.7954,0.155400E-01
4.29810,18.7981,0.100338E-02
4.29871,18.8008,-0.147672E-02
4.29932,18.8034,0.158278E-01
4.29993,18.8061,0.181789E-01
4.30054,18.8088,0.120267E-01
4.30115,18.8114,0.255334E-01
4.30176,18.8141,-0.130578E-01
4.30237,18.8168,-0.105805E-02
4.30298,18.8194,-0.171165E-01
4.30359,18.8221,0.978602E-02
4.30420,18.8248,-0.324584E-01
4.30481,18.8275,0.855298E-02
4.30542,18.8301,-0.305565E-01
4.30603,18.8328,-0.394822E-02
4.30664,18.8355,-0.315175E-01
4.30725,18.8381,-0.836756E-02
4.30786,18.8408,0.848660E-01
4.30847,18.8435,0.393811E-01
4.30908,18.8461,0.750978E-01
4.30969,18.8488,0.441603E-02
4.31030,18.8515,0.722269E-01
4.31091,18.8541,-0.134022E-02
4.31152,18.8568,0.232217E-01
4.31213,18.8595,-0.805190E-01
4.31274,18.8622,0.167273E-02
4.31335,18.8648,-0.861566E-02
4.31396,18.8675,-0.177491E-02
4.31458,18.8702,0.967214E-01
4.31519,18.8728,-0.143139E-01
4.31580,18.8755,-0.109057
4.31641,18.8782,0.215221E-02
4.31702,18.8808,0.366648E-01
4.31763,18.8835,0.663723E-01
4.31824,18.8862,-0.204404E-01
4.31885,18.8888,0.985607E-01
4.31946,18.8915,-0.632875E-02
4.32007,18.8942,0.202235E-01
4.32068,18.8969,0.222644E-02
4.32129,18.8995,0.553052E-03
4.32190,18.9022,-0.131026E-01
4.32251,18.9049,0.733134E-01
4.32312,18.9075,0.106252
4.32373,18.9102,-0.235148E-01
4.32434,18.9129,-0.236800E-01
4.32495,18.9155,-0.325843E-02
4.32556,18.9182,0.133525E-01
4.32617,18.9209,-0.468340E-01
4.32678,18.9236,0.196836
4.32739,18.9262,0.178206
4.32800,18.9289,0.585932E-01
4.32861,18.9316,0.176745E-01
4.32922,18.9342,0.301595E-01
4.32983,18.9369,0.750533E-01
4.33044,18.9396,-0.640507E-02
4.33105,18.9422,-0.277163E-01
4.33167,18.9449,-0.193173E-01
4.33228,18.9476,-0.464800E-02
4.33289,18.9502,-0.156551E-02
4.33350,18.9529,-0.816467E-01
4.33411,18.9556,-0.176315E-01
4.33472,18.9583,0.336026E-02
4.33533,18.9609,-0.171023E-01
4.33594,18.9636,0.552429E-02
4.33655,18.9663,0.609764E-01
4.33716,18.9689,-0.477001E-01
4.33777,18.9716,0.153986E-01
4.33838,18.9743,0.465345E-02
4.33899,18.9769,0.642083E-01
4.33960,18.9796,0.157765E-01
4.34021,18.9823,0.624381E-01
4.34082,18.9849,-0.252708E-01
4.34143,18.9876,-0.454951E-01
4.34204,18.9903,-0.110314E-02
4.34265,18.9930,-0.112030E-01
4.34326,18.9956,-0.254449E-02
4.34387,18.9983,0.208420E-01
4.34448,19.0010,0.545371E-01
4.34509,19.0036,-0.305087E-01
4.34570,19.0063,-0.703529E-02
4.34631,19.0090,-0.920148E-02
4.34692,19.0116,0.395842E-01
4.34753,19.0143,-0.694365E-01
4.34814,19.0170,0.851328E-01
4.34875,19.0197,-0.361201E-02
4.34937,19.0223,0.308750E-01
4.34998,19.0250,-0.471436E-01
4.35059,19.0277,0.601514E-01
4.35120,19.0303,0.829003E-03
4.35181,19.0330,-0.365775E-02
4.35242,19.0357,0.419011E-01
4.35303,19.0383,0.524274E-01
4.35364,19.0410,0.298934E-01
4.35425,19.0437,0.181576E-01
4.35486,19.0463,-0.321213E-01
4.35547,19.0490,0.478556E-02
4.35608,19.0517,0.101626
4.35669,19.0544,-0.639378E-01
4.35730,19.0570,0.942478E-02
4.35791,19.0597,-0.288753E-01
4.35852,19.0624,0.158793E-01
4.35913,19.0650,0.946599E-01
4.35974,19.0677,0.580089E-01
4.36035,19.0704,0.988850E-01
4.36096,19.0730,0.311089E-02
4.36157,19.0757,0.138560
4.36218,19.0784,0.162504E-01
4.36279,19.0810,-0.124544E-02
4.36340,19.0837,-0.196340E-01
4.36401,19.0864,0.273633E-01
4.36462,19.0891,-0.312778E-01
4.36523,19.0917,-0.204825E-02
4.36584,19.0944,0.609585E-01
4.36646,19.0971,0.441101E-01
4.36707,19.0997,-0.121684E-01
4.36768,19.1024,-0.804178E-02
4.36829,19.1051,0.306767E-01
4.36890,19.1077,0.541316E-01
4.36951,19.1104,-0.525443E-02
4.37012,19.1131,-0.589850E-01
4.37073,19.1158,0.298697E-01
4.37134,19.1184,-0.206796E-01
4.37195,19.1211,0.313216E-02
4.37256,19.1238,0.156979E-01
4.37317,19.1264,0.721950E-01
4.37378,19.1291,0.776566E-02
4.37439,19.1318,0.629545E-01
4.37500,19.1344,-0.503401E-01
4.37561,19.1371,0.297961E-03
4.37622,19.1398,0.260532E-01
4.37683,19.1424,-0.342186E-01
4.37744,19.1451,0.121082E-01
4.37805,19.1478,0.240088E-01
4.37866,19.1505,0.186611E-01
4.37927,19.1531,-0.550014E-01
4.37988,19.1558,-0.273134E-02
4.38049,19.1585,-0.621551E-01
4.38110,19.1611,-0.204945E-03
4.38171,19.1638,0.583350E-02
4.38232,19.1665,-0.143361E-01
4.38293,19.1691,-0.734290E-02
4.38354,19.1718,0.101203E-01
4.38416,19.1745,-0.172603E-01
4.38477,19.1771,0.149661E-01
4.38538,19.1798,-0.174153E-02
4.38599,19.1825,0.661737E-04
4.38660,19.1852,0.165459E-01
4.38721,19.1878,-0.296519E-01
4.38782,19.1905,0.673307E-02
4.38843,19.1932,0.260217E-02
4.38904,19.1958,0.144863E-01
4.38965,19.1985,0.237268E-01
4.39026,19.2012,-0.214464E-01
4.39087,19.2038,0.713688E-01
4.39148,19.2065,-0.685780E-02
4.39209,19.2092,0.458228E-01
4.39270,19.2119,0.630887E-01
4.39331,19.2145,0.314019E-03
4.39392,19.2172,0.352395E-01
4.39453,19.2199,0.217506E-01
4.39514,19.2225,0.235838E-03
4.39575,19.2252,-0.979153E-04
4.39636,19.2279,0.210585E-01
4.39697,19.2305,0.461395E-01
4.39758,19.2332,-0.120931E-01
4.39819,19.2359,0.985704E-02
4.39880,19.2385,0.824324E-02
4.39941,19.2412,-0.119615E-01
4.40002,19.2439,0.307175E-02
4.40063,19.2466,0.358960E-02
4.40125,19.2492,-0.257486E-01
4.40186,19.2519,-0.124599E-02
4.40247,19.2546,0.487689E-01
4.40308,19.2572,0.809222E-02
4.40369,19.2599,0.343323E-01
4.40430,19.2626,0.367982E-01
4.40491,19.2652,0.367127E-02
4.40552,19.2679,0.699947E-02
4.40613,19.2706,-0.122932E-02
4.40674,19.2732,0.177998E-01
4.40735,19.2759,0.133824E-01
4.40796,19.2786,0.227729E-02
4.40857,19.2813,-0.168331E-01
4.40918,19.2839,-0.421169E-02
4.40979,19.2866,-0.169018E-01
4.41040,19.2893,-0.869487E-02
4.41101,19.2919,-0.378374E-01
4.41162,19.2946,-0.235588E-03
4.41223,19.2973,0.175017E-01
4.41284,19.2999,-0.102296E-01
4.41345,19.3026,0.309049E-01
4.41406,19.3053,0.150944E-01
4.41467,19.3079,0.475128E-01
4.41528,19.3106,-0.450381E-01
4.41589,19.3133,0.139688E-02
4.41650,19.3160,0.235528E-01
4.41711,19.3186,0.969559E-02
4.41772,19.3213,0.492995E-02
4.41833,19.3240,-0.947186E-02
4.41895,19.3266,0.638862E-03
4.41956,19.3293,0.105481E-02
4.42017,19.3320,0.915642E-01
4.42078,19.3346,-0.641762E-01
4.42139,19.3373,0.130658E-01
4.42200,19.3400,0.108953E-02
4.42261,19.3427,0.288760E-02
4.42322,19.3453,-0.850217E-02
4.42383,19.3480,0.226260E-01
4.42444,19.3507,0.611189E-02
4.42505,19.3533,0.723149E-01
4.42566,19.3560,0.137453E-01
4.42627,19.3587,0.209916E-01
4.42688,19.3613,-0.173621E-01
4.42749,19.3640,0.486342E-02
4.42810,19.3667,-0.106014E-01
4.42871,19.3693,-0.545271E-02
4.42932,19.3720,-0.288403E-01
4.42993,19.3747,-0.527951E-01
4.43054,19.3774,0.119101E-01
4.43115,19.3800,0.393191E-02
4.43176,19.3827,-0.578150E-01
4.43237,19.3854,0.232854E-01
4.43298,19.3880,0.306464E-01
4.43359,19.3907,0.562678E-02
4.43420,19.3934,0.961982E-03
4.43481,19.3960,0.305664E-01
4.43542,19.3987,0.525767E-01
4.43604,19.4014,0.143712E-01
4.43665,19.4040,-0.215056E-01
4.43726,19.4067,-0.264087E-02
4.43787,19.4094,-0.190261E-02
4.43848,19.4121,0.564402E-01
4.43909,19.4147,-0.253784E-01
4.43970,19.4174,-0.293252E-01
4.44031,19.4201,-0.204895E-01
4.44092,19.4227,-0.147527E-01
4.44153,19.4254,-0.181883E-01
4.44214,19.4281,-0.383612E-01
4.44275,19.4307,0.212553E-01
4.44336,19.4334,-0.354398E-02
4.44397,19.4361,0.320398E-01
4.44458,19.4388,-0.500289E-02
4.44519,19.4414,0.407293E-01
4.44580,19.4441,0.408848E-01
4.44641,19.4468,-0.602436E-01
4.44702,19.4494,-0.349880E-01
4.44763,19.4521,0.105529E-01
4.44824,19.4548,0.394555E-01
4.44885,19.4574,-0.191015E-01
4.44946,19.4601,0.638949E-01
4.45007,19.4628,0.324602E-01
4.45068,19.4654,0.209821
4.45129,19.4681,-0.105397E-01
4.45190,19.4708,-0.978912E-02
4.45251,19.4735,-0.508065E-01
4.45312,19.4761,0.466350E-01
4.45374,19.4788,-0.112924E-01
4.45435,19.4815,0.368142E-01
4.45496,19.4841,0.271175E-01
4.45557,19.4868,0.327215E-01
4.45618,19.4895,0.186769E-01
4.45679,19.4921,-0.606911E-02
4.45740,19.4948,0.145408E-01
4.45801,19.4975,-0.333673E-01
4.45862,19.5001,0.186282E-01
4.45923,19.5028,0.857261E-01
4.45984,19.5055,0.188306E-01
4.46045,19.5082,0.448763E-01
4.46106,19.5108,-0.363616E-01
4.46167,19.5135,-0.125079E-01
4.46228,19.5162,0.359503E-01
4.46289,19.5188,-0.878710E-01
4.46350,19.5215,-0.390155E-01
4.46411,19.5242,-0.472163E-01
4.46472,19.5268,0.331921E-01
4.46533,19.5295,0.779194E-02
4.46594,19.5322,-0.111696E-02
4.46655,19.5349,0.773584E-02
4.46716,19.5375,0.167357E-01
4.46777,19.5402,-0.275131E-01
4.46838,19.5429,-0.230302E-01
4.46899,19.5455,-0.114805E-01
4.46960,19.5482,0.225604E-01
4.47021,19.5509,-0.734866E-01
4.47083,19.5535,0.745695E-02
4.47144,19.5562,0.274690E-01
4.47205,19.5589,0.118780E-01
4.47266,19.5615,-0.276249E-02
4.47327,19.5642,-0.112997E-01
4.47388,19.5669,-0.214683E-01
4.47449,19.5696,-0.213292E-01
4.47510,19.5722,0.756712E-02
4.47571,19.5749,0.112078
4.47632,19.5776,0.176409E-01
4.47693,19.5802,0.257194E-02
4.47754,19.5829,0.154060E-01
4.47815,19.5856,-0.726679E-01
4.47876,19.5882,-0.316209E-01
4.47937,19.5909,-0.916608E-02
4.47998,19.5936,-0.352183E-01
4.48059,19.5962,0.976278E-02
4.48120,19.5989,0.530244E-01
4.48181,19.6016,0.324347E-02
4.48242,19.6043,0.468034E-01
4.48303,19.6069,-0.130925E-02
4.48364,19.6096,0.176291E-01
4.48425,19.6123,-0.210766E-01
4.48486,19.6149,-0.156949E-01
4.48547,19.6176,-0.491547E-02
4.48608,19.6203,0.157229E-01
4.48669,19.6229,0.417409E-01
4.48730,19.6256,0.355604E-01
4.48792,19.6283,0.604956E-02
4.48853,19.6310,0.833419E-02
4.48914,19.6336,-0.285137E-01
4.48975,19.6363,0.107369E-03
4.49036,19.6390,-0.101253E-01
4.49097,19.6416,0.591215E-03
4.49158,19.6443,-0.107147E-01
4.49219,19.6470,-0.515538E-01
4.49280,19.6496,0.413612E-01
4.49341,19.6523,0.465777E-02
4.49402,19.6550,0.754213E-02
4.49463,19.6576,-0.152369E-01
4.49524,19.6603,0.116151E-01
4.49585,19.6630,0.967713E-01
4.49646,19.6657,0.156888E-01
4.49707,19.6683,0.738115E-03
4.49768,19.6710,0.368285E-01
4.49829,19.6737,0.258748E-01
4.49890,19.6763,-0.363391E-01
4.49951,19.6790,-0.121219E-01
4.50012,19.6817,0.105922E-01
4.50073,19.6843,0.169542E-01
4.50134,19.6870,-0.418731E-01
4.50195,19.6897,-0.157508E-01
4.50256,19.6923,0.268571E-01
4.50317,19.6950,0.117088E-01
4.50378,19.6977,-0.106719E-01
4.50439,19.7004,0.131721E-01
4.50500,19.7030,0.405485E-01
4.50562,19.7057,0.514794E-02
4.50623,19.7084,-0.861036E-02
4.50684,19.7110,0.290696E-01
4.50745,19.7137,0.105183E-01
4.50806,19.7164,0.253920E-02
4.50867,19.7190,-0.736757E-02
4.50928,19.7217,0.336322E-01
4.50989,19.7244,-0.183213E-01
4.51050,19.7270,0.216023E-01
4.51111,19.7297,-0.103012E-01
4.51172,19.7324,-0.235003E-01
4.51233,19.7351,0.132360E-01
4.51294,19.7377,0.404404E-01
4.51355,19.7404,-0.579160E-01
4.51416,19.7431,0.378693E-01
4.51477,19.7457,0.262834E-01
4.51538,19.7484,0.598558E-02
4.51599,19.7511,0.357132E-01
4.51660,19.7537,-0.199427E-01
4.51721,19.7564,0.842103E-02
4.51782,19.7591,-0.316879E-01
4.51843,19.7618,0.309077E-01
4.51904,19.7644,-0.783626E-02
4.51965,19.7671,0.182970E-01
4.52026,19.7698,0.627278E-01
4.52087,19.7724,-0.187180E-01
4.52148,19.7751,0.272916E-01
4.52209,19.7778,0.216630E-01
4.52271,19.7804,0.475379E-02
4.52332,19.7831,-0.107087E-03
4.52393,19.7858,-0.207992E-01
4.52454,19.7884,-0.185540E-01
4.52515,19.7911,-0.222773E-01
4.52576,19.7938,0.314638E-01
4.52637,19.7965,-0.204042E-01
4.52698,19.7991,-0.187070E-01
4.52759,19.8018,-0.220420E-01
4.52820,19.8045,0.344062E-01
4.52881,19.8071,0.559616E-02
4.52942,19.8098,-0.611246E-02
4.53003,19.8125,-0.939676E-02
4.53064,19.8151,-0.241881E-02
4.53125,19.8178,0.358344E-01
4.53186,19.8205,0.680971E-01
4.53247,19.8231,0.370123E-01
4.53308,19.8258,0.656019E-02
4.53369,19.8285,0.229592E-01
4.53430,19.8312,-0.530892E-02
4.53491,19.8338,0.350294E-01
4.53552,19.8365,-0.826210E-02
4.53613,19.8392,0.272687E-02
4.53674,19.8418,0.901951E-02
4.53735,19.8445,-0.589489E-01
4.53796,19.8472,0.686990E-01
4.53857,19.8498,0.442938E-01
4.53918,19.8525,-0.199649E-01
4.53979,19.8552,-0.758379E-01
4.54041,19.8579,0.940974E-01
4.54102,19.8605,0.567635E-02
4.54163,19.8632,0.186695E-01
4.54224,19.8659,-0.353509E-01
4.54285,19.8685,0.767679E-02
4.54346,19.8712,0.553672E-02
4.54407,19.8739,-0.235110E-01
4.54468,19.8765,-0.656911E-02
4.54529,19.8792,0.461935E-03
4.54590,19.8819,-0.266136E-01
4.54651,19.8845,0.442553E-01
4.54712,19.8872,0.314800E-01
4.54773,19.8899,0.718251E-01
4.54834,19.8926,-0.179265E-01
4.54895,19.8952,-0.915387E-02
4.54956,19.8979,0.131525E-02
4.55017,19.9006,0.840478E-02
4.55078,19.9032,0.176477E-01
4.55139,19.9059,-0.451537E-02
4.55200,19.9086,-0.135834E-01
4.55261,19.9112,-0.957240E-02
4.55322,19.9139,0.106944E-01
4.55383,19.9166,0.508569E-02
4.55444,19.9192,0.950896E-01
4.55505,19.9219,0.294998E-01
4.55566,19.9246,0.159151E-02
4.55627,19.9273,0.443875E-01
4.55688,19.9299,0.185447E-02
4.55750,19.9326,0.147081E-01
4.55811,19.9353,0.150614E-01
4.55872,19.9379,0.131479E-01
4.55933,19.9406,-0.783878E-02
4.55994,19.9433,-0.252809E-02
4.56055,19.9459,0.179565E-01
4.56116,19.9486,-0.390830E-01
4.56177,19.9513,0.957007E-02
4.56238,19.9540,-0.197317E-02
4.56299,19.9566,0.893692E-02
4.56360,19.9593,-0.274462E-01
4.56421,19.9620,0.247315
4.56482,19.9646,-0.691849E-02
4.56543,19.9673,0.368076E-01
4.56604,19.9700,-0.881120E-02
4.56665,19.9726,0.441919E-01
4.56726,19.9753,-0.655040E-01
4.56787,19.9780,0.141077E-01
4.56848,19.9806,-0.397303E-03
4.56909,19.9833,0.105788
4.56970,19.9860,0.222038E-01
4.57031,19.9887,0.328788E-01
4.57092,19.9913,0.304057E-01
4.57153,19.9940,-0.294690E-02
4.57214,19.9967,0.349945E-01
4.57275,19.9993,0.471206E-02
4.57336,20.0020,-0.358144E-01
4.57397,20.0047,-0.119415E-01
4.57458,20.0073,0.727098E-02
4.57520,20.0100,0.285323E-02
4.57581,20.0127,-0.341366E-01
4.57642,20.0153,-0.514041E-01
4.57703,20.0180,0.262201E-02
4.57764,20.0207,0.806666E-01
4.57825,20.0234,0.156761E-01
4.57886,20.0260,0.358680E-01
4.57947,20.0287,-0.104867E-01
4.58008,20.0314,-0.902434E-02
4.58069,20.0340,0.189999E-01
4.58130,20.0367,-0.267401E-01
4.58191,20.0394,0.135473E-01
4.58252,20.0420,-0.160970E-01
4.58313,20.0447,0.176053E-01
4.58374,20.0474,0.546946E-01
4.58435,20.0500,-0.763662E-02
4.58496,20.0527,0.126184E-01
4.58557,20.0554,0.397504E-01
4.58618,20.0581,0.884788E-01
4.58679,20.0607,0.839488E-01
4.58740,20.0634,-0.463781E-01
4.58801,20.0661,0.149843E-01
4.58862,20.0687,0.859990E-02
4.58923,20.0714,-0.433577E-02
4.58984,20.0741,0.120979E-01
4.59045,20.0767,0.265374E-01
4.59106,20.0794,-0.142992E-02
4.59167,20.0821,-0.107925E-01
4.59229,20.0848,-0.440543E-01
4.59290,20.0874,-0.120540E-01
4.59351,20.0901,-0.100309E-03
4.59412,20.0928,-0.311411E-01
4.59473,20.0954,-0.669995E-01
4.59534,20.0981,0.648127E-01
4.59595,20.1008,0.487509E-02
4.59656,20.1034,-0.284934E-01
4.59717,20.1061,0.188597E-01
4.59778,20.1088,0.143785E-01
4.59839,20.1114,0.835145E-01
4.59900,20.1141,-0.235198E-02
4.59961,20.1168,-0.788063E-02
4.60022,20.1195,0.217197E-01
4.60083,20.1221,0.260099E-01
4.60144,20.1248,0.189090E-01
4.60205,20.1275,0.406419E-01
4.60266,20.1301,0.534033E-02
4.60327,20.1328,0.380402E-01
4.60388,20.1355,-0.146703E-01
4.60449,20.1381,-0.918316E-01
4.60510,20.1408,-0.328436E-01
4.60571,20.1435,0.934702E-02
4.60632,20.1461,0.216496E-01
4.60693,20.1488,0.129440E-01
4.60754,20.1515,0.273331E-01
4.60815,20.1542,-0.401994E-01
4.60876,20.1568,0.638483E-02
4.60938,20.1595,0.608137E-01
4.60999,20.1622,-0.121628E-01
4.61060,20.1648,0.198570E-01
4.61121,20.1675,-0.504592E-02
4.61182,20.1702,-0.995176E-01
4.61243,20.1728,-0.281738E-01
4.61304,20.1755,0.353986E-01
4.61365,20.1782,0.109088E-01
4.61426,20.1809,-0.297293E-01
4.61487,20.1835,-0.498317E-02
4.61548,20.1862,-0.439440E-01
4.61609,20.1889,-0.364387E-03
4.61670,20.1915,0.535159E-01
4.61731,20.1942,-0.238904E-01
4.61792,20.1969,-0.585486E-02
4.61853,20.1995,-0.100737E-02
4.61914,20.2022,0.303984E-01
4.61975,20.2049,0.296411E-01
4.62036,20.2075,0.313471E-01
4.62097,20.2102,-0.227890E-01
4.62158,20.2129,-0.705986E-02
4.62219,20.2156,0.115403E-01
4.62280,20.2182,-0.950874E-02
4.62341,20.2209,-0.580388E-01
4.62402,20.2236,0.813459E-01
4.62463,20.2262,-0.153806E-01
4.62524,20.2289,0.306611E-01
4.62585,20.2316,-0.293763E-02
4.62646,20.2342,0.194774E-01
4.62708,20.2369,-0.200661E-01
4.62769,20.2396,-0.443069E-01
4.62830,20.2422,0.699624E-01
4.62891,20.2449,-0.811515E-01
4.62952,20.2476,0.276500E-02
4.63013,20.2503,-0.981949E-02
4.63074,20.2529,0.275591E-01
4.63135,20.2556,0.426058E-01
4.63196,20.2583,0.167428
4.63257,20.2609,0.155263
4.63318,20.2636,-0.144910E-01
4.63379,20.2663,-0.583437E-02
4.63440,20.2689,0.128271E-01
4.63501,20.2716,0.251085E-01
4.63562,20.2743,-0.165672E-01
4.63623,20.2770,0.435574E-01
4.63684,20.2796,-0.188986E-01
4.63745,20.2823,0.657414E-01
4.63806,20.2850,-0.226872E-01
4.63867,20.2876,0.196185E-02
4.63928,20.2903,-0.788684E-01
4.63989,20.2930,0.484900E-01
4.64050,20.2956,0.811303E-02
4.64111,20.2983,0.227366E-01
4.64172,20.3010,-0.173795E-01
4.64233,20.3036,0.121531E-01
4.64294,20.3063,-0.202560E-02
4.64355,20.3090,-0.550996E-01
4.64417,20.3117,0.766612E-02
4.64478,20.3143,0.532076E-01
4.64539,20.3170,0.372274E-01
4.64600,20.3197,0.588452E-02
4.64661,20.3223,-0.964869E-02
4.64722,20.3250,-0.109404E-01
4.64783,20.3277,0.327056E-02
4.64844,20.3303,-0.663883E-01
4.64905,20.3330,-0.759213E-02
4.64966,20.3357,0.122490
4.65027,20.3383,-0.222281E-01
4.65088,20.3410,0.554248E-01
4.65149,20.3437,-0.131558E-02
4.65210,20.3464,0.962576E-02
4.65271,20.3490,0.130790E-01
4.65332,20.3517,0.212487E-01
4.65393,20.3544,-0.891340E-02
4.65454,20.3570,-0.190759E-01
4.65515,20.3597,-0.431335E-02
4.65576,20.3624,0.888283E-03
4.65637,20.3650,0.232448E-02
4.65698,20.3677,-0.170411E-01
4.65759,20.3704,0.455849E-01
4.65820,20.3731,0.217895E-02
4.65881,20.3757,-0.346895E-01
4.65942,20.3784,0.134963E-01
4.66003,20.3811,0.542266E-01
4.66064,20.3837,0.808762E-01
4.66125,20.3864,-0.668956E-02
4.66187,20.3891,-0.241533E-01
4.66248,20.3917,0.114431E-01
4.66309,20.3944,-0.531377E-01
4.66370,20.3971,-0.116075E-01
4.66431,20.3997,-0.130677E-01
4.66492,20.4024,0.273914E-01
4.66553,20.4051,0.503783E-02
4.66614,20.4078,-0.143323E-01
4.66675,20.4104,0.393016E-01
4.66736,20.4131,-0.265358E-01
4.66797,20.4158,0.348373E-01
4.66858,20.4184,-0.185719E-01
4.66919,20.4211,-0.622778E-01
4.66980,20.4238,0.382385E-01
4.67041,20.4264,-0.158761E-01
4.67102,20.4291,0.109716
4.67163,20.4318,-0.882227E-02
4.67224,20.4344,0.120399
4.67285,20.4371,0.239094E-01
4.67346,20.4398,-0.875982E-01
4.67407,20.4425,0.368819E-01
4.67468,20.4451,0.133048E-02
4.67529,20.4478,0.497938E-04
4.67590,20.4505,0.325714E-02
4.67651,20.4531,0.501865E-01
4.67712,20.4558,0.503881E-01
4.67773,20.4585,0.103985E-01
4.67834,20.4611,0.126758
4.67896,20.4638,0.149935E-01
4.67957,20.4665,-0.474490E-01
4.68018,20.4691,-0.107116E-01
4.68079,20.4718,-0.336154E-01
4.68140,20.4745,-0.581850E-02
4.68201,20.4772,0.617008E-01
4.68262,20.4798,0.488382E-01
4.68323,20.4825,0.264168E-01
4.68384,20.4852,0.676246E-02
4.68445,20.4878,0.658715E-01
4.68506,20.4905,-0.607239E-02
4.68567,20.4932,-0.749510E-02
4.68628,20.4958,0.724535E-01
4.68689,20.4985,0.724407E-01
4.68750,20.5012,-0.197638E-02
4.68811,20.5039,-0.372661E-02
4.68872,20.5065,0.525836E-01
4.68933,20.5092,-0.454155E-02
4.68994,20.5119,-0.167407E-01
4.69055,20.5145,0.282035E-01
4.69116,20.5172,-0.177071E-01
4.69177,20.5199,-0.184751E-02
4.69238,20.5225,0.655752E-01
4.69299,20.5252,0.268272E-02
4.69360,20.5279,0.764344E-01
4.69421,20.5305,0.371187E-02
4.69482,20.5332,-0.285896E-02
4.69543,20.5359,0.527509E-01
4.69604,20.5386,-0.643925E-02
4.69666,20.5412,0.128461E-02
4.69727,20.5439,0.162822E-01
4.69788,20.5466,-0.898526E-03
4.69849,20.5492,0.487418E-01
4.69910,20.5519,0.736658E-01
4.69971,20.5546,-0.175586E-01
4.70032,20.5572,0.395851E-01
4.70093,20.5599,0.206979E-01
4.70154,20.5626,-0.479659E-01
4.70215,20.5652,-0.101835E-01
4.70276,20.5679,-0.391078E-01
4.70337,20.5706,0.724935E-01
4.70398,20.5733,-0.171427E-01
4.70459,20.5759,0.967697E-01
4.70520,20.5786,-0.451289E-02
4.70581,20.5813,-0.900847E-02
4.70642,20.5839,-0.102886E-01
4.70703,20.5866,-0.518712E-01
4.70764,20.5893,-0.534615E-03
4.70825,20.5919,0.116186E-01
4.70886,20.5946,0.439876E-02
4.70947,20.5973,0.207133E-01
4.71008,20.6000,0.616318E-01
4.71069,20.6026,-0.145393E-01
4.71130,20.6053,-0.455049E-01
4.71191,20.6080,0.878360E-01
4.71252,20.6106,-0.392107E-01
4.71313,20.6133,-0.226458E-01
4.71375,20.6160,0.598168E-03
4.71436,20.6186,0.698888E-01
4.71497,20.6213,-0.721980E-02
4.71558,20.6240,-0.144589E-03
4.71619,20.6266,-0.131083E-01
4.71680,20.6293,-0.346759E-01
4.71741,20.6320,-0.427411E-02
4.71802,20.6347,-0.402520E-01
4.71863,20.6373,0.130262E-01
4.71924,20.6400,-0.959869E-02
4.71985,20.6427,0.752769E-02
4.72046,20.6453,-0.177094E-02
4.72107,20.6480,0.333723E-01
4.72168,20.6507,0.814446E-02
4.72229,20.6533,-0.151798E-01
4.72290,20.6560,-0.150419E-01
4.72351,20.6587,0.136946E-01
4.72412,20.6613,0.315465E-02
4.72473,20.6640,-0.190389E-01
4.72534,20.6667,0.352962E-01
4.72595,20.6694,-0.907756E-02
4.72656,20.6720,0.355640E-03
4.72717,20.6747,-0.418572E-01
4.72778,20.6774,-0.112277E-01
4.72839,20.6800,0.351497E-01
4.72900,20.6827,0.187025E-01
4.72961,20.6854,-0.162244E-02
4.73022,20.6880,-0.437158E-01
4.73083,20.6907,0.356237E-01
4.73145,20.6934,0.437762E-01
4.73206,20.6961,0.135574E-01
4.73267,20.6987,-0.388882E-02
4.73328,20.7014,-0.206488E-01
4.73389,20.7041,0.962756E-02
4.73450,20.7067,0.153417E-01
4.73511,20.7094,0.597716E-01
4.73572,20.7121,0.227882E-01
4.73633,20.7147,0.106457E-01
4.73694,20.7174,-0.780199E-01
4.73755,20.7201,0.254522E-03
4.73816,20.7227,-0.318438E-02
4.73877,20.7254,0.629170E-01
4.73938,20.7281,-0.189213E-02
4.73999,20.7308,-0.251605E-02
4.74060,20.7334,-0.616543E-02
4.74121,20.7361,0.201952E-01
4.74182,20.7388,-0.243677E-02
4.74243,20.7414,-0.393004E-02
4.74304,20.7441,0.112774E-01
4.74365,20.7468,-0.189040E-02
4.74426,20.7494,0.137138E-01
4.74487,20.7521,0.253951E-01
4.74548,20.7548,-0.228385E-02
4.74609,20.7574,-0.309198E-02
4.74670,20.7601,0.211399E-01
4.74731,20.7628,-0.389893E-02
4.74792,20.7655,-0.118294E-01
4.74854,20.7681,0.526777E-01
4.74915,20.7708,0.733403E-02
4.74976,20.7735,-0.709139E-02
4.75037,20.7761,0.555000E-01
4.75098,20.7788,-0.190200E-01
4.75159,20.7815,0.375454E-02
4.75220,20.7841,0.195534E-01
4.75281,20.7868,0.179913E-01
4.75342,20.7895,-0.110575E-01
4.75403,20.7921,0.399172E-02
4.75464,20.7948,0.122891E-01
4.75525,20.7975,-0.593447E-02
4.75586,20.8002,0.194544
4.75647,20.8028,-0.635161E-01
4.75708,20.8055,0.369214E-02
4.75769,20.8082,0.661287E-01
4.75830,20.8108,-0.314176E-01
4.75891,20.8135,0.158740E-01
4.75952,20.8162,-0.385206E-02
4.76013,20.8188,0.133841
4.76074,20.8215,0.142923E-01
4.76135,20.8242,0.154158E-01
4.76196,20.8269,-0.542741E-01
4.76257,20.8295,-0.121148E-01
4.76318,20.8322,0.127121E-01
4.76379,20.8349,0.154702E-01
4.76440,20.8375,-0.170935E-01
4.76501,20.8402,0.556444E-01
4.76562,20.8429,0.124778E-01
4.76624,20.8455,0.298750E-02
4.76685,20.8482,0.990043E-02
4.76746,20.8509,-0.696175E-01
4.76807,20.8535,-0.921324E-02
4.76868,20.8562,-0.260172E-02
4.76929,20.8589,-0.972653E-02
4.76990,20.8616,0.256182E-01
4.77051,20.8642,0.121928E-01
4.77112,20.8669,-0.522240E-01
4.77173,20.8696,-0.248556E-01
4.77234,20.8722,-0.254126E-01
4.77295,20.8749,0.142907
4.77356,20.8776,0.369256E-01
4.77417,20.8802,-0.487244E-01
4.77478,20.8829,0.431191E-01
4.77539,20.8856,0.639572E-02
4.77600,20.8882,0.172458E-01
4.77661,20.8909,-0.611486E-02
4.77722,20.8936,-0.120755E-01
4.77783,20.8963,-0.661183E-01
4.77844,20.8989,0.222482E-02
4.77905,20.9016,-0.329538E-01
4.77966,20.9043,0.385354E-01
4.78027,20.9069,0.545089E-01
4.78088,20.9096,0.352150E-01
4.78149,20.9123,-0.860806E-02
4.78210,20.9149,0.132057E-01
4.78271,20.9176,0.403776E-02
4.78333,20.9203,-0.236256E-01
4.78394,20.9230,-0.195038E-02
4.78455,20.9256,-0.100831E-01
4.78516,20.9283,0.862365E-02
4.78577,20.9310,0.147077E-01
4.78638,20.9336,0.202891E-01
4.78699,20.9363,0.143605E-01
4.78760,20.9390,0.732947E-02
4.78821,20.9416,-0.497397E-02
4.78882,20.9443,0.248959E-01
4.78943,20.9470,-0.101673E-01
4.79004,20.9496,-0.192598E-01
4.79065,20.9523,-0.889272E-02
4.79126,20.9550,0.643286E-01
4.79187,20.9577,-0.672936E-02
4.79248,20.9603,0.116072E-01
4.79309,20.9630,0.590652E-01
4.79370,20.9657,0.991060E-02
4.79431,20.9683,0.739793E-03
4.79492,20.9710,-0.388623E-01
4.79553,20.9737,0.304212E-01
4.79614,20.9763,0.112435E-01
4.79675,20.9790,-0.140533E-01
4.79736,20.9817,0.110457
4.79797,20.9843,0.217920E-01
4.79858,20.9870,0.183390E-01
4.79919,20.9897,-0.117874E-02
4.79980,20.9924,0.631046E-01
4.80042,20.9950,-0.426978E-01
4.80103,20.9977,0.143660E-01
4.80164,21.0004,-0.322341E-01
4.80225,21.0030,-0.141299E-01
4.80286,21.0057,0.159115E-02
4.80347,21.0084,-0.171301E-01
4.80408,21.0110,0.605782E-02
4.80469,21.0137,0.377161E-01
4.80530,21.0164,-0.318180E-01
4.80591,21.0191,0.249395E-01
4.80652,21.0217,0.420635E-01
4.80713,21.0244,-0.206427E-01
4.80774,21.0271,0.730925E-01
4.80835,21.0297,-0.210595E-01
4.80896,21.0324,-0.358229E-01
4.80957,21.0351,-0.629146E-01
4.81018,21.0377,-0.690855E-01
4.81079,21.0404,-0.858993E-01
4.81140,21.0431,-0.154840E-01
4.81201,21.0457,-0.723622E-01
4.81262,21.0484,0.462968E-01
4.81323,21.0511,0.323075E-01
4.81384,21.0538,0.223973E-01
4.81445,21.0564,0.982380E-02
4.81506,21.0591,-0.238576E-01
4.81567,21.0618,-0.632349E-01
4.81628,21.0644,0.242009E-01
4.81689,21.0671,0.188169E-01
4.81750,21.0698,0.263510E-01
4.81812,21.0724,-0.283260E-01
4.81873,21.0751,0.355059E-01
4.81934,21.0778,0.304016E-01
4.81995,21.0804,0.324246E-01
4.82056,21.0831,-0.231227E-01
4.82117,21.0858,-0.103369E-01
4.82178,21.0885,0.126858E-01
4.82239,21.0911,0.126158
4.82300,21.0938,-0.318637E-01
4.82361,21.0965,-0.397144E-01
4.82422,21.0991,-0.317473E-01
4.82483,21.1018,-0.941682E-02
4.82544,21.1045,0.121150E-01
4.82605,21.1071,-0.794569E-02
4.82666,21.1098,0.595435E-01
4.82727,21.1125,-0.489312E-01
4.82788,21.1152,0.110304
4.82849,21.1178,0.795627E-01
4.82910,21.1205,-0.103351E-01
4.82971,21.1232,-0.209606E-01
4.83032,21.1258,-0.801881E-02
4.83093,21.1285,0.452259E-02
4.83154,21.1312,-0.693340E-01
4.83215,21.1338,0.103084
4.83276,21.1365,0.121144E-01
4.83337,21.1392,0.412434E-01
4.83398,21.1418,-0.210576E-01
4.83459,21.1445,0.253581E-02
4.83521,21.1472,-0.265841E-01
4.83582,21.1499,-0.880347E-03
4.83643,21.1525,0.466721E-01
4.83704,21.1552,-0.111731E-02
4.83765,21.1579,0.176108E-02
4.83826,21.1605,0.703427E-03
4.83887,21.1632,0.164396E-01
4.83948,21.1659,0.325154E-01
4.84009,21.1685,-0.634851E-02
4.84070,21.1712,-0.259441E-01
4.84131,21.1739,0.204348E-01
4.84192,21.1765,0.793851E-01
4.84253,21.1792,0.330226E-01
4.84314,21.1819,-0.200508E-01
4.84375,21.1846,0.307197E-01
4.84436,21.1872,-0.343336E-01
4.84497,21.1899,0.461973E-01
4.84558,21.1926,-0.292804E-01
4.84619,21.1952,-0.204674E-01
4.84680,21.1979,0.570460E-01
4.84741,21.2006,-0.268192E-01
4.84802,21.2032,-0.214233E-01
4.84863,21.2059,0.730127E-02
4.84924,21.2086,0.212157E-01
4.84985,21.2112,0.875427E-01
4.85046,21.2139,-0.214889E-03
4.85107,21.2166,0.243523E-02
4.85168,21.2193,0.330837E-01
4.85229,21.2219,0.115607E-01
4.85291,21.2246,-0.253018E-02
4.85352,21.2273,-0.858056E-02
4.85413,21.2299,-0.253320E-03
4.85474,21.2326,0.127713E-01
4.85535,21.2353,-0.545978E-01
4.85596,21.2379,-0.385179E-02
4.85657,21.2406,-0.196169E-01
4.85718,21.2433,0.453007E-01
4.85779,21.2460,0.327228E-02
4.85840,21.2486,0.179515E-02
4.85901,21.2513,0.443592E-01
4.85962,21.2540,0.897869E-02
4.86023,21.2566,0.249059E-01
4.86084,21.2593,0.446188E-01
4.86145,21.2620,-0.552545E-03
4.86206,21.2646,-0.468944E-01
4.86267,21.2673,-0.423235E-01
4.86328,21.2700,0.513104E-02
4.86389,21.2726,0.743197E-01
4.86450,21.2753,-0.814193E-01
4.86511,21.2780,-0.208235E-02
4.86572,21.2807,0.135835E-01
4.86633,21.2833,0.651695E-02
4.86694,21.2860,-0.825404E-01
4.86755,21.2887,0.107040E-01
4.86816,21.2913,-0.266869E-01
4.86877,21.2940,0.508719E-01
4.86938,21.2967,-0.882675E-02
4.87000,21.2993,0.116529E-01
4.87061,21.3020,-0.143005E-01
4.87122,21.3047,0.380812E-01
4.87183,21.3073,0.611568E-03
4.87244,21.3100,-0.203108E-01
4.87305,21.3127,-0.178468E-01
4.87366,21.3154,-0.662723E-02
4.87427,21.3180,-0.252831E-02
4.87488,21.3207,-0.148489E-01
4.87549,21.3234,-0.128122E-02
4.87610,21.3260,-0.138150E-01
4.87671,21.3287,-0.404273E-01
4.87732,21.3314,0.112643E-01
4.87793,21.3340,0.704547E-01
4.87854,21.3367,-0.189389E-01
4.87915,21.3394,0.939874E-03
4.87976,21.3421,-0.410809E-02
4.88037,21.3447,0.118962
4.88098,21.3474,-0.217350E-01
4.88159,21.3501,0.436572E-02
4.88220,21.3527,0.116861
4.88281,21.3554,-0.133672E-02
4.88342,21.3581,-0.107922E-01
4.88403,21.3607,-0.229577E-01
4.88464,21.3634,0.174271E-01
4.88525,21.3661,0.217767E-01
4.88586,21.3687,-0.132548E-01
4.88647,21.3714,-0.395025E-01
4.88708,21.3741,-0.111131E-01
4.88770,21.3768,-0.423607E-02
4.88831,21.3794,-0.115560E-01
4.88892,21.3821,-0.920508E-01
4.88953,21.3848,0.511119E-02
4.89014,21.3874,-0.929713E-02
4.89075,21.3901,0.184573E-02
4.89136,21.3928,-0.704707E-01
4.89197,21.3954,-0.303928E-01
4.89258,21.3981,-0.131421E-02
4.89319,21.4008,-0.383335E-01
4.89380,21.4034,-0.425925E-02
4.89441,21.4061,0.368300E-02
4.89502,21.4088,-0.231530E-01
4.89563,21.4115,0.653641E-01
4.89624,21.4141,-0.355038E-01
4.89685,21.4168,0.287357E-01
4.89746,21.4195,-0.285632E-01
4.89807,21.4221,0.194291E-02
4.89868,21.4248,-0.323316E-01
4.89929,21.4275,-0.297697E-01
4.89990,21.4301,-0.277262E-01
4.90051,21.4328,0.291213E-01
4.90112,21.4355,0.131852
4.90173,21.4382,0.684423E-03
4.90234,21.4408,-0.171883E-01
4.90295,21.4435,-0.106765E-01
4.90356,21.4462,-0.120555E-02
4.90417,21.4488,0.111464E-01
4.90479,21.4515,-0.548673E-01
4.90540,21.4542,-0.123741E-03
4.90601,21.4568,0.399189E-01
4.90662,21.4595,0.356518E-01
4.90723,21.4622,-0.751462E-01
4.90784,21.4648,0.498251E-03
4.90845,21.4675,-0.303814E-02
4.90906,21.4702,-0.968904E-02
4.90967,21.4729,0.323278E-01
4.91028,21.4755,0.198344E-01
4.91089,21.4782,0.555110E-02
4.91150,21.4809,0.442795E-03
4.91211,21.4835,0.188784E-01
4.91272,21.4862,0.378700E-01
4.91333,21.4889,0.594759E-01
4.91394,21.4915,0.900926E-02
4.91455,21.4942,0.131915E-01
4.91516,21.4969,0.857292E-02
4.91577,21.4995,0.974333E-02
4.91638,21.5022,-0.243694E-01
4.91699,21.5049,0.184918E-01
4.91760,21.5076,-0.229701E-01
4.91821,21.5102,0.210567E-02
4.91882,21.5129,-0.517218E-02
4.91943,21.5156,-0.120277E-01
4.92004,21.5182,-0.261238E-01
4.92065,21.5209,0.141864
4.92126,21.5236,0.364987E-01
4.92188,21.5262,0.531602E-01
4.92249,21.5289,-0.254122E-01
4.92310,21.5316,-0.104587E-01
4.92371,21.5342,-0.250383E-01
4.92432,21.5369,-0.245149E-01
4.92493,21.5396,0.776796E-01
4.92554,21.5423,-0.375015E-02
4.92615,21.5449,-0.278347E-01
4.92676,21.5476,0.407107E-01
4.92737,21.5503,0.595266E-01
4.92798,21.5529,0.169599E-02
4.92859,21.5556,0.849937E-03
4.92920,21.5583,0.196138
4.92981,21.5609,0.645603E-01
4.93042,21.5636,0.219197E-01
4.93103,21.5663,-0.940835E-02
4.93164,21.5690,0.737526E-02
4.93225,21.5716,0.389000E-02
4.93286,21.5743,-0.625037E-01
4.93347,21.5770,-0.161996E-01
4.93408,21.5796,0.106332
4.93469,21.5823,-0.215139E-01
4.93530,21.5850,0.204620E-02
4.93591,21.5876,-0.210767E-01
4.93652,21.5903,-0.247472E-01
4.93713,21.5930,-0.342172E-01
4.93774,21.5956,-0.446740E-01
4.93835,21.5983,-0.193773E-01
4.93896,21.6010,0.112900E-01
4.93958,21.6037,0.509557E-02
4.94019,21.6063,0.216769E-01
4.94080,21.6090,-0.714560E-03
4.94141,21.6117,-0.708237E-02
4.94202,21.6143,-0.156076
4.94263,21.6170,0.315692E-01
4.94324,21.6197,-0.874638E-01
4.94385,21.6223,0.226940E-01
4.94446,21.6250,0.693944E-02
4.94507,21.6277,-0.304251E-01
4.94568,21.6303,0.128945E-02
4.94629,21.6330,0.941823E-01
4.94690,21.6357,0.275168E-02
4.94751,21.6384,0.313736E-01
4.94812,21.6410,0.227203E-01
4.94873,21.6437,0.153691E-01
4.94934,21.6464,0.100142
4.94995,21.6490,-0.231729E-01
4.95056,21.6517,-0.101745E-02
4.95117,21.6544,0.223832E-01
4.95178,21.6570,0.286409E-01
4.95239,21.6597,0.341316E-01
4.95300,21.6624,0.168729E-01
4.95361,21.6651,-0.200538E-01
4.95422,21.6677,-0.471416E-02
4.95483,21.6704,0.125300E-01
4.95544,21.6731,0.207977E-02
4.95605,21.6757,-0.267942E-01
4.95667,21.6784,-0.224621E-01
4.95728,21.6811,0.208147E-01
4.95789,21.6837,0.182540E-01
4.95850,21.6864,0.652518E-01
4.95911,21.6891,-0.726254E-01
4.95972,21.6917,0.176972E-01
4.96033,21.6944,0.208524E-01
4.96094,21.6971,0.138218E-01
4.96155,21.6998,0.268858E-01
4.96216,21.7024,-0.675281E-02
4.96277,21.7051,0.186860E-01
4.96338,21.7078,-0.581581E-01
4.96399,21.7104,0.151175E-02
4.96460,21.7131,-0.158405E-01
4.96521,21.7158,0.275214E-01
4.96582,21.7184,0.280284E-01
4.96643,21.7211,0.247988E-02
4.96704,21.7238,0.107630E-01
4.96765,21.7264,-0.243808E-02
4.96826,21.7291,-0.268863E-02
4.96887,21.7318,0.365999E-01
4.96948,21.7345,0.506588E-01
4.97009,21.7371,0.644060E-03
4.97070,21.7398,0.362696E-01
4.97131,21.7425,-0.222477E-01
4.97192,21.7451,0.257388E-01
4.97253,21.7478,-0.164681E-01
4.97314,21.7505,0.397844E-02
4.97375,21.7531,-0.374596E-01
4.97437,21.7558,-0.414290E-01
4.97498,21.7585,0.521656E-01
4.97559,21.7612,0.128797E-01
4.97620,21.7638,0.466501E-03
4.97681,21.7665,0.198746E-01
4.97742,21.7692,-0.278957E-01
4.97803,21.7718,0.530763E-01
4.97864,21.7745,-0.180085E-01
4.97925,21.7772,0.170841E-01
4.97986,21.7798,0.179209E-02
4.98047,21.7825,0.360477E-01
4.98108,21.7852,0.364981E-01
4.98169,21.7878,-0.194116E-01
4.98230,21.7905,0.299266E-02
4.98291,21.7932,-0.273043E-01
4.98352,21.7959,-0.101045E-02
4.98413,21.7985,0.557264E-01
4.98474,21.8012,0.346702E-01
4.98535,21.8039,-0.275282E-01
4.98596,21.8065,-0.501985E-01
4.98657,21.8092,-0.250560E-03
4.98718,21.8119,0.108153E-01
4.98779,21.8145,-0.524516E-02
4.98840,21.8172,0.846218E-01
4.98901,21.8199,-0.680664E-02
4.98962,21.8225,-0.181181E-01
4.99023,21.8252,0.550776E-02
4.99084,21.8279,0.803172E-02
4.99146,21.8306,0.419114E-01
4.99207,21.8332,-0.357511E-01
4.99268,21.8359,0.512693E-01
4.99329,21.8386,0.326996E-01
4.99390,21.8412,0.587866E-03
4.99451,21.8439,0.270753E-01
4.99512,21.8466,-0.436489E-02
4.99573,21.8492,-0.407462E-01
4.99634,21.8519,0.208317E-01
4.99695,21.8546,0.123061E-01
4.99756,21.8573,-0.302986E-01
4.99817,21.8599,-0.632257E-02
4.99878,21.8626,0.398274E-02
4.99939,21.8653,0.373078E-02
5.00000,21.8679,-0.567476E-02
