Full_(co)spectra
----------------
natural_frequency_[Hz]_->_from_[1/_averaging_interval]_to_[acquisition_frequency_/_2]
normalized_frequency_[#]->_natural_frequency_*_measuring_height_/_wind_speed
y-axis_->_natural_frequency_*_(co)spectrum_/_(co)variance
acquisition_frequency_[Hz]_=_ 10.000
measuring_height_(z-d)_[m]_=_  9.560
wind_speed_[m+1s-1]_=_  0.197
averaging_interval_[min]_=_     30
tapering_window_=_SQUARED_(no_tapering_forced_by_EddyPro._Tapering_is_only_applied_for_binned_(co)spectra)
,,cov(w_ts)
,,3.2801143733854031E-002
natural_frequency,normalized_frequency,f_nat*cospec(w_ts)
0.610352E-03,0.296788E-01,0.166283E-01
0.122070E-02,0.593577E-01,0.287672
0.183105E-02,0.890365E-01,0.544453
0.244141E-02,0.118715,0.308801
0.305176E-02,0.148394,0.353702
0.366211E-02,0.178073,-0.124171
0.427246E-02,0.207752,0.128451
0.488281E-02,0.237431,-0.130257E-01
0.549316E-02,0.267109,1.00268
0.610352E-02,0.296788,0.286003
0.671387E-02,0.326467,0.180803
0.732422E-02,0.356146,0.743789E-01
0.793457E-02,0.385825,0.150725
0.854492E-02,0.415504,0.598735E-01
0.915527E-02,0.445182,1.07117
0.976562E-02,0.474861,0.357520E-01
0.103760E-01,0.504540,0.139119E-01
0.109863E-01,0.534219,0.290635
0.115967E-01,0.563898,0.360853
0.122070E-01,0.593577,0.196324
0.128174E-01,0.623255,0.235076E-01
0.134277E-01,0.652934,0.909313E-01
0.140381E-01,0.682613,0.215485
0.146484E-01,0.712292,-0.124996
0.152588E-01,0.741971,0.203949
0.158691E-01,0.771650,0.921145
0.164795E-01,0.801328,-0.102129E-01
0.170898E-01,0.831007,0.572248E-01
0.177002E-01,0.860686,-0.293777E-01
0.183105E-01,0.890365,0.119729
0.189209E-01,0.920044,0.260863
0.195312E-01,0.949723,-0.214471E-02
0.201416E-01,0.979401,0.214037E-01
0.207520E-01,1.00908,0.153987
0.213623E-01,1.03876,0.330589
0.219727E-01,1.06844,0.128453
0.225830E-01,1.09812,-0.672317E-01
0.231934E-01,1.12780,0.146875E-01
0.238037E-01,1.15747,0.902563E-01
0.244141E-01,1.18715,0.252941
0.250244E-01,1.21683,0.311798E-02
0.256348E-01,1.24651,0.279532E-01
0.262451E-01,1.27619,0.209840E-01
0.268555E-01,1.30587,0.517343E-01
0.274658E-01,1.33555,0.560306E-01
0.280762E-01,1.36523,0.607723E-01
0.286865E-01,1.39491,0.626549E-01
0.292969E-01,1.42458,0.218572
0.299072E-01,1.45426,-0.196984
0.305176E-01,1.48394,-0.500237E-01
0.311279E-01,1.51362,-0.567940E-01
0.317383E-01,1.54330,-0.105959
0.323486E-01,1.57298,0.753501E-01
0.329590E-01,1.60266,-0.433696E-01
0.335693E-01,1.63234,0.447011E-01
0.341797E-01,1.66201,-0.506787E-01
0.347900E-01,1.69169,-0.122906E-01
0.354004E-01,1.72137,0.183180
0.360107E-01,1.75105,-0.211987E-01
0.366211E-01,1.78073,-0.318410E-01
0.372314E-01,1.81041,-0.186458E-01
0.378418E-01,1.84009,-0.720737E-02
0.384521E-01,1.86977,0.359225E-02
0.390625E-01,1.89945,0.194246
0.396729E-01,1.92912,0.240438E-01
0.402832E-01,1.95880,-0.162748E-01
0.408936E-01,1.98848,-0.124180E-02
0.415039E-01,2.01816,0.100955E-01
0.421143E-01,2.04784,0.410402E-01
0.427246E-01,2.07752,-0.158764
0.433350E-01,2.10720,-0.300681E-01
0.439453E-01,2.13688,-0.512225E-01
0.445557E-01,2.16655,-0.569760E-01
0.451660E-01,2.19623,0.997010E-01
0.457764E-01,2.22591,0.161967E-01
0.463867E-01,2.25559,-0.424057E-02
0.469971E-01,2.28527,0.215170E-01
0.476074E-01,2.31495,0.496914E-01
0.482178E-01,2.34463,0.795262E-02
0.488281E-01,2.37431,0.119785
0.494385E-01,2.40399,-0.231269E-01
0.500488E-01,2.43366,0.200250E-01
0.506592E-01,2.46334,0.714012E-01
0.512695E-01,2.49302,-0.106936
0.518799E-01,2.52270,-0.436308E-01
0.524902E-01,2.55238,-0.305304E-01
0.531006E-01,2.58206,-0.252380E-01
0.537109E-01,2.61174,0.246811E-01
0.543213E-01,2.64142,0.562807E-01
0.549316E-01,2.67109,0.332327
0.555420E-01,2.70077,-0.399762E-02
0.561523E-01,2.73045,-0.695785E-01
0.567627E-01,2.76013,-0.886805E-02
0.573730E-01,2.78981,0.788760E-01
0.579834E-01,2.81949,-0.894150E-03
0.585938E-01,2.84917,0.369613E-01
0.592041E-01,2.87885,0.821122E-01
0.598145E-01,2.90853,0.533264E-01
0.604248E-01,2.93820,0.166711
0.610352E-01,2.96788,0.358160E-01
0.616455E-01,2.99756,0.970642E-01
0.622559E-01,3.02724,-0.480308E-03
0.628662E-01,3.05692,0.521493E-01
0.634766E-01,3.08660,-0.298669E-01
0.640869E-01,3.11628,0.779014E-01
0.646973E-01,3.14596,0.169313
0.653076E-01,3.17563,0.127460
0.659180E-01,3.20531,-0.217095E-01
0.665283E-01,3.23499,0.868364E-03
0.671387E-01,3.26467,0.493770E-01
0.677490E-01,3.29435,0.424894E-01
0.683594E-01,3.32403,0.474446E-01
0.689697E-01,3.35371,0.329721E-01
0.695801E-01,3.38339,0.473298E-01
0.701904E-01,3.41307,0.283097E-01
0.708008E-01,3.44274,0.255667E-01
0.714111E-01,3.47242,-0.197883E-01
0.720215E-01,3.50210,-0.702587E-02
0.726318E-01,3.53178,0.110795
0.732422E-01,3.56146,0.642110E-01
0.738525E-01,3.59114,0.248662E-02
0.744629E-01,3.62082,0.158704
0.750732E-01,3.65050,0.304162E-01
0.756836E-01,3.68017,0.116997E-01
0.762939E-01,3.70985,0.655599E-01
0.769043E-01,3.73953,0.126475
0.775146E-01,3.76921,0.321877E-01
0.781250E-01,3.79889,0.422196E-01
0.787354E-01,3.82857,-0.226196E-02
0.793457E-01,3.85825,0.956671E-01
0.799561E-01,3.88793,-0.943765E-02
0.805664E-01,3.91761,0.717492E-01
0.811768E-01,3.94728,0.985196E-03
0.817871E-01,3.97696,0.125906E-01
0.823975E-01,4.00664,0.189637E-01
0.830078E-01,4.03632,0.301842E-01
0.836182E-01,4.06600,-0.118003E-01
0.842285E-01,4.09568,0.520120E-02
0.848389E-01,4.12536,-0.905205E-01
0.854492E-01,4.15504,0.164775E-01
0.860596E-01,4.18472,0.174556E-01
0.866699E-01,4.21439,0.110112
0.872803E-01,4.24407,-0.934411E-02
0.878906E-01,4.27375,0.112777
0.885010E-01,4.30343,-0.122660E-02
0.891113E-01,4.33311,-0.290857E-01
0.897217E-01,4.36279,0.129243
0.903320E-01,4.39247,0.526776E-01
0.909424E-01,4.42215,0.325317E-01
0.915527E-01,4.45182,0.394412E-03
0.921631E-01,4.48150,-0.333780E-01
0.927734E-01,4.51118,0.504346E-01
0.933838E-01,4.54086,0.298957
0.939941E-01,4.57054,0.675689E-01
0.946045E-01,4.60022,0.196469
0.952148E-01,4.62990,0.379670
0.958252E-01,4.65958,0.281465E-01
0.964355E-01,4.68926,-0.309356E-01
0.970459E-01,4.71893,-0.365744E-02
0.976562E-01,4.74861,-0.435764E-01
0.982666E-01,4.77829,0.178011E-01
0.988770E-01,4.80797,-0.293670E-01
0.994873E-01,4.83765,0.493663E-01
0.100098,4.86733,0.692531E-01
0.100708,4.89701,0.157159E-01
0.101318,4.92669,-0.431007E-02
0.101929,4.95636,0.225501E-02
0.102539,4.98604,0.185446E-01
0.103149,5.01572,-0.101140E-01
0.103760,5.04540,0.424943E-01
0.104370,5.07508,0.207124
0.104980,5.10476,0.126437
0.105591,5.13444,0.485769E-01
0.106201,5.16412,0.156850
0.106812,5.19380,0.141273
0.107422,5.22347,0.668302E-01
0.108032,5.25315,-0.545091E-02
0.108643,5.28283,-0.628253E-01
0.109253,5.31251,0.485230E-01
0.109863,5.34219,0.957263E-01
0.110474,5.37187,0.470226E-01
0.111084,5.40155,-0.214608E-01
0.111694,5.43123,0.298396E-01
0.112305,5.46090,-0.508469E-01
0.112915,5.49058,-0.815407E-01
0.113525,5.52026,0.136999
0.114136,5.54994,-0.111514
0.114746,5.57962,0.227001
0.115356,5.60930,-0.480669E-01
0.115967,5.63898,0.741854E-02
0.116577,5.66866,-0.309767E-01
0.117188,5.69834,0.540306E-01
0.117798,5.72801,0.337545E-01
0.118408,5.75769,0.405414E-01
0.119019,5.78737,0.677124E-02
0.119629,5.81705,0.319255E-01
0.120239,5.84673,0.817458E-01
0.120850,5.87641,0.432768E-01
0.121460,5.90609,0.792343E-01
0.122070,5.93577,0.252481
0.122681,5.96544,-0.313861E-02
0.123291,5.99512,0.495139E-02
0.123901,6.02480,-0.297699E-01
0.124512,6.05448,0.466787E-01
0.125122,6.08416,-0.528906E-01
0.125732,6.11384,0.184248
0.126343,6.14352,0.611928E-01
0.126953,6.17320,0.562837E-01
0.127563,6.20288,-0.152657E-01
0.128174,6.23255,-0.926941E-01
0.128784,6.26223,0.242779E-01
0.129395,6.29191,-0.185150E-01
0.130005,6.32159,0.107695
0.130615,6.35127,0.184304
0.131226,6.38095,-0.192173E-01
0.131836,6.41063,0.171012E-01
0.132446,6.44031,0.181924
0.133057,6.46999,0.201188E-01
0.133667,6.49966,0.672440E-01
0.134277,6.52934,-0.402132E-01
0.134888,6.55902,0.484943E-01
0.135498,6.58870,0.234600E-01
0.136108,6.61838,0.651283E-01
0.136719,6.64806,0.159786
0.137329,6.67774,0.323742E-01
0.137939,6.70742,-0.203214E-01
0.138550,6.73709,-0.340763E-01
0.139160,6.76677,0.149993
0.139771,6.79645,0.495900E-02
0.140381,6.82613,0.516036E-01
0.140991,6.85581,-0.443741E-01
0.141602,6.88549,0.145914
0.142212,6.91517,-0.153980E-01
0.142822,6.94485,0.130414
0.143433,6.97453,-0.118894E-01
0.144043,7.00420,0.284099E-01
0.144653,7.03388,-0.403466E-02
0.145264,7.06356,-0.698385E-02
0.145874,7.09324,0.201764E-01
0.146484,7.12292,0.844394E-01
0.147095,7.15260,0.370368E-01
0.147705,7.18228,-0.207034E-01
0.148315,7.21196,0.471843E-01
0.148926,7.24163,0.343556E-01
0.149536,7.27131,-0.161160E-01
0.150146,7.30099,-0.389571E-01
0.150757,7.33067,0.262790E-01
0.151367,7.36035,0.803410E-01
0.151978,7.39003,0.934028E-01
0.152588,7.41971,0.124511E-01
0.153198,7.44939,0.271788E-01
0.153809,7.47907,0.486179E-01
0.154419,7.50874,0.291641E-01
0.155029,7.53842,-0.681576E-01
0.155640,7.56810,0.462211E-01
0.156250,7.59778,0.707300E-01
0.156860,7.62746,0.349096E-01
0.157471,7.65714,0.214841E-01
0.158081,7.68682,0.106554
0.158691,7.71650,0.145639E-01
0.159302,7.74617,0.381957E-02
0.159912,7.77585,0.175591E-01
0.160522,7.80553,0.933722E-02
0.161133,7.83521,0.356010E-01
0.161743,7.86489,0.327355E-01
0.162354,7.89457,0.695214E-02
0.162964,7.92425,0.580401E-01
0.163574,7.95393,-0.299267E-01
0.164185,7.98361,-0.177096E-01
0.164795,8.01328,0.801252E-02
0.165405,8.04296,0.404627E-01
0.166016,8.07264,0.265285E-01
0.166626,8.10232,0.385592E-01
0.167236,8.13200,0.226133E-01
0.167847,8.16168,-0.340977E-01
0.168457,8.19136,0.404674E-01
0.169067,8.22104,0.452549E-02
0.169678,8.25071,-0.374460E-01
0.170288,8.28039,0.109059E-01
0.170898,8.31007,-0.859139E-01
0.171509,8.33975,-0.194303E-01
0.172119,8.36943,-0.133489
0.172729,8.39911,0.342001E-02
0.173340,8.42879,0.840125E-02
0.173950,8.45847,-0.389139E-04
0.174561,8.48815,0.194795E-01
0.175171,8.51782,0.105674
0.175781,8.54750,-0.182164E-02
0.176392,8.57718,-0.283009E-01
0.177002,8.60686,0.136628E-01
0.177612,8.63654,-0.387377E-01
0.178223,8.66622,0.668327E-01
0.178833,8.69590,0.119091
0.179443,8.72558,0.124724E-01
0.180054,8.75526,0.198355E-01
0.180664,8.78493,0.265020E-01
0.181274,8.81461,0.538883E-01
0.181885,8.84429,0.523811E-02
0.182495,8.87397,-0.129837E-01
0.183105,8.90365,-0.901214E-02
0.183716,8.93333,0.373651E-01
0.184326,8.96301,0.114388
0.184937,8.99269,-0.109957E-01
0.185547,9.02236,0.618024E-01
0.186157,9.05204,0.146643E-01
0.186768,9.08172,0.388507E-01
0.187378,9.11140,0.140892
0.187988,9.14108,-0.150129E-01
0.188599,9.17076,-0.168444E-01
0.189209,9.20044,-0.204307E-01
0.189819,9.23012,0.948910E-01
0.190430,9.25980,-0.904198E-02
0.191040,9.28947,0.486903E-01
0.191650,9.31915,-0.382365E-01
0.192261,9.34883,0.883638E-01
0.192871,9.37851,0.118676
0.193481,9.40819,0.670096E-01
0.194092,9.43787,0.139743E-01
0.194702,9.46755,-0.830895E-02
0.195312,9.49723,0.303010E-01
0.195923,9.52690,-0.220212E-02
0.196533,9.55658,0.101620
0.197144,9.58626,0.810449E-01
0.197754,9.61594,0.517196E-01
0.198364,9.64562,-0.196577E-01
0.198975,9.67530,0.802574E-01
0.199585,9.70498,0.265433E-01
0.200195,9.73466,0.116480
0.200806,9.76434,0.181538E-01
0.201416,9.79401,-0.120535E-01
0.202026,9.82369,0.111289
0.202637,9.85337,-0.464860E-02
0.203247,9.88305,-0.273239E-01
0.203857,9.91273,0.463363E-01
0.204468,9.94241,0.464651E-02
0.205078,9.97209,0.419608E-01
0.205688,10.0018,0.313321E-01
0.206299,10.0314,0.849655E-02
0.206909,10.0611,0.152763E-01
0.207520,10.0908,0.862460E-01
0.208130,10.1205,0.210351E-02
0.208740,10.1502,0.249497E-01
0.209351,10.1798,0.882517E-01
0.209961,10.2095,0.260845E-01
0.210571,10.2392,0.320487E-01
0.211182,10.2689,0.117046E-01
0.211792,10.2986,0.377094E-01
0.212402,10.3282,0.150580E-01
0.213013,10.3579,0.586658E-01
0.213623,10.3876,-0.494011E-01
0.214233,10.4173,0.312439E-01
0.214844,10.4469,-0.451900E-01
0.215454,10.4766,-0.381560E-01
0.216064,10.5063,0.111947E-01
0.216675,10.5360,-0.445961E-01
0.217285,10.5657,0.192360E-01
0.217896,10.5953,-0.296173E-01
0.218506,10.6250,0.130078E-01
0.219116,10.6547,0.819006E-03
0.219727,10.6844,-0.240742E-01
0.220337,10.7141,0.412548E-01
0.220947,10.7437,0.480636E-01
0.221558,10.7734,-0.249985E-01
0.222168,10.8031,0.574706E-01
0.222778,10.8328,-0.408246E-02
0.223389,10.8625,-0.910613E-02
0.223999,10.8921,0.163904E-01
0.224609,10.9218,0.357115E-01
0.225220,10.9515,0.396682E-01
0.225830,10.9812,-0.227880E-01
0.226440,11.0108,-0.238572E-02
0.227051,11.0405,0.308584E-01
0.227661,11.0702,0.648399E-02
0.228271,11.0999,0.271376E-01
0.228882,11.1296,0.461846E-01
0.229492,11.1592,-0.126303E-01
0.230103,11.1889,0.222398E-02
0.230713,11.2186,-0.202883E-01
0.231323,11.2483,0.363521E-01
0.231934,11.2780,-0.556877E-02
0.232544,11.3076,-0.142866E-01
0.233154,11.3373,-0.657052E-01
0.233765,11.3670,-0.530601E-02
0.234375,11.3967,-0.549910E-01
0.234985,11.4263,-0.223008E-01
0.235596,11.4560,0.805075E-02
0.236206,11.4857,-0.615642E-01
0.236816,11.5154,0.425651E-01
0.237427,11.5451,0.147527
0.238037,11.5747,0.930237E-01
0.238647,11.6044,-0.188861E-02
0.239258,11.6341,0.118966E-02
0.239868,11.6638,-0.476820E-03
0.240479,11.6935,0.296309E-01
0.241089,11.7231,0.428263E-01
0.241699,11.7528,0.528058E-01
0.242310,11.7825,0.588716E-01
0.242920,11.8122,0.934404E-02
0.243530,11.8419,-0.915117E-02
0.244141,11.8715,0.515587E-01
0.244751,11.9012,0.650021E-02
0.245361,11.9309,0.935772E-01
0.245972,11.9606,0.101547
0.246582,11.9902,-0.988144E-02
0.247192,12.0199,0.552087E-01
0.247803,12.0496,0.328771E-01
0.248413,12.0793,0.364480E-01
0.249023,12.1090,0.946828E-02
0.249634,12.1386,-0.720786E-02
0.250244,12.1683,0.275589E-01
0.250854,12.1980,0.510622E-02
0.251465,12.2277,0.163470E-01
0.252075,12.2574,0.791720E-01
0.252686,12.2870,-0.165836E-01
0.253296,12.3167,0.177416E-01
0.253906,12.3464,-0.916333E-02
0.254517,12.3761,0.149599E-01
0.255127,12.4058,-0.356789E-01
0.255737,12.4354,-0.628174E-02
0.256348,12.4651,0.105678
0.256958,12.4948,0.234231E-01
0.257568,12.5245,0.256105E-01
0.258179,12.5541,0.181714
0.258789,12.5838,-0.147958E-01
0.259399,12.6135,-0.735515E-01
0.260010,12.6432,0.721469E-01
0.260620,12.6729,-0.755682E-02
0.261230,12.7025,0.825609E-01
0.261841,12.7322,-0.692422E-01
0.262451,12.7619,0.612270E-01
0.263062,12.7916,0.986650E-02
0.263672,12.8213,0.386479E-01
0.264282,12.8509,-0.507760E-01
0.264893,12.8806,-0.588972E-01
0.265503,12.9103,0.194761E-01
0.266113,12.9400,-0.159374E-01
0.266724,12.9696,0.279223E-02
0.267334,12.9993,-0.142673E-02
0.267944,13.0290,-0.635361E-02
0.268555,13.0587,0.665787E-02
0.269165,13.0884,-0.665589E-02
0.269775,13.1180,-0.123333E-01
0.270386,13.1477,0.330619E-01
0.270996,13.1774,0.367678E-01
0.271606,13.2071,0.292759E-01
0.272217,13.2368,0.902805E-03
0.272827,13.2664,0.664550E-01
0.273438,13.2961,0.244214E-01
0.274048,13.3258,0.136848
0.274658,13.3555,0.650819E-01
0.275269,13.3852,-0.170006E-02
0.275879,13.4148,-0.199021E-01
0.276489,13.4445,-0.235509E-01
0.277100,13.4742,0.295260E-03
0.277710,13.5039,0.293010E-01
0.278320,13.5335,-0.228188E-02
0.278931,13.5632,-0.491605E-01
0.279541,13.5929,-0.230563E-01
0.280151,13.6226,-0.119626
0.280762,13.6523,0.671908E-01
0.281372,13.6819,0.295555
0.281982,13.7116,0.237285E-01
0.282593,13.7413,-0.119738E-01
0.283203,13.7710,-0.350557E-01
0.283813,13.8007,0.772225E-01
0.284424,13.8303,0.405069E-01
0.285034,13.8600,0.237079E-01
0.285645,13.8897,0.121805
0.286255,13.9194,-0.617761E-01
0.286865,13.9491,0.490708E-01
0.287476,13.9787,0.175522E-01
0.288086,14.0084,-0.860019E-02
0.288696,14.0381,0.115369E-01
0.289307,14.0678,0.642844E-02
0.289917,14.0974,0.285221E-01
0.290527,14.1271,-0.123675E-01
0.291138,14.1568,0.595792E-01
0.291748,14.1865,0.315599E-01
0.292358,14.2162,0.655984E-03
0.292969,14.2458,0.370795E-01
0.293579,14.2755,0.313188E-01
0.294189,14.3052,0.609781E-01
0.294800,14.3349,0.458107E-01
0.295410,14.3646,0.769297E-01
0.296021,14.3942,0.377025E-01
0.296631,14.4239,-0.629405E-01
0.297241,14.4536,0.158625E-01
0.297852,14.4833,-0.254451E-01
0.298462,14.5129,0.563242E-01
0.299072,14.5426,0.504654E-02
0.299683,14.5723,-0.425570E-01
0.300293,14.6020,0.357164E-01
0.300903,14.6317,0.183478E-02
0.301514,14.6613,0.792379E-02
0.302124,14.6910,0.611838E-01
0.302734,14.7207,0.104615E-01
0.303345,14.7504,0.318613E-01
0.303955,14.7801,0.574392E-02
0.304565,14.8097,0.508160E-01
0.305176,14.8394,-0.718130E-02
0.305786,14.8691,-0.265826E-02
0.306396,14.8988,0.192325E-01
0.307007,14.9285,-0.353245E-01
0.307617,14.9581,0.386833E-03
0.308228,14.9878,-0.193063E-01
0.308838,15.0175,-0.793091E-02
0.309448,15.0472,-0.946543E-02
0.310059,15.0768,0.209141E-02
0.310669,15.1065,0.630426E-01
0.311279,15.1362,0.285893E-02
0.311890,15.1659,0.173109E-02
0.312500,15.1956,0.459837E-01
0.313110,15.2252,-0.105265E-01
0.313721,15.2549,0.283999E-01
0.314331,15.2846,-0.109095
0.314941,15.3143,0.627999E-01
0.315552,15.3440,0.385883E-01
0.316162,15.3736,0.269513E-01
0.316772,15.4033,0.510215E-01
0.317383,15.4330,0.248919E-02
0.317993,15.4627,0.136967E-01
0.318604,15.4923,0.264842E-02
0.319214,15.5220,0.796135E-02
0.319824,15.5517,0.619653E-01
0.320435,15.5814,0.270650E-01
0.321045,15.6111,0.780760E-02
0.321655,15.6407,0.864065E-02
0.322266,15.6704,0.433330E-01
0.322876,15.7001,0.434273E-01
0.323486,15.7298,0.156099E-01
0.324097,15.7595,0.707054E-01
0.324707,15.7891,-0.544979E-02
0.325317,15.8188,0.860711E-01
0.325928,15.8485,-0.111789E-01
0.326538,15.8782,0.779757E-01
0.327148,15.9079,0.246386E-02
0.327759,15.9375,-0.149779E-01
0.328369,15.9672,0.428704E-02
0.328979,15.9969,0.347085E-01
0.329590,16.0266,0.386936E-01
0.330200,16.0562,-0.638798E-02
0.330811,16.0859,0.685234E-03
0.331421,16.1156,0.366933E-01
0.332031,16.1453,-0.529657E-02
0.332642,16.1750,0.277211E-01
0.333252,16.2046,-0.456028E-01
0.333862,16.2343,-0.736998E-01
0.334473,16.2640,0.226872E-01
0.335083,16.2937,-0.516009E-02
0.335693,16.3234,0.773805E-02
0.336304,16.3530,0.371207E-01
0.336914,16.3827,0.178215E-01
0.337524,16.4124,0.255408E-01
0.338135,16.4421,-0.350783E-01
0.338745,16.4718,-0.270173E-01
0.339355,16.5014,-0.205165E-01
0.339966,16.5311,0.469182E-01
0.340576,16.5608,0.449332E-01
0.341187,16.5905,-0.238307E-02
0.341797,16.6201,0.730664E-01
0.342407,16.6498,0.786485E-02
0.343018,16.6795,-0.146318E-01
0.343628,16.7092,0.258833E-01
0.344238,16.7389,0.219073E-01
0.344849,16.7685,0.435362E-01
0.345459,16.7982,0.296567E-01
0.346069,16.8279,0.733458E-02
0.346680,16.8576,-0.239838E-02
0.347290,16.8873,-0.848572E-02
0.347900,16.9169,0.247133E-02
0.348511,16.9466,0.574444E-02
0.349121,16.9763,0.545912E-01
0.349731,17.0060,0.164159E-01
0.350342,17.0356,0.450899E-02
0.350952,17.0653,0.551713E-01
0.351562,17.0950,0.774579E-02
0.352173,17.1247,0.297297E-01
0.352783,17.1544,-0.792934E-01
0.353394,17.1840,0.270900
0.354004,17.2137,-0.297241E-01
0.354614,17.2434,0.264253E-01
0.355225,17.2731,0.698512E-02
0.355835,17.3028,0.206393E-01
0.356445,17.3324,0.364279E-01
0.357056,17.3621,0.372836E-01
0.357666,17.3918,0.172268E-01
0.358276,17.4215,0.738424E-01
0.358887,17.4512,0.414220E-01
0.359497,17.4808,0.316940E-01
0.360107,17.5105,0.646157E-01
0.360718,17.5402,0.275914E-01
0.361328,17.5699,-0.420197E-01
0.361938,17.5995,0.374718E-02
0.362549,17.6292,0.140863E-02
0.363159,17.6589,-0.131346E-01
0.363770,17.6886,-0.351854E-01
0.364380,17.7183,0.328969E-01
0.364990,17.7479,0.593740E-02
0.365601,17.7776,-0.253841E-01
0.366211,17.8073,0.283470E-01
0.366821,17.8370,-0.200062E-02
0.367432,17.8667,-0.319692E-01
0.368042,17.8963,0.419061E-02
0.368652,17.9260,0.108692
0.369263,17.9557,0.152884E-01
0.369873,17.9854,-0.224367E-01
0.370483,18.0151,-0.123678E-01
0.371094,18.0447,0.568964E-01
0.371704,18.0744,-0.104073E-01
0.372314,18.1041,-0.122005
0.372925,18.1338,-0.112285E-01
0.373535,18.1634,0.584755E-02
0.374146,18.1931,-0.379013E-02
0.374756,18.2228,-0.319319E-02
0.375366,18.2525,-0.345148E-01
0.375977,18.2822,-0.574238E-01
0.376587,18.3118,0.104331
0.377197,18.3415,-0.247770E-03
0.377808,18.3712,0.362552E-01
0.378418,18.4009,0.269742E-01
0.379028,18.4306,0.135079E-01
0.379639,18.4602,0.625950E-01
0.380249,18.4899,0.519352E-01
0.380859,18.5196,0.452512E-01
0.381470,18.5493,0.545662E-02
0.382080,18.5789,0.489819E-01
0.382690,18.6086,0.185759
0.383301,18.6383,-0.328975E-02
0.383911,18.6680,0.341345E-01
0.384521,18.6977,0.823167E-01
0.385132,18.7273,0.243479E-01
0.385742,18.7570,0.609750E-01
0.386353,18.7867,0.393811E-01
0.386963,18.8164,0.236370E-01
0.387573,18.8461,-0.429078E-01
0.388184,18.8757,0.867419E-01
0.388794,18.9054,0.122061E-01
0.389404,18.9351,0.195950E-01
0.390015,18.9648,-0.205516E-01
0.390625,18.9945,-0.277634E-01
0.391235,19.0241,0.139607E-01
0.391846,19.0538,0.950303E-02
0.392456,19.0835,0.240797E-01
0.393066,19.1132,0.882210E-01
0.393677,19.1428,0.151434E-01
0.394287,19.1725,0.211565
0.394897,19.2022,0.239677E-01
0.395508,19.2319,0.608837E-01
0.396118,19.2616,0.376064E-01
0.396729,19.2912,0.573433E-01
0.397339,19.3209,0.122397
0.397949,19.3506,0.787506E-01
0.398560,19.3803,0.115697
0.399170,19.4100,-0.157075E-01
0.399780,19.4396,-0.124291E-01
0.400391,19.4693,0.482418E-01
0.401001,19.4990,0.113211E-01
0.401611,19.5287,0.614408E-01
0.402222,19.5583,0.160428E-01
0.402832,19.5880,-0.207021E-02
0.403442,19.6177,0.433808E-01
0.404053,19.6474,-0.306620E-01
0.404663,19.6771,0.945598E-01
0.405273,19.7067,-0.403706E-01
0.405884,19.7364,0.538949E-02
0.406494,19.7661,0.562578E-01
0.407104,19.7958,0.156924E-01
0.407715,19.8255,-0.112933E-01
0.408325,19.8551,-0.177719E-01
0.408936,19.8848,0.105499E-01
0.409546,19.9145,-0.460939E-01
0.410156,19.9442,0.172451E-02
0.410767,19.9739,-0.125778E-03
0.411377,20.0035,-0.469080E-01
0.411987,20.0332,0.176697E-01
0.412598,20.0629,-0.331342E-02
0.413208,20.0926,0.237386E-01
0.413818,20.1222,0.680404E-01
0.414429,20.1519,-0.105996
0.415039,20.1816,0.495486E-01
0.415649,20.2113,0.171287E-01
0.416260,20.2410,0.862512E-02
0.416870,20.2706,0.742378E-02
0.417480,20.3003,0.232304E-02
0.418091,20.3300,-0.440245E-01
0.418701,20.3597,-0.171302E-02
0.419312,20.3894,-0.203342E-01
0.419922,20.4190,0.290948E-01
0.420532,20.4487,0.351478E-01
0.421143,20.4784,-0.461434E-01
0.421753,20.5081,-0.140029E-01
0.422363,20.5378,0.755731E-01
0.422974,20.5674,0.895530E-03
0.423584,20.5971,-0.919632E-02
0.424194,20.6268,-0.259856E-01
0.424805,20.6565,0.245688E-01
0.425415,20.6861,0.101127E-01
0.426025,20.7158,-0.864873E-02
0.426636,20.7455,0.347182E-02
0.427246,20.7752,-0.159014E-01
0.427856,20.8049,-0.197122E-01
0.428467,20.8345,-0.358166E-02
0.429077,20.8642,-0.500956E-02
0.429688,20.8939,0.229980E-01
0.430298,20.9236,-0.895215E-01
0.430908,20.9533,-0.299963E-01
0.431519,20.9829,-0.295056E-02
0.432129,21.0126,0.233594E-01
0.432739,21.0423,0.133540E-01
0.433350,21.0720,0.123799E-01
0.433960,21.1016,0.141141E-01
0.434570,21.1313,-0.939366E-01
0.435181,21.1610,0.465010E-01
0.435791,21.1907,0.578293E-02
0.436401,21.2204,0.697797E-01
0.437012,21.2500,-0.260214E-01
0.437622,21.2797,-0.361631E-01
0.438232,21.3094,0.359690E-01
0.438843,21.3391,-0.372916E-01
0.439453,21.3688,-0.136256E-01
0.440063,21.3984,0.160021E-01
0.440674,21.4281,-0.714981E-02
0.441284,21.4578,-0.102607E-01
0.441895,21.4875,0.972501E-01
0.442505,21.5172,0.912844E-01
0.443115,21.5468,0.221226E-01
0.443726,21.5765,0.652537E-01
0.444336,21.6062,0.148185E-02
0.444946,21.6359,0.394621E-01
0.445557,21.6655,-0.332144E-01
0.446167,21.6952,0.319126E-01
0.446777,21.7249,0.613856E-01
0.447388,21.7546,-0.452359E-02
0.447998,21.7843,-0.159358E-01
0.448608,21.8139,-0.258464E-01
0.449219,21.8436,-0.133964E-01
0.449829,21.8733,0.258263E-04
0.450439,21.9030,0.306339E-03
0.451050,21.9327,0.575229E-01
0.451660,21.9623,0.287230E-01
0.452271,21.9920,-0.172371E-01
0.452881,22.0217,0.140382E-01
0.453491,22.0514,-0.203978E-01
0.454102,22.0810,0.180388E-01
0.454712,22.1107,-0.471726E-01
0.455322,22.1404,0.478371E-01
0.455933,22.1701,0.144028E-01
0.456543,22.1998,-0.974374E-02
0.457153,22.2294,-0.202229E-01
0.457764,22.2591,-0.137151E-01
0.458374,22.2888,0.126705E-01
0.458984,22.3185,0.156239E-01
0.459595,22.3482,-0.691014E-01
0.460205,22.3778,-0.907262E-02
0.460815,22.4075,-0.827375E-01
0.461426,22.4372,0.315516E-01
0.462036,22.4669,0.770157E-02
0.462646,22.4966,0.247833E-01
0.463257,22.5262,-0.215089E-01
0.463867,22.5559,-0.344941E-01
0.464478,22.5856,0.117838E-01
0.465088,22.6153,-0.410683E-01
0.465698,22.6449,-0.117041
0.466309,22.6746,-0.104592E-01
0.466919,22.7043,0.368000E-01
0.467529,22.7340,0.484534E-01
0.468140,22.7637,0.117237E-01
0.468750,22.7933,0.115880E-01
0.469360,22.8230,0.641500E-02
0.469971,22.8527,-0.367008E-01
0.470581,22.8824,0.570974E-01
0.471191,22.9121,-0.117628E-01
0.471802,22.9417,-0.262731E-01
0.472412,22.9714,-0.532725E-01
0.473022,23.0011,0.581620E-02
0.473633,23.0308,-0.369032E-01
0.474243,23.0605,0.398937E-01
0.474854,23.0901,-0.216216E-01
0.475464,23.1198,-0.498132E-05
0.476074,23.1495,-0.440519E-01
0.476685,23.1792,-0.161761E-01
0.477295,23.2088,-0.368481E-01
0.477905,23.2385,0.212640E-01
0.478516,23.2682,0.163632E-01
0.479126,23.2979,0.303151E-01
0.479736,23.3276,-0.853784E-02
0.480347,23.3572,0.969056E-01
0.480957,23.3869,0.250946
0.481567,23.4166,0.309953E-01
0.482178,23.4463,-0.391028E-01
0.482788,23.4760,0.773889E-01
0.483398,23.5056,0.155494
0.484009,23.5353,-0.134111E-02
0.484619,23.5650,0.855394E-02
0.485229,23.5947,-0.766101E-02
0.485840,23.6243,-0.462943E-01
0.486450,23.6540,-0.462305E-02
0.487061,23.6837,-0.126201E-01
0.487671,23.7134,-0.302489E-01
0.488281,23.7431,0.665058E-03
0.488892,23.7727,0.157655E-01
0.489502,23.8024,-0.246759E-01
0.490112,23.8321,0.433764E-01
0.490723,23.8618,0.199676E-01
0.491333,23.8915,-0.944325E-02
0.491943,23.9211,-0.337677E-01
0.492554,23.9508,0.750508E-02
0.493164,23.9805,0.555349E-01
0.493774,24.0102,-0.153540E-01
0.494385,24.0399,-0.804314E-01
0.494995,24.0695,0.298111E-01
0.495605,24.0992,-0.277967E-01
0.496216,24.1289,0.345758E-02
0.496826,24.1586,-0.649466E-01
0.497437,24.1882,0.343463E-02
0.498047,24.2179,-0.894836E-02
0.498657,24.2476,0.140136E-01
0.499268,24.2773,0.309406E-02
0.499878,24.3070,0.917517E-02
0.500488,24.3366,-0.217406E-01
0.501099,24.3663,-0.128604E-01
0.501709,24.3960,0.126003E-01
0.502319,24.4257,0.648439E-01
0.502930,24.4554,0.165145E-01
0.503540,24.4850,0.661295E-01
0.504150,24.5147,-0.700438E-02
0.504761,24.5444,-0.627678E-01
0.505371,24.5741,-0.752382E-02
0.505981,24.6038,0.447510E-01
0.506592,24.6334,-0.136302E-01
0.507202,24.6631,0.201945E-01
0.507812,24.6928,0.165538
0.508423,24.7225,-0.952793E-01
0.509033,24.7521,0.276050E-01
0.509644,24.7818,0.101140
0.510254,24.8115,0.547502E-01
0.510864,24.8412,-0.428150E-01
0.511475,24.8709,0.101173
0.512085,24.9005,-0.887676E-02
0.512695,24.9302,0.116524
0.513306,24.9599,-0.826395E-01
0.513916,24.9896,-0.566549E-02
0.514526,25.0193,0.291307E-01
0.515137,25.0489,-0.504761E-01
0.515747,25.0786,-0.527892E-01
0.516357,25.1083,0.204276E-01
0.516968,25.1380,-0.480005E-02
0.517578,25.1676,-0.166974E-01
0.518188,25.1973,0.679069E-02
0.518799,25.2270,-0.159920E-01
0.519409,25.2567,-0.837467E-02
0.520020,25.2864,-0.697412E-02
0.520630,25.3160,-0.608260E-01
0.521240,25.3457,0.500816E-01
0.521851,25.3754,-0.415447E-01
0.522461,25.4051,-0.210459E-01
0.523071,25.4348,-0.354283E-01
0.523682,25.4644,0.695079E-01
0.524292,25.4941,0.116781
0.524902,25.5238,0.258044E-01
0.525513,25.5535,0.131665E-02
0.526123,25.5832,-0.318980E-02
0.526733,25.6128,0.319604E-01
0.527344,25.6425,-0.301324E-01
0.527954,25.6722,-0.321136E-01
0.528564,25.7019,0.323983E-01
0.529175,25.7315,0.480578E-01
0.529785,25.7612,-0.165288E-01
0.530396,25.7909,0.737923E-01
0.531006,25.8206,0.260861E-01
0.531616,25.8503,0.531081E-01
0.532227,25.8799,0.323431E-01
0.532837,25.9096,0.646077E-01
0.533447,25.9393,0.466243E-02
0.534058,25.9690,-0.572213E-02
0.534668,25.9987,-0.909044E-02
0.535278,26.0283,0.542558E-01
0.535889,26.0580,0.297856E-01
0.536499,26.0877,-0.416998E-01
0.537109,26.1174,-0.228017E-01
0.537720,26.1470,-0.811274E-02
0.538330,26.1767,0.738777E-02
0.538940,26.2064,-0.649946E-01
0.539551,26.2361,-0.101780
0.540161,26.2658,0.271225E-01
0.540771,26.2954,-0.193905E-01
0.541382,26.3251,0.321457E-02
0.541992,26.3548,-0.471853E-02
0.542603,26.3845,-0.295913E-01
0.543213,26.4142,0.391772E-03
0.543823,26.4438,-0.809384E-02
0.544434,26.4735,-0.366995E-01
0.545044,26.5032,-0.541632E-01
0.545654,26.5329,0.307771E-01
0.546265,26.5626,0.814056E-01
0.546875,26.5922,0.187746
0.547485,26.6219,-0.677473E-02
0.548096,26.6516,0.163373E-01
0.548706,26.6813,0.262125E-01
0.549316,26.7109,0.380576E-02
0.549927,26.7406,-0.368974E-02
0.550537,26.7703,0.899274E-02
0.551147,26.8000,0.752467E-02
0.551758,26.8297,0.114568E-01
0.552368,26.8593,-0.553893E-02
0.552979,26.8890,-0.381918E-01
0.553589,26.9187,-0.137703
0.554199,26.9484,-0.120671E-02
0.554810,26.9781,-0.580462E-01
0.555420,27.0077,0.253643E-02
0.556030,27.0374,-0.169135E-01
0.556641,27.0671,0.275733E-01
0.557251,27.0968,0.117001E-01
0.557861,27.1265,0.346618E-03
0.558472,27.1561,0.201749E-01
0.559082,27.1858,0.140678E-01
0.559692,27.2155,-0.205797E-01
0.560303,27.2452,0.235011E-01
0.560913,27.2748,0.756234E-01
0.561523,27.3045,0.481987E-01
0.562134,27.3342,0.236863E-01
0.562744,27.3639,0.155059E-01
0.563354,27.3936,0.221077E-01
0.563965,27.4232,-0.116928E-01
0.564575,27.4529,0.177766E-01
0.565186,27.4826,-0.208557E-01
0.565796,27.5123,-0.175658E-01
0.566406,27.5420,0.117459E-01
0.567017,27.5716,-0.101905E-01
0.567627,27.6013,0.302507E-02
0.568237,27.6310,0.625638E-01
0.568848,27.6607,0.668605E-02
0.569458,27.6903,0.147906E-01
0.570068,27.7200,-0.687111E-02
0.570679,27.7497,0.102539
0.571289,27.7794,-0.475826E-02
0.571899,27.8091,0.384336E-01
0.572510,27.8387,0.898014E-01
0.573120,27.8684,-0.150873E-01
0.573730,27.8981,0.546120E-01
0.574341,27.9278,0.278278E-01
0.574951,27.9575,-0.147018E-01
0.575562,27.9871,0.160165
0.576172,28.0168,0.142554E-01
0.576782,28.0465,0.706882E-02
0.577393,28.0762,-0.443173E-03
0.578003,28.1059,0.524811E-02
0.578613,28.1355,0.143209E-01
0.579224,28.1652,-0.494236E-01
0.579834,28.1949,0.120216E-02
0.580444,28.2246,0.266274E-01
0.581055,28.2542,0.430110E-02
0.581665,28.2839,-0.143766E-01
0.582275,28.3136,0.306170E-01
0.582886,28.3433,-0.216017E-02
0.583496,28.3730,0.131654E-01
0.584106,28.4026,0.297395E-02
0.584717,28.4323,0.181515E-01
0.585327,28.4620,-0.204499E-01
0.585938,28.4917,-0.413345E-01
0.586548,28.5214,0.121707
0.587158,28.5510,-0.349684E-01
0.587769,28.5807,0.203099E-01
0.588379,28.6104,0.225278E-01
0.588989,28.6401,0.446283E-01
0.589600,28.6698,0.211065E-01
0.590210,28.6994,-0.234158E-01
0.590820,28.7291,0.438424E-02
0.591431,28.7588,0.101309
0.592041,28.7885,0.128572E-01
0.592651,28.8181,-0.123908
0.593262,28.8478,0.860754E-02
0.593872,28.8775,-0.958911E-02
0.594482,28.9072,-0.254431E-02
0.595093,28.9369,0.131717E-01
0.595703,28.9665,-0.925817E-02
0.596313,28.9962,-0.492973E-01
0.596924,29.0259,0.558439E-01
0.597534,29.0556,-0.102703E-01
0.598145,29.0853,-0.412444E-01
0.598755,29.1149,-0.366194E-01
0.599365,29.1446,-0.279544E-01
0.599976,29.1743,0.769800E-01
0.600586,29.2040,-0.935131E-02
0.601196,29.2336,-0.312414E-01
0.601807,29.2633,-0.423508E-02
0.602417,29.2930,0.202880E-01
0.603027,29.3227,-0.218068E-01
0.603638,29.3524,0.232295E-02
0.604248,29.3820,0.243856E-01
0.604858,29.4117,-0.125278E-01
0.605469,29.4414,0.503138E-02
0.606079,29.4711,-0.746539E-01
0.606689,29.5008,-0.104052E-01
0.607300,29.5304,-0.116450
0.607910,29.5601,0.943116E-02
0.608521,29.5898,0.488925E-01
0.609131,29.6195,0.967316E-03
0.609741,29.6492,-0.258847E-01
0.610352,29.6788,-0.452510E-03
0.610962,29.7085,0.434697E-01
0.611572,29.7382,0.290806E-01
0.612183,29.7679,-0.274595E-01
0.612793,29.7975,-0.130591E-01
0.613403,29.8272,-0.550306E-01
0.614014,29.8569,0.200936E-01
0.614624,29.8866,-0.969785E-01
0.615234,29.9163,0.219199E-01
0.615845,29.9459,-0.213745E-01
0.616455,29.9756,-0.155057E-01
0.617065,30.0053,0.457125E-01
0.617676,30.0350,0.174181E-01
0.618286,30.0647,-0.164065E-01
0.618896,30.0943,-0.579432E-02
0.619507,30.1240,0.133176E-01
0.620117,30.1537,0.185601E-02
0.620728,30.1834,0.450809E-01
0.621338,30.2130,0.942639E-01
0.621948,30.2427,0.287197E-02
0.622559,30.2724,0.369091E-01
0.623169,30.3021,0.915487E-02
0.623779,30.3318,-0.242126E-01
0.624390,30.3614,0.147438
0.625000,30.3911,0.697351E-01
0.625610,30.4208,0.580910E-01
0.626221,30.4505,0.528248E-01
0.626831,30.4802,0.787701E-01
0.627441,30.5098,-0.433392E-02
0.628052,30.5395,-0.225492E-02
0.628662,30.5692,0.356380E-01
0.629272,30.5989,-0.230947E-02
0.629883,30.6286,-0.107957E-01
0.630493,30.6582,-0.456834E-01
0.631104,30.6879,0.158562E-01
0.631714,30.7176,0.468331E-01
0.632324,30.7473,0.715363E-02
0.632935,30.7769,0.422892E-01
0.633545,30.8066,-0.307652E-01
0.634155,30.8363,0.336882E-01
0.634766,30.8660,-0.484909E-02
0.635376,30.8957,0.278506E-01
0.635986,30.9253,0.987905E-02
0.636597,30.9550,-0.715606E-01
0.637207,30.9847,-0.544009E-01
0.637817,31.0144,-0.967345E-02
0.638428,31.0441,-0.292038E-01
0.639038,31.0737,-0.562845E-01
0.639648,31.1034,-0.696568E-02
0.640259,31.1331,-0.603569E-01
0.640869,31.1628,0.242568E-01
0.641479,31.1925,-0.553270E-01
0.642090,31.2221,-0.315917E-01
0.642700,31.2518,-0.511141E-01
0.643311,31.2815,-0.903693E-03
0.643921,31.3112,-0.554161E-01
0.644531,31.3408,0.526532E-02
0.645142,31.3705,0.295179E-02
0.645752,31.4002,0.243264E-01
0.646362,31.4299,0.220561E-01
0.646973,31.4596,-0.131181E-01
0.647583,31.4892,0.150143E-01
0.648193,31.5189,0.911886E-01
0.648804,31.5486,0.959903E-03
0.649414,31.5783,0.297173E-01
0.650024,31.6080,-0.524353E-01
0.650635,31.6376,0.998733E-01
0.651245,31.6673,0.116493E-01
0.651855,31.6970,0.202774E-01
0.652466,31.7267,-0.586099E-03
0.653076,31.7563,0.231863E-01
0.653687,31.7860,0.518922E-01
0.654297,31.8157,-0.704051E-01
0.654907,31.8454,-0.612374E-01
0.655518,31.8751,-0.734278E-01
0.656128,31.9047,0.728645E-02
0.656738,31.9344,-0.206128E-02
0.657349,31.9641,-0.804218E-02
0.657959,31.9938,0.904014E-01
0.658569,32.0235,-0.189572E-01
0.659180,32.0531,0.324710E-01
0.659790,32.0828,-0.498622E-01
0.660400,32.1125,-0.286429E-01
0.661011,32.1422,0.173864E-01
0.661621,32.1719,-0.494062E-01
0.662231,32.2015,0.165636E-01
0.662842,32.2312,-0.121516E-01
0.663452,32.2609,0.313800E-01
0.664062,32.2906,-0.126684E-01
0.664673,32.3202,0.131627E-01
0.665283,32.3499,0.465441E-01
0.665894,32.3796,-0.122238E-01
0.666504,32.4093,0.404455E-02
0.667114,32.4390,-0.771950E-02
0.667725,32.4686,0.547641E-01
0.668335,32.4983,0.403505E-01
0.668945,32.5280,-0.867229E-02
0.669556,32.5577,-0.743836E-01
0.670166,32.5874,0.360781E-02
0.670776,32.6170,0.808538E-01
0.671387,32.6467,0.457339E-01
0.671997,32.6764,-0.454950E-02
0.672607,32.7061,0.479472E-01
0.673218,32.7358,0.245939E-01
0.673828,32.7654,0.196596E-01
0.674438,32.7951,0.306934E-01
0.675049,32.8248,0.284686E-02
0.675659,32.8545,0.141516E-01
0.676270,32.8841,-0.217253E-02
0.676880,32.9138,0.568418E-01
0.677490,32.9435,0.130419E-01
0.678101,32.9732,0.237082E-02
0.678711,33.0029,-0.308492E-02
0.679321,33.0325,0.236966E-01
0.679932,33.0622,-0.306063E-02
0.680542,33.0919,-0.628652E-01
0.681152,33.1216,-0.121784E-02
0.681763,33.1513,0.574365E-01
0.682373,33.1809,-0.136318E-01
0.682983,33.2106,-0.118183E-01
0.683594,33.2403,-0.319320E-01
0.684204,33.2700,0.350093E-01
0.684814,33.2996,0.286153E-01
0.685425,33.3293,0.952865E-02
0.686035,33.3590,-0.433891E-03
0.686646,33.3887,-0.186481E-01
0.687256,33.4184,0.433121E-02
0.687866,33.4480,0.164574E-01
0.688477,33.4777,0.201997E-01
0.689087,33.5074,-0.221042E-02
0.689697,33.5371,0.145619E-02
0.690308,33.5668,0.388840E-01
0.690918,33.5964,0.297735E-01
0.691528,33.6261,0.560526E-03
0.692139,33.6558,0.161289E-01
0.692749,33.6855,0.828978E-02
0.693359,33.7152,0.131839E-01
0.693970,33.7448,0.345250E-01
0.694580,33.7745,0.135275E-01
0.695190,33.8042,0.222415E-01
0.695801,33.8339,0.134485
0.696411,33.8635,0.314844E-02
0.697021,33.8932,-0.639579E-02
0.697632,33.9229,0.205533E-01
0.698242,33.9526,-0.838524E-02
0.698853,33.9823,0.177936E-01
0.699463,34.0119,-0.318809E-01
0.700073,34.0416,-0.413169E-01
0.700684,34.0713,0.121432E-02
0.701294,34.1010,0.685569E-02
0.701904,34.1307,0.579004E-01
0.702515,34.1603,0.581307E-01
0.703125,34.1900,-0.730890E-02
0.703735,34.2197,0.386428E-03
0.704346,34.2494,0.113809E-01
0.704956,34.2790,-0.335009E-01
0.705566,34.3087,-0.141122E-01
0.706177,34.3384,0.223817E-02
0.706787,34.3681,0.193304E-01
0.707397,34.3978,0.343477E-01
0.708008,34.4274,-0.410081E-01
0.708618,34.4571,0.589063E-01
0.709229,34.4868,-0.432786E-01
0.709839,34.5165,-0.962175E-02
0.710449,34.5462,0.186764E-01
0.711060,34.5758,0.209957
0.711670,34.6055,0.174687E-01
0.712280,34.6352,0.498652E-01
0.712891,34.6649,0.176731E-01
0.713501,34.6946,-0.108235E-01
0.714111,34.7242,0.338989E-01
0.714722,34.7539,0.103258
0.715332,34.7836,0.523824E-01
0.715942,34.8133,0.517357E-02
0.716553,34.8429,0.593899E-02
0.717163,34.8726,-0.112551E-01
0.717773,34.9023,-0.572908E-02
0.718384,34.9320,0.281694E-01
0.718994,34.9617,-0.174964E-01
0.719604,34.9913,-0.116507E-01
0.720215,35.0210,0.219711E-02
0.720825,35.0507,0.834554E-01
0.721436,35.0804,-0.240424E-01
0.722046,35.1101,0.168476E-01
0.722656,35.1397,0.210390E-01
0.723267,35.1694,-0.613346E-01
0.723877,35.1991,0.157025E-01
0.724487,35.2288,0.304666E-01
0.725098,35.2585,-0.276782E-01
0.725708,35.2881,-0.106446E-02
0.726318,35.3178,0.192678E-01
0.726929,35.3475,-0.289510E-01
0.727539,35.3772,-0.214311E-01
0.728149,35.4068,0.215285E-01
0.728760,35.4365,-0.122166E-01
0.729370,35.4662,-0.388538E-02
0.729980,35.4959,0.139369E-02
0.730591,35.5256,-0.208835E-01
0.731201,35.5552,0.282912E-01
0.731812,35.5849,0.287630E-02
0.732422,35.6146,-0.251932E-01
0.733032,35.6443,-0.593560E-01
0.733643,35.6740,0.509658E-01
0.734253,35.7036,0.254278E-03
0.734863,35.7333,0.186016E-01
0.735474,35.7630,0.101133E-01
0.736084,35.7927,0.114662
0.736694,35.8223,0.172001E-01
0.737305,35.8520,-0.581944E-01
0.737915,35.8817,0.114695E-01
0.738525,35.9114,0.290408E-01
0.739136,35.9411,0.282558E-01
0.739746,35.9707,0.658297E-01
0.740356,36.0004,0.886359E-01
0.740967,36.0301,-0.163095E-01
0.741577,36.0598,-0.221989E-01
0.742188,36.0895,-0.543552E-03
0.742798,36.1191,-0.114369E-01
0.743408,36.1488,-0.140038E-01
0.744019,36.1785,-0.331513E-01
0.744629,36.2082,0.843863E-01
0.745239,36.2379,-0.153427E-01
0.745850,36.2675,-0.515905E-01
0.746460,36.2972,-0.558235E-01
0.747070,36.3269,0.741703E-02
0.747681,36.3566,0.596973E-02
0.748291,36.3862,-0.535218E-01
0.748901,36.4159,-0.207256E-02
0.749512,36.4456,0.254376E-01
0.750122,36.4753,0.164062E-01
0.750732,36.5050,-0.590102E-01
0.751343,36.5346,0.242284E-01
0.751953,36.5643,-0.106289E-01
0.752563,36.5940,-0.180286E-01
0.753174,36.6237,0.213507E-01
0.753784,36.6534,0.195453E-02
0.754395,36.6830,0.452333E-02
0.755005,36.7127,0.106668
0.755615,36.7424,0.496336E-02
0.756226,36.7721,0.338185E-01
0.756836,36.8017,0.813382E-01
0.757446,36.8314,0.554047E-01
0.758057,36.8611,0.230921E-01
0.758667,36.8908,-0.428881E-02
0.759277,36.9205,-0.134646E-02
0.759888,36.9501,-0.476541E-01
0.760498,36.9798,-0.556655E-03
0.761108,37.0095,0.242203E-01
0.761719,37.0392,0.793145E-01
0.762329,37.0689,-0.271893E-01
0.762939,37.0985,0.304267E-01
0.763550,37.1282,-0.772307E-01
0.764160,37.1579,0.393657E-02
0.764771,37.1876,-0.998044E-02
0.765381,37.2173,0.460653E-01
0.765991,37.2469,0.162223E-01
0.766602,37.2766,-0.867373E-02
0.767212,37.3063,-0.114904
0.767822,37.3360,-0.491239E-01
0.768433,37.3656,0.348769E-01
0.769043,37.3953,0.163288E-01
0.769653,37.4250,0.144226E-01
0.770264,37.4547,0.181643
0.770874,37.4844,0.224726E-01
0.771484,37.5140,-0.339830E-01
0.772095,37.5437,0.483215E-01
0.772705,37.5734,0.205599E-01
0.773315,37.6031,-0.173406E-01
0.773926,37.6328,-0.106286E-01
0.774536,37.6624,0.182424E-01
0.775146,37.6921,0.128386
0.775757,37.7218,-0.663178E-01
0.776367,37.7515,0.567478E-01
0.776978,37.7812,-0.349721E-01
0.777588,37.8108,-0.619448E-01
0.778198,37.8405,0.864141E-01
0.778809,37.8702,0.144050
0.779419,37.8999,0.717474E-01
0.780029,37.9295,0.975443E-01
0.780640,37.9592,-0.236885E-01
0.781250,37.9889,0.162361E-01
0.781860,38.0186,0.989631E-01
0.782471,38.0483,-0.254020E-01
0.783081,38.0779,-0.644880E-01
0.783691,38.1076,0.720789E-01
0.784302,38.1373,0.249802E-01
0.784912,38.1670,-0.169331E-01
0.785522,38.1967,0.148711E-01
0.786133,38.2263,0.532151E-01
0.786743,38.2560,0.404488E-01
0.787354,38.2857,-0.592452E-01
0.787964,38.3154,-0.208930E-01
0.788574,38.3450,-0.135637E-01
0.789185,38.3747,0.369264E-01
0.789795,38.4044,-0.945121E-02
0.790405,38.4341,-0.295028E-01
0.791016,38.4638,-0.221665E-01
0.791626,38.4934,0.669310E-01
0.792236,38.5231,0.695210E-01
0.792847,38.5528,0.364125E-01
0.793457,38.5825,0.470198E-01
0.794067,38.6122,0.888255E-01
0.794678,38.6418,0.306648E-01
0.795288,38.6715,0.178870E-03
0.795898,38.7012,-0.675222E-01
0.796509,38.7309,-0.169255E-01
0.797119,38.7606,-0.138196
0.797729,38.7902,-0.307676E-01
0.798340,38.8199,-0.895510E-01
0.798950,38.8496,-0.327027E-01
0.799561,38.8793,-0.245278
0.800171,38.9089,0.101831
0.800781,38.9386,-0.859683E-01
0.801392,38.9683,-0.176319E-01
0.802002,38.9980,-0.512026E-01
0.802612,39.0277,0.204086E-01
0.803223,39.0573,-0.114947
0.803833,39.0870,0.233253E-02
0.804443,39.1167,0.345055E-02
0.805054,39.1464,0.458815E-01
0.805664,39.1761,-0.597006E-02
0.806274,39.2057,-0.164307E-01
0.806885,39.2354,-0.340714E-01
0.807495,39.2651,-0.225726E-01
0.808105,39.2948,-0.962710E-01
0.808716,39.3245,0.348777E-01
0.809326,39.3541,0.672040E-02
0.809937,39.3838,0.350732E-01
0.810547,39.4135,-0.612408E-01
0.811157,39.4432,-0.397030E-01
0.811768,39.4728,0.182751E-01
0.812378,39.5025,-0.118178E-01
0.812988,39.5322,0.178903E-01
0.813599,39.5619,-0.545662E-01
0.814209,39.5916,-0.214030E-02
0.814819,39.6212,0.364120E-02
0.815430,39.6509,0.195434E-01
0.816040,39.6806,0.195579E-01
0.816650,39.7103,0.150614
0.817261,39.7400,0.633638E-01
0.817871,39.7696,0.648079E-01
0.818481,39.7993,0.234217E-01
0.819092,39.8290,0.275396
0.819702,39.8587,0.742776E-01
0.820312,39.8883,0.365171E-02
0.820923,39.9180,0.433693E-01
0.821533,39.9477,-0.177012E-01
0.822144,39.9774,0.154789E-02
0.822754,40.0071,0.422978E-01
0.823364,40.0367,0.152471E-01
0.823975,40.0664,0.196198E-02
0.824585,40.0961,-0.243926E-01
0.825195,40.1258,-0.366593E-01
0.825806,40.1555,0.990264E-02
0.826416,40.1851,0.171333E-01
0.827026,40.2148,0.411467E-01
0.827637,40.2445,-0.188827E-02
0.828247,40.2742,-0.192439E-01
0.828857,40.3039,0.522887E-02
0.829468,40.3335,-0.979364E-02
0.830078,40.3632,0.832743E-01
0.830688,40.3929,0.116591
0.831299,40.4226,-0.176894E-01
0.831909,40.4522,-0.155785E-01
0.832520,40.4819,0.834200E-01
0.833130,40.5116,0.110447
0.833740,40.5413,-0.721262E-01
0.834351,40.5710,0.277167
0.834961,40.6006,-0.744789E-01
0.835571,40.6303,0.154189E-01
0.836182,40.6600,-0.256480E-01
0.836792,40.6897,-0.149680E-01
0.837402,40.7194,0.191792E-01
0.838013,40.7490,-0.589938E-01
0.838623,40.7787,-0.427931E-01
0.839233,40.8084,0.218308E-02
0.839844,40.8381,0.137475E-01
0.840454,40.8677,-0.398024E-01
0.841064,40.8974,0.498435E-01
0.841675,40.9271,-0.243896E-01
0.842285,40.9568,0.142751E-01
0.842896,40.9865,0.312645E-01
0.843506,41.0161,0.142824E-01
0.844116,41.0458,0.854988E-01
0.844727,41.0755,0.611925E-01
0.845337,41.1052,0.425735E-01
0.845947,41.1349,0.164989E-01
0.846558,41.1645,0.563479E-01
0.847168,41.1942,0.232341E-01
0.847778,41.2239,-0.215952E-01
0.848389,41.2536,0.380783E-02
0.848999,41.2833,0.540551E-01
0.849609,41.3129,0.328573E-01
0.850220,41.3426,0.240930E-01
0.850830,41.3723,-0.969204E-02
0.851440,41.4020,-0.311574E-02
0.852051,41.4316,0.306518E-01
0.852661,41.4613,0.517263E-02
0.853271,41.4910,-0.295612E-01
0.853882,41.5207,0.978538E-02
0.854492,41.5504,0.123900E-01
0.855103,41.5800,-0.366493E-01
0.855713,41.6097,0.326549E-01
0.856323,41.6394,-0.851736E-01
0.856934,41.6691,0.344493E-02
0.857544,41.6988,-0.118971E-01
0.858154,41.7284,0.610800E-02
0.858765,41.7581,-0.280426E-02
0.859375,41.7878,0.909388E-01
0.859985,41.8175,0.393716E-01
0.860596,41.8472,0.146299E-01
0.861206,41.8768,0.262652E-01
0.861816,41.9065,-0.328149E-01
0.862427,41.9362,0.432969E-01
0.863037,41.9659,0.684101E-01
0.863647,41.9955,-0.413259E-01
0.864258,42.0252,-0.249331E-02
0.864868,42.0549,0.702819E-01
0.865479,42.0846,0.351851E-01
0.866089,42.1143,-0.105075E-01
0.866699,42.1439,0.278571E-02
0.867310,42.1736,-0.105363E-01
0.867920,42.2033,0.918742E-02
0.868530,42.2330,-0.745920E-02
0.869141,42.2627,0.514130E-01
0.869751,42.2923,-0.144503E-01
0.870361,42.3220,0.333211E-01
0.870972,42.3517,0.113196
0.871582,42.3814,0.253123E-01
0.872192,42.4110,0.189391E-02
0.872803,42.4407,-0.581381E-02
0.873413,42.4704,0.365427E-02
0.874023,42.5001,-0.195764E-02
0.874634,42.5298,0.157990E-01
0.875244,42.5594,-0.418055E-01
0.875854,42.5891,0.156075
0.876465,42.6188,0.630599E-01
0.877075,42.6485,0.131407
0.877686,42.6782,0.109869
0.878296,42.7078,0.181849
0.878906,42.7375,0.642965E-01
0.879517,42.7672,0.123406E-01
0.880127,42.7969,0.198517E-01
0.880737,42.8266,0.276324E-02
0.881348,42.8562,0.360360E-01
0.881958,42.8859,-0.309267E-01
0.882568,42.9156,0.338473E-01
0.883179,42.9453,-0.348544E-01
0.883789,42.9749,-0.623312E-01
0.884399,43.0046,0.212594E-01
0.885010,43.0343,0.147898
0.885620,43.0640,-0.116863E-01
0.886230,43.0937,0.341305E-01
0.886841,43.1233,0.144056
0.887451,43.1530,0.248257E-01
0.888062,43.1827,0.954405E-01
0.888672,43.2124,-0.502290E-02
0.889282,43.2421,0.303807E-01
0.889893,43.2717,-0.485139E-01
0.890503,43.3014,0.647900E-02
0.891113,43.3311,0.222694E-01
0.891724,43.3608,-0.614693E-01
0.892334,43.3905,0.190650E-01
0.892944,43.4201,-0.241960E-01
0.893555,43.4498,-0.110070
0.894165,43.4795,0.157900E-01
0.894775,43.5092,-0.255072E-01
0.895386,43.5388,0.733496E-01
0.895996,43.5685,-0.918570E-02
0.896606,43.5982,0.459689E-01
0.897217,43.6279,0.520294E-01
0.897827,43.6576,0.311437E-01
0.898438,43.6872,-0.464510E-01
0.899048,43.7169,0.647171E-01
0.899658,43.7466,0.703313E-01
0.900269,43.7763,-0.462077E-03
0.900879,43.8060,0.862168E-01
0.901489,43.8356,-0.106830
0.902100,43.8653,0.143907
0.902710,43.8950,-0.238959E-01
0.903320,43.9247,0.144560
0.903931,43.9543,0.481078E-02
0.904541,43.9840,0.107277
0.905151,44.0137,0.378267E-01
0.905762,44.0434,-0.214444E-01
0.906372,44.0731,0.756149E-01
0.906982,44.1027,-0.124016E-01
0.907593,44.1324,0.155044E-01
0.908203,44.1621,0.176258E-01
0.908813,44.1918,0.471089E-01
0.909424,44.2215,0.482045E-01
0.910034,44.2511,0.535477E-03
0.910645,44.2808,0.265916E-01
0.911255,44.3105,-0.839634E-01
0.911865,44.3402,0.104664
0.912476,44.3699,0.733667E-01
0.913086,44.3995,0.142576E-01
0.913696,44.4292,0.660840E-01
0.914307,44.4589,-0.700955E-02
0.914917,44.4886,0.108247
0.915527,44.5182,-0.575591E-01
0.916138,44.5479,-0.185148E-01
0.916748,44.5776,-0.377048E-01
0.917358,44.6073,0.277647E-01
0.917969,44.6370,-0.807871E-01
0.918579,44.6666,0.432564E-01
0.919189,44.6963,0.198378E-01
0.919800,44.7260,0.105376
0.920410,44.7557,-0.221062E-02
0.921021,44.7854,-0.441405E-02
0.921631,44.8150,-0.141065E-01
0.922241,44.8447,-0.381040E-02
0.922852,44.8744,0.195548E-02
0.923462,44.9041,0.176384E-01
0.924072,44.9337,0.108978
0.924683,44.9634,0.654750E-01
0.925293,44.9931,0.661737E-02
0.925903,45.0228,-0.234429E-01
0.926514,45.0525,-0.330772E-02
0.927124,45.0821,0.668248E-02
0.927734,45.1118,0.205967E-01
0.928345,45.1415,-0.215778E-01
0.928955,45.1712,-0.114217E-01
0.929565,45.2009,-0.144297E-02
0.930176,45.2305,0.361402E-01
0.930786,45.2602,0.183005E-01
0.931396,45.2899,-0.110718E-02
0.932007,45.3196,0.224012E-01
0.932617,45.3493,-0.415929E-01
0.933228,45.3789,-0.615937E-01
0.933838,45.4086,-0.433891E-01
0.934448,45.4383,0.109309E-01
0.935059,45.4680,-0.367192E-02
0.935669,45.4976,0.811561E-02
0.936279,45.5273,0.766658E-01
0.936890,45.5570,0.137114
0.937500,45.5867,0.119097
0.938110,45.6164,0.234389E-01
0.938721,45.6460,0.647972E-01
0.939331,45.6757,0.116006E-01
0.939941,45.7054,-0.214261E-05
0.940552,45.7351,-0.641693E-01
0.941162,45.7648,-0.674240E-02
0.941772,45.7944,0.102783E-01
0.942383,45.8241,-0.109888
0.942993,45.8538,-0.762765E-01
0.943604,45.8835,-0.149734E-03
0.944214,45.9132,0.100804E-01
0.944824,45.9428,-0.716894E-02
0.945435,45.9725,-0.317227E-01
0.946045,46.0022,0.169985
0.946655,46.0319,0.468603E-01
0.947266,46.0615,0.226323E-02
0.947876,46.0912,-0.143342E-01
0.948486,46.1209,0.189846E-01
0.949097,46.1506,-0.874725E-02
0.949707,46.1803,0.769952E-01
0.950317,46.2099,0.104104
0.950928,46.2396,0.158612E-01
0.951538,46.2693,0.403207E-01
0.952148,46.2990,0.353330E-01
0.952759,46.3287,0.209804E-02
0.953369,46.3583,0.266704
0.953979,46.3880,0.570972E-01
0.954590,46.4177,0.296944E-01
0.955200,46.4474,0.659998E-01
0.955811,46.4770,0.131636E-01
0.956421,46.5067,0.173312
0.957031,46.5364,0.552967E-02
0.957642,46.5661,0.332157E-01
0.958252,46.5958,0.134496
0.958862,46.6254,-0.871749E-02
0.959473,46.6551,0.107985
0.960083,46.6848,0.326648E-01
0.960693,46.7145,0.898982E-01
0.961304,46.7442,0.875881E-01
0.961914,46.7738,-0.450381E-01
0.962524,46.8035,0.118387
0.963135,46.8332,0.329160E-01
0.963745,46.8629,0.801147E-01
0.964355,46.8926,0.303260E-01
0.964966,46.9222,0.567571E-01
0.965576,46.9519,-0.126633E-01
0.966187,46.9816,0.225052E-02
0.966797,47.0113,0.440802E-01
0.967407,47.0409,0.103849
0.968018,47.0706,-0.156328E-01
0.968628,47.1003,0.189402
0.969238,47.1300,0.961689E-02
0.969849,47.1597,0.193317
0.970459,47.1893,0.613298E-01
0.971069,47.2190,0.787044E-01
0.971680,47.2487,-0.173700E-01
0.972290,47.2784,0.213353E-01
0.972900,47.3081,-0.128514E-02
0.973511,47.3377,0.179455E-02
0.974121,47.3674,0.489940E-01
0.974731,47.3971,-0.257834E-01
0.975342,47.4268,-0.992837E-02
0.975952,47.4565,0.823375E-01
0.976562,47.4861,0.235387E-02
0.977173,47.5158,0.769509E-01
0.977783,47.5455,0.624168E-01
0.978394,47.5752,0.151881E-01
0.979004,47.6048,-0.815466E-03
0.979614,47.6345,0.108069
0.980225,47.6642,0.832996E-03
0.980835,47.6939,0.952704E-01
0.981445,47.7236,-0.505361E-01
0.982056,47.7532,0.320635E-01
0.982666,47.7829,0.394216E-01
0.983276,47.8126,0.200690E-01
0.983887,47.8423,-0.169264E-01
0.984497,47.8720,-0.254819E-01
0.985107,47.9016,0.162479E-01
0.985718,47.9313,0.193007E-01
0.986328,47.9610,0.140287E-02
0.986938,47.9907,-0.226185E-01
0.987549,48.0203,0.236517E-01
0.988159,48.0500,0.712117E-03
0.988770,48.0797,0.314781E-01
0.989380,48.1094,0.302032E-01
0.989990,48.1391,0.294336E-01
0.990601,48.1687,-0.533350E-02
0.991211,48.1984,-0.387617E-01
0.991821,48.2281,0.568292E-02
0.992432,48.2578,-0.129203E-01
0.993042,48.2875,-0.274799E-01
0.993652,48.3171,-0.633484E-02
0.994263,48.3468,0.135341E-01
0.994873,48.3765,-0.408243E-01
0.995483,48.4062,-0.493553E-01
0.996094,48.4359,0.491680E-01
0.996704,48.4655,0.205711E-01
0.997314,48.4952,0.586960E-01
0.997925,48.5249,0.299963E-01
0.998535,48.5546,0.830371E-01
0.999146,48.5842,0.963311E-01
0.999756,48.6139,-0.130654E-01
1.00037,48.6436,0.672635E-01
1.00098,48.6733,0.258496E-01
1.00159,48.7030,0.130706
1.00220,48.7326,0.229003E-01
1.00281,48.7623,0.299098
1.00342,48.7920,-0.576609E-03
1.00403,48.8217,0.171532E-01
1.00464,48.8514,-0.128958E-01
1.00525,48.8810,0.810259E-01
1.00586,48.9107,0.164738
1.00647,48.9404,0.347001E-01
1.00708,48.9701,-0.200176E-01
1.00769,48.9997,0.851067E-01
1.00830,49.0294,0.101649
1.00891,49.0591,0.701520E-01
1.00952,49.0888,0.417769E-01
1.01013,49.1185,0.630689E-01
1.01074,49.1481,0.129820
1.01135,49.1778,-0.294506E-01
1.01196,49.2075,-0.990671E-01
1.01257,49.2372,0.765598E-03
1.01318,49.2669,-0.508404E-01
1.01379,49.2965,0.806588E-02
1.01440,49.3262,-0.140252
1.01501,49.3559,-0.469860E-01
1.01562,49.3856,0.278185E-01
1.01624,49.4153,0.222423E-01
1.01685,49.4449,0.113710
1.01746,49.4746,0.206892E-01
1.01807,49.5043,0.196184E-01
1.01868,49.5340,-0.995787E-02
1.01929,49.5636,-0.741830E-02
1.01990,49.5933,-0.285332E-01
1.02051,49.6230,-0.147553E-01
1.02112,49.6527,-0.191596E-01
1.02173,49.6824,-0.282626E-01
1.02234,49.7120,0.111273
1.02295,49.7417,-0.289512E-02
1.02356,49.7714,-0.247333E-01
1.02417,49.8011,0.835436E-01
1.02478,49.8308,0.133817
1.02539,49.8604,0.400721E-01
1.02600,49.8901,0.304690E-03
1.02661,49.9198,0.637095E-01
1.02722,49.9495,-0.226219E-01
1.02783,49.9792,-0.132831E-01
1.02844,50.0088,-0.104043E-01
1.02905,50.0385,-0.128084E-01
1.02966,50.0682,-0.734701E-01
1.03027,50.0979,-0.450552E-01
1.03088,50.1275,-0.518766E-02
1.03149,50.1572,-0.231381E-01
1.03210,50.1869,-0.122644E-01
1.03271,50.2166,-0.176629
1.03333,50.2463,-0.123994E-01
1.03394,50.2759,0.220191E-01
1.03455,50.3056,-0.256639E-01
1.03516,50.3353,0.315774E-02
1.03577,50.3650,-0.257981E-01
1.03638,50.3947,0.620965E-02
1.03699,50.4243,-0.435458E-01
1.03760,50.4540,-0.108548E-02
1.03821,50.4837,-0.179971E-02
1.03882,50.5134,0.172401E-01
1.03943,50.5430,0.423591E-02
1.04004,50.5727,0.113030E-01
1.04065,50.6024,-0.187515E-03
1.04126,50.6321,-0.481346E-01
1.04187,50.6618,-0.167359E-01
1.04248,50.6914,0.382247E-01
1.04309,50.7211,-0.676498E-02
1.04370,50.7508,-0.115922
1.04431,50.7805,0.764024E-01
1.04492,50.8102,-0.106588E-01
1.04553,50.8398,-0.607044E-01
1.04614,50.8695,-0.134604
1.04675,50.8992,-0.497996E-03
1.04736,50.9289,0.402777E-01
1.04797,50.9586,0.284663E-01
1.04858,50.9882,-0.414909E-01
1.04919,51.0179,-0.697344E-01
1.04980,51.0476,-0.600982E-01
1.05042,51.0773,0.226278E-01
1.05103,51.1069,0.628994E-01
1.05164,51.1366,0.103254E-01
1.05225,51.1663,-0.100866E-01
1.05286,51.1960,0.156754E-01
1.05347,51.2257,0.822726E-01
1.05408,51.2553,0.469888E-01
1.05469,51.2850,-0.172048E-01
1.05530,51.3147,-0.905482E-02
1.05591,51.3444,0.755957E-01
1.05652,51.3741,-0.712967E-01
1.05713,51.4037,-0.121648
1.05774,51.4334,-0.467152E-01
1.05835,51.4631,0.158380
1.05896,51.4928,0.328450E-01
1.05957,51.5224,-0.426577E-01
1.06018,51.5521,-0.522058E-01
1.06079,51.5818,-0.335777E-01
1.06140,51.6115,-0.209176E-01
1.06201,51.6412,0.884035E-02
1.06262,51.6708,-0.379755E-01
1.06323,51.7005,0.819680E-01
1.06384,51.7302,0.133548E-01
1.06445,51.7599,0.145485E-01
1.06506,51.7896,0.317284E-01
1.06567,51.8192,0.177252E-01
1.06628,51.8489,0.831467E-03
1.06689,51.8786,0.430552E-02
1.06750,51.9083,0.815844E-02
1.06812,51.9380,0.871596E-01
1.06873,51.9676,0.121349
1.06934,51.9973,0.508647E-01
1.06995,52.0270,-0.326878E-01
1.07056,52.0567,0.317915E-02
1.07117,52.0863,0.418118E-01
1.07178,52.1160,-0.743453E-03
1.07239,52.1457,0.132306E-01
1.07300,52.1754,0.142667
1.07361,52.2051,0.835145E-01
1.07422,52.2347,0.268382E-01
1.07483,52.2644,-0.228375E-01
1.07544,52.2941,-0.124639E-01
1.07605,52.3238,-0.313634E-01
1.07666,52.3535,-0.985757E-01
1.07727,52.3831,0.410472E-01
1.07788,52.4128,-0.706063E-01
1.07849,52.4425,-0.788695E-02
1.07910,52.4722,-0.236430E-01
1.07971,52.5019,-0.141973E-01
1.08032,52.5315,0.686323E-01
1.08093,52.5612,0.325624E-01
1.08154,52.5909,-0.275978E-01
1.08215,52.6206,0.786533E-02
1.08276,52.6502,-0.310437E-02
1.08337,52.6799,-0.135854
1.08398,52.7096,-0.108711E-01
1.08459,52.7393,0.347499E-01
1.08521,52.7690,0.372693E-01
1.08582,52.7986,-0.251073E-01
1.08643,52.8283,0.584309E-01
1.08704,52.8580,-0.683444E-01
1.08765,52.8877,-0.659477E-01
1.08826,52.9174,-0.788617E-01
1.08887,52.9470,0.671225E-02
1.08948,52.9767,0.421420E-01
1.09009,53.0064,-0.670453E-01
1.09070,53.0361,0.536214E-01
1.09131,53.0657,-0.113715
1.09192,53.0954,0.217073E-01
1.09253,53.1251,-0.171686
1.09314,53.1548,-0.357554E-01
1.09375,53.1845,-0.731702E-01
1.09436,53.2141,-0.879881E-02
1.09497,53.2438,0.366302E-01
1.09558,53.2735,0.980319E-01
1.09619,53.3032,-0.155283E-01
1.09680,53.3329,-0.175602E-01
1.09741,53.3625,-0.857599E-02
1.09802,53.3922,-0.843917E-03
1.09863,53.4219,0.101889E-02
1.09924,53.4516,-0.593399E-01
1.09985,53.4813,-0.343527E-01
1.10046,53.5109,0.180024E-01
1.10107,53.5406,-0.363819E-01
1.10168,53.5703,0.502307E-01
1.10229,53.6000,0.541690E-01
1.10291,53.6296,-0.186777E-02
1.10352,53.6593,0.831303E-01
1.10413,53.6890,0.998445E-02
1.10474,53.7187,-0.110767E-01
1.10535,53.7484,0.313212E-01
1.10596,53.7780,-0.624274E-01
1.10657,53.8077,-0.407443E-01
1.10718,53.8374,-0.193122E-01
1.10779,53.8671,-0.187670E-01
1.10840,53.8968,0.115033E-02
1.10901,53.9264,-0.121100E-01
1.10962,53.9561,0.955889E-02
1.11023,53.9858,0.344620E-01
1.11084,54.0155,0.596156E-01
1.11145,54.0452,0.660204E-01
1.11206,54.0748,0.216457E-01
1.11267,54.1045,0.435106E-01
1.11328,54.1342,0.101160E-02
1.11389,54.1639,0.242593E-01
1.11450,54.1935,0.313979E-01
1.11511,54.2232,0.122636
1.11572,54.2529,0.258244E-01
1.11633,54.2826,0.524449E-01
1.11694,54.3123,-0.489332E-01
1.11755,54.3419,0.350391E-01
1.11816,54.3716,-0.224108E-01
1.11877,54.4013,0.170387E-01
1.11938,54.4310,-0.144834E-01
1.12000,54.4607,0.243686E-01
1.12061,54.4903,0.244530E-02
1.12122,54.5200,0.573420E-02
1.12183,54.5497,0.197553E-01
1.12244,54.5794,0.765234E-02
1.12305,54.6090,0.198371E-01
1.12366,54.6387,-0.312578E-01
1.12427,54.6684,-0.456639E-02
1.12488,54.6981,-0.489106E-01
1.12549,54.7278,0.801243E-01
1.12610,54.7574,0.133732E-02
1.12671,54.7871,0.282015E-01
1.12732,54.8168,-0.765084E-03
1.12793,54.8465,-0.104526
1.12854,54.8762,-0.165086E-01
1.12915,54.9058,-0.326444E-01
1.12976,54.9355,-0.161688E-01
1.13037,54.9652,-0.154114E-01
1.13098,54.9949,0.242230
1.13159,55.0246,0.236104E-02
1.13220,55.0542,0.365820E-02
1.13281,55.0839,-0.662070E-01
1.13342,55.1136,0.685302E-02
1.13403,55.1433,0.884084E-01
1.13464,55.1729,-0.123478E-02
1.13525,55.2026,-0.127249
1.13586,55.2323,-0.795360E-02
1.13647,55.2620,-0.369796E-02
1.13708,55.2917,0.113266E-01
1.13770,55.3213,0.538976E-02
1.13831,55.3510,-0.197666E-02
1.13892,55.3807,0.342293E-01
1.13953,55.4104,0.448993E-01
1.14014,55.4401,0.418241E-01
1.14075,55.4697,0.193034E-01
1.14136,55.4994,0.202329E-01
1.14197,55.5291,0.203826E-01
1.14258,55.5588,-0.440216E-01
1.14319,55.5884,-0.432474E-01
1.14380,55.6181,-0.386560E-01
1.14441,55.6478,0.101942E-01
1.14502,55.6775,-0.138136E-01
1.14563,55.7072,0.164173E-01
1.14624,55.7368,-0.281525E-01
1.14685,55.7665,0.240523E-01
1.14746,55.7962,0.411858E-01
1.14807,55.8259,0.181133E-02
1.14868,55.8556,0.163629E-01
1.14929,55.8852,0.715010E-01
1.14990,55.9149,-0.333560E-01
1.15051,55.9446,-0.139812E-01
1.15112,55.9743,-0.163976E-01
1.15173,56.0040,0.311470E-01
1.15234,56.0336,-0.781043E-01
1.15295,56.0633,-0.580653E-01
1.15356,56.0930,-0.172481E-01
1.15417,56.1227,-0.117369E-01
1.15479,56.1523,-0.227585E-01
1.15540,56.1820,-0.863776E-02
1.15601,56.2117,-0.714755E-03
1.15662,56.2414,0.311929E-01
1.15723,56.2711,-0.804636E-02
1.15784,56.3007,-0.466823E-01
1.15845,56.3304,0.576631E-02
1.15906,56.3601,0.577192E-01
1.15967,56.3898,0.236987
1.16028,56.4195,0.114882
1.16089,56.4491,0.463574E-01
1.16150,56.4788,0.464093E-01
1.16211,56.5085,-0.140461E-01
1.16272,56.5382,-0.113106E-01
1.16333,56.5679,-0.152841E-02
1.16394,56.5975,-0.548394E-01
1.16455,56.6272,-0.384649E-01
1.16516,56.6569,0.231129E-01
1.16577,56.6866,0.144998
1.16638,56.7162,0.169131
1.16699,56.7459,0.152871E-01
1.16760,56.7756,0.146903
1.16821,56.8053,-0.120162
1.16882,56.8350,-0.254228E-01
1.16943,56.8646,-0.328936E-01
1.17004,56.8943,-0.367266E-01
1.17065,56.9240,-0.392434E-01
1.17126,56.9537,-0.889783E-02
1.17188,56.9834,-0.416602E-02
1.17249,57.0130,0.204765E-02
1.17310,57.0427,0.268501E-01
1.17371,57.0724,-0.611296E-01
1.17432,57.1021,-0.637427E-05
1.17493,57.1317,-0.105169E-01
1.17554,57.1614,-0.855189E-01
1.17615,57.1911,0.460780E-01
1.17676,57.2208,0.291613E-01
1.17737,57.2505,0.230786E-01
1.17798,57.2801,0.370732E-01
1.17859,57.3098,0.439313E-01
1.17920,57.3395,0.118735
1.17981,57.3692,0.789110E-01
1.18042,57.3989,-0.512652E-01
1.18103,57.4285,0.164833
1.18164,57.4582,0.401399E-01
1.18225,57.4879,0.269407E-01
1.18286,57.5176,-0.227728E-02
1.18347,57.5473,-0.713883E-01
1.18408,57.5769,0.126550
1.18469,57.6066,0.496987E-02
1.18530,57.6363,-0.985959E-01
1.18591,57.6660,0.128943
1.18652,57.6956,-0.609062E-01
1.18713,57.7253,-0.888544E-01
1.18774,57.7550,-0.287958E-01
1.18835,57.7847,-0.428692E-01
1.18896,57.8144,0.585283E-02
1.18958,57.8440,0.945045E-01
1.19019,57.8737,0.737728E-01
1.19080,57.9034,-0.326789E-01
1.19141,57.9331,-0.151086E-01
1.19202,57.9628,0.248219E-01
1.19263,57.9924,0.173385E-01
1.19324,58.0221,0.544043E-01
1.19385,58.0518,0.315776E-01
1.19446,58.0815,0.562359E-01
1.19507,58.1112,-0.717715E-01
1.19568,58.1408,-0.225585E-02
1.19629,58.1705,-0.185380E-01
1.19690,58.2002,0.345281E-01
1.19751,58.2299,0.120471
1.19812,58.2595,0.125195
1.19873,58.2892,-0.392279E-01
1.19934,58.3189,0.951783E-01
1.19995,58.3486,-0.999892E-01
1.20056,58.3783,0.837646E-01
1.20117,58.4079,0.384299E-01
1.20178,58.4376,0.858417E-01
1.20239,58.4673,0.271859E-01
1.20300,58.4970,-0.357566E-01
1.20361,58.5267,-0.295757E-01
1.20422,58.5563,0.270832E-01
1.20483,58.5860,0.528978E-01
1.20544,58.6157,-0.268309E-01
1.20605,58.6454,0.933504E-02
1.20667,58.6750,-0.838735E-01
1.20728,58.7047,0.658285E-03
1.20789,58.7344,-0.190835E-01
1.20850,58.7641,-0.240519E-01
1.20911,58.7938,0.295489E-01
1.20972,58.8234,-0.258788E-01
1.21033,58.8531,0.141005E-01
1.21094,58.8828,0.827791E-02
1.21155,58.9125,0.109595E-03
1.21216,58.9422,-0.896145E-01
1.21277,58.9718,0.888167E-02
1.21338,59.0015,-0.310898E-01
1.21399,59.0312,-0.369480E-01
1.21460,59.0609,0.270650E-02
1.21521,59.0906,0.356034E-01
1.21582,59.1202,0.390118E-02
1.21643,59.1499,-0.135463E-01
1.21704,59.1796,-0.459252E-01
1.21765,59.2093,-0.323872E-01
1.21826,59.2389,-0.567448E-01
1.21887,59.2686,-0.735758E-01
1.21948,59.2983,-0.145850E-02
1.22009,59.3280,-0.407787E-01
1.22070,59.3577,0.213308E-01
1.22131,59.3873,0.438905E-01
1.22192,59.4170,0.104227E-01
1.22253,59.4467,-0.109539E-01
1.22314,59.4764,0.121322
1.22375,59.5061,0.330011E-01
1.22437,59.5357,0.179314E-01
1.22498,59.5654,0.113225
1.22559,59.5951,0.526946E-01
1.22620,59.6248,-0.641562E-02
1.22681,59.6544,-0.878993E-01
1.22742,59.6841,0.884095E-01
1.22803,59.7138,0.479824E-01
1.22864,59.7435,0.571857E-01
1.22925,59.7732,0.123654E-01
1.22986,59.8028,0.126185
1.23047,59.8325,0.136288
1.23108,59.8622,0.772171E-01
1.23169,59.8919,0.322427E-01
1.23230,59.9216,0.917094E-01
1.23291,59.9512,0.198005
1.23352,59.9809,0.554310E-01
1.23413,60.0106,0.151733E-01
1.23474,60.0403,-0.387690E-02
1.23535,60.0700,0.745477E-02
1.23596,60.0996,-0.238945E-01
1.23657,60.1293,-0.400633E-02
1.23718,60.1590,-0.490633E-01
1.23779,60.1887,-0.271392E-02
1.23840,60.2183,0.672049E-02
1.23901,60.2480,0.857952E-01
1.23962,60.2777,-0.659734E-01
1.24023,60.3074,-0.297556E-01
1.24084,60.3371,0.347882E-02
1.24146,60.3667,-0.270938E-01
1.24207,60.3964,0.119706
1.24268,60.4261,0.977997E-01
1.24329,60.4558,0.965964E-01
1.24390,60.4855,-0.382812E-01
1.24451,60.5151,0.151023
1.24512,60.5448,0.185988E-01
1.24573,60.5745,0.104045
1.24634,60.6042,0.111695
1.24695,60.6339,-0.247688E-02
1.24756,60.6635,0.242678
1.24817,60.6932,0.100490
1.24878,60.7229,0.128910
1.24939,60.7526,0.969376E-02
1.25000,60.7822,0.796523E-01
1.25061,60.8119,0.642332E-02
1.25122,60.8416,-0.424831E-01
1.25183,60.8713,0.772143E-02
1.25244,60.9010,-0.977404E-03
1.25305,60.9306,0.244128E-01
1.25366,60.9603,0.256105E-01
1.25427,60.9900,0.395282E-01
1.25488,61.0197,0.795153E-01
1.25549,61.0494,0.618598E-01
1.25610,61.0790,-0.694381E-01
1.25671,61.1087,-0.170175E-01
1.25732,61.1384,0.606905E-01
1.25793,61.1681,-0.459757E-01
1.25854,61.1977,0.220722E-01
1.25916,61.2274,0.730498E-01
1.25977,61.2571,-0.116746E-01
1.26038,61.2868,0.304954E-01
1.26099,61.3165,0.125823
1.26160,61.3461,0.891641E-01
1.26221,61.3758,0.813238E-01
1.26282,61.4055,0.266026E-01
1.26343,61.4352,0.442677E-01
1.26404,61.4649,0.122618
1.26465,61.4945,0.586063E-01
1.26526,61.5242,-0.297877E-02
1.26587,61.5539,0.897339E-01
1.26648,61.5836,0.431497E-01
1.26709,61.6133,0.267090E-01
1.26770,61.6429,0.247352E-01
1.26831,61.6726,0.260922E-01
1.26892,61.7023,0.127049E-02
1.26953,61.7320,0.695383E-03
1.27014,61.7616,0.116355E-01
1.27075,61.7913,-0.102609E-01
1.27136,61.8210,0.904539E-01
1.27197,61.8507,0.683605E-02
1.27258,61.8804,-0.238100E-01
1.27319,61.9100,-0.640914E-02
1.27380,61.9397,-0.290762E-03
1.27441,61.9694,-0.302655E-01
1.27502,61.9991,0.572952E-01
1.27563,62.0288,-0.214189E-01
1.27625,62.0584,-0.219867E-01
1.27686,62.0881,0.863377E-02
1.27747,62.1178,-0.239483E-01
1.27808,62.1475,0.929053E-01
1.27869,62.1771,0.100557E-01
1.27930,62.2068,0.665937E-02
1.27991,62.2365,-0.411702E-01
1.28052,62.2662,-0.676520E-02
1.28113,62.2959,0.379893E-02
1.28174,62.3255,0.375037E-02
1.28235,62.3552,-0.415428E-01
1.28296,62.3849,-0.421397E-01
1.28357,62.4146,-0.457744E-01
1.28418,62.4443,-0.557724E-01
1.28479,62.4739,-0.713612E-01
1.28540,62.5036,-0.130983
1.28601,62.5333,-0.159106
1.28662,62.5630,0.838150E-01
1.28723,62.5927,-0.304609E-01
1.28784,62.6223,-0.244659E-01
1.28845,62.6520,-0.144847
1.28906,62.6817,0.679514E-02
1.28967,62.7114,-0.273810E-01
1.29028,62.7410,0.182242E-02
1.29089,62.7707,0.425852E-01
1.29150,62.8004,0.248731E-01
1.29211,62.8301,-0.499226E-03
1.29272,62.8598,-0.166759E-02
1.29333,62.8894,0.587251E-01
1.29395,62.9191,-0.110486E-01
1.29456,62.9488,0.134577E-01
1.29517,62.9785,-0.162578E-01
1.29578,63.0082,-0.173933E-01
1.29639,63.0378,-0.443612E-01
1.29700,63.0675,0.148819E-01
1.29761,63.0972,-0.110109E-01
1.29822,63.1269,0.548408E-02
1.29883,63.1566,-0.951590E-01
1.29944,63.1862,-0.738284E-01
1.30005,63.2159,-0.868443E-01
1.30066,63.2456,-0.100005
1.30127,63.2753,-0.801064E-02
1.30188,63.3049,-0.106683
1.30249,63.3346,-0.127689
1.30310,63.3643,-0.169760
1.30371,63.3940,-0.804639E-01
1.30432,63.4237,-0.507988E-01
1.30493,63.4533,-0.817028E-01
1.30554,63.4830,-0.126768
1.30615,63.5127,-0.930849E-01
1.30676,63.5424,-0.203166
1.30737,63.5721,-0.519898E-01
1.30798,63.6017,-0.249837E-01
1.30859,63.6314,0.317597E-01
1.30920,63.6611,-0.227557
1.30981,63.6908,-0.417624E-01
1.31042,63.7204,0.420132E-01
1.31104,63.7501,-0.879380E-02
1.31165,63.7798,-0.122294
1.31226,63.8095,0.801517E-01
1.31287,63.8392,0.147341E-01
1.31348,63.8688,-0.826725E-01
1.31409,63.8985,0.114565E-01
1.31470,63.9282,-0.130579
1.31531,63.9579,-0.109403
1.31592,63.9876,0.164762E-01
1.31653,64.0172,-0.142977
1.31714,64.0469,-0.244573E-01
1.31775,64.0766,-0.442462E-01
1.31836,64.1063,0.552085E-01
1.31897,64.1360,-0.165279E-01
1.31958,64.1656,0.168611E-01
1.32019,64.1953,0.740004E-02
1.32080,64.2250,-0.243680E-01
1.32141,64.2547,-0.210847E-01
1.32202,64.2843,0.101152E-01
1.32263,64.3140,-0.328909E-03
1.32324,64.3437,-0.980230E-02
1.32385,64.3734,-0.332525E-01
1.32446,64.4031,-0.389349E-01
1.32507,64.4327,-0.295408E-02
1.32568,64.4624,0.906614E-01
1.32629,64.4921,0.301157E-01
1.32690,64.5218,0.131715
1.32751,64.5515,0.336176E-01
1.32812,64.5811,0.241643
1.32874,64.6108,0.226567E-01
1.32935,64.6405,0.928080E-01
1.32996,64.6702,0.101482
1.33057,64.6999,0.132400
1.33118,64.7295,0.344205E-01
1.33179,64.7592,-0.521005E-01
1.33240,64.7889,-0.182866E-01
1.33301,64.8186,-0.219217E-02
1.33362,64.8482,0.558530E-01
1.33423,64.8779,0.708088E-02
1.33484,64.9076,0.443029E-01
1.33545,64.9373,0.872901E-01
1.33606,64.9670,-0.177546E-01
1.33667,64.9966,-0.301226E-02
1.33728,65.0263,-0.523348E-01
1.33789,65.0560,0.411208E-01
1.33850,65.0857,0.713423E-02
1.33911,65.1154,0.168874E-01
1.33972,65.1450,-0.120774E-01
1.34033,65.1747,-0.393838E-01
1.34094,65.2044,-0.697550E-01
1.34155,65.2341,0.382050E-01
1.34216,65.2637,0.450738E-01
1.34277,65.2934,0.537033E-01
1.34338,65.3231,0.406686E-01
1.34399,65.3528,0.402380E-01
1.34460,65.3825,0.137526E-01
1.34521,65.4121,-0.211293E-01
1.34583,65.4418,-0.159407E-01
1.34644,65.4715,-0.724018E-02
1.34705,65.5012,0.790585E-02
1.34766,65.5309,0.338127E-01
1.34827,65.5605,-0.835123E-02
1.34888,65.5902,0.446172E-01
1.34949,65.6199,0.500224E-02
1.35010,65.6496,0.388368E-01
1.35071,65.6793,-0.160251E-01
1.35132,65.7089,-0.101951E-01
1.35193,65.7386,-0.266780E-01
1.35254,65.7683,0.985324E-02
1.35315,65.7980,-0.935064E-01
1.35376,65.8276,-0.274938E-01
1.35437,65.8573,-0.145758E-02
1.35498,65.8870,-0.387344E-01
1.35559,65.9167,-0.296923E-01
1.35620,65.9464,-0.123723E-02
1.35681,65.9760,-0.423307E-02
1.35742,66.0057,-0.886066E-01
1.35803,66.0354,-0.841939E-01
1.35864,66.0651,-0.126817E-01
1.35925,66.0948,-0.252332E-01
1.35986,66.1244,-0.117733
1.36047,66.1541,-0.143438
1.36108,66.1838,-0.412587E-01
1.36169,66.2135,-0.906534E-01
1.36230,66.2431,0.989879E-01
1.36292,66.2728,0.182454E-01
1.36353,66.3025,-0.821195E-02
1.36414,66.3322,-0.180379
1.36475,66.3619,-0.121975
1.36536,66.3915,0.235814E-02
1.36597,66.4212,0.168935E-01
1.36658,66.4509,-0.586657E-01
1.36719,66.4806,0.465482E-01
1.36780,66.5103,-0.614651E-01
1.36841,66.5399,0.144573
1.36902,66.5696,0.482149E-01
1.36963,66.5993,0.159342
1.37024,66.6290,0.523437E-01
1.37085,66.6587,0.104882
1.37146,66.6883,-0.563451E-01
1.37207,66.7180,-0.722994E-01
1.37268,66.7477,0.101278
1.37329,66.7774,0.151567E-01
1.37390,66.8070,-0.235649E-01
1.37451,66.8367,-0.310522E-02
1.37512,66.8664,0.254120E-01
1.37573,66.8961,0.968420E-02
1.37634,66.9258,0.734470E-01
1.37695,66.9554,0.949980E-02
1.37756,66.9851,0.136147E-01
1.37817,67.0148,0.669079E-01
1.37878,67.0445,0.837226E-01
1.37939,67.0742,0.219071
1.38000,67.1038,0.694803E-01
1.38062,67.1335,0.106017
1.38123,67.1632,0.714929E-01
1.38184,67.1929,-0.399856E-02
1.38245,67.2226,0.129998E-02
1.38306,67.2522,-0.135459E-01
1.38367,67.2819,0.643661E-01
1.38428,67.3116,0.309487E-01
1.38489,67.3413,0.687694E-01
1.38550,67.3709,0.246114E-01
1.38611,67.4006,0.663557E-01
1.38672,67.4303,-0.652227E-02
1.38733,67.4600,-0.634160E-01
1.38794,67.4897,-0.148450E-01
1.38855,67.5193,0.284330E-01
1.38916,67.5490,-0.435283E-01
1.38977,67.5787,0.344374E-01
1.39038,67.6084,-0.125059E-01
1.39099,67.6381,0.977732E-01
1.39160,67.6677,0.257202E-02
1.39221,67.6974,0.523642E-01
1.39282,67.7271,0.117676E-01
1.39343,67.7568,-0.220541E-01
1.39404,67.7864,0.557510E-01
1.39465,67.8161,0.613787E-02
1.39526,67.8458,0.617156E-02
1.39587,67.8755,0.483156E-01
1.39648,67.9052,0.351322E-02
1.39709,67.9348,0.329130E-01
1.39771,67.9645,0.188108E-01
1.39832,67.9942,0.158100E-01
1.39893,68.0239,0.147216E-01
1.39954,68.0536,0.613853E-01
1.40015,68.0832,0.185608E-01
1.40076,68.1129,0.677724E-01
1.40137,68.1426,-0.685211E-01
1.40198,68.1723,0.983942E-01
1.40259,68.2020,0.833923E-02
1.40320,68.2316,-0.262314E-01
1.40381,68.2613,-0.866155E-02
1.40442,68.2910,-0.577555E-02
1.40503,68.3207,0.233653E-01
1.40564,68.3503,0.108713E-02
1.40625,68.3800,-0.309365E-01
1.40686,68.4097,0.124739
1.40747,68.4394,-0.124327
1.40808,68.4691,-0.755159E-01
1.40869,68.4987,-0.103946
1.40930,68.5284,0.291943E-01
1.40991,68.5581,0.260918E-01
1.41052,68.5878,0.129329
1.41113,68.6175,0.112027E-02
1.41174,68.6471,0.712126E-01
1.41235,68.6768,-0.253889E-01
1.41296,68.7065,-0.320234E-01
1.41357,68.7362,-0.105686
1.41418,68.7659,-0.120259
1.41479,68.7955,-0.100347
1.41541,68.8252,0.462132E-01
1.41602,68.8549,-0.548830E-01
1.41663,68.8846,-0.587732E-01
1.41724,68.9142,-0.566789E-01
1.41785,68.9439,0.242007E-01
1.41846,68.9736,0.734700E-02
1.41907,69.0033,0.708662E-03
1.41968,69.0330,0.145801E-01
1.42029,69.0626,-0.330184E-01
1.42090,69.0923,0.424100E-02
1.42151,69.1220,0.415557E-01
1.42212,69.1517,0.794367E-01
1.42273,69.1814,0.781710E-01
1.42334,69.2110,0.125798
1.42395,69.2407,-0.944714E-01
1.42456,69.2704,-0.135204E-01
1.42517,69.3001,0.108333E-01
1.42578,69.3297,0.127625
1.42639,69.3594,-0.678627E-01
1.42700,69.3891,0.195795
1.42761,69.4188,0.157073
1.42822,69.4485,0.900118E-01
1.42883,69.4781,-0.210037E-01
1.42944,69.5078,0.555445E-01
1.43005,69.5375,0.178605
1.43066,69.5672,0.551332E-01
1.43127,69.5969,0.171156
1.43188,69.6265,0.482524E-01
1.43250,69.6562,0.150042
1.43311,69.6859,-0.396195E-01
1.43372,69.7156,-0.632842E-01
1.43433,69.7453,0.664182E-01
1.43494,69.7749,-0.946066E-01
1.43555,69.8046,-0.590883E-01
1.43616,69.8343,-0.989710E-01
1.43677,69.8640,-0.614977E-01
1.43738,69.8936,-0.120101
1.43799,69.9233,-0.118886E-01
1.43860,69.9530,-0.660267E-01
1.43921,69.9827,-0.278741E-01
1.43982,70.0124,-0.781392E-01
1.44043,70.0420,-0.150014E-01
1.44104,70.0717,-0.292404E-01
1.44165,70.1014,0.941224E-02
1.44226,70.1311,-0.469865E-01
1.44287,70.1608,-0.677177E-01
1.44348,70.1904,-0.297723E-01
1.44409,70.2201,-0.542909E-01
1.44470,70.2498,-0.831276E-01
1.44531,70.2795,-0.633997E-01
1.44592,70.3091,-0.788219E-01
1.44653,70.3388,-0.247299
1.44714,70.3685,-0.948381E-01
1.44775,70.3982,-0.114540
1.44836,70.4279,-0.154912
1.44897,70.4575,-0.614304E-01
1.44958,70.4872,0.130054
1.45020,70.5169,-0.105879
1.45081,70.5466,-0.269716
1.45142,70.5763,0.824887E-02
1.45203,70.6059,-0.214841
1.45264,70.6356,-0.174358E-01
1.45325,70.6653,-0.948171E-01
1.45386,70.6950,-0.161871
1.45447,70.7247,-0.877835E-01
1.45508,70.7543,-0.593147E-01
1.45569,70.7840,0.462845E-01
1.45630,70.8137,0.302831E-02
1.45691,70.8434,0.365665E-01
1.45752,70.8730,-0.461280E-01
1.45813,70.9027,0.464458E-01
1.45874,70.9324,0.119784E-01
1.45935,70.9621,-0.632008E-01
1.45996,70.9918,0.642868E-01
1.46057,71.0214,-0.106053E-01
1.46118,71.0511,-0.945710E-01
1.46179,71.0808,0.138418E-01
1.46240,71.1105,0.101259
1.46301,71.1402,-0.106362
1.46362,71.1698,-0.222463
1.46423,71.1995,-0.233944
1.46484,71.2292,0.400938E-01
1.46545,71.2589,-0.639978E-01
1.46606,71.2886,-0.306538E-01
1.46667,71.3182,-0.564293E-02
1.46729,71.3479,-0.898021E-02
1.46790,71.3776,-0.825223E-01
1.46851,71.4073,-0.139909
1.46912,71.4369,-0.774490E-01
1.46973,71.4666,0.809382E-01
1.47034,71.4963,0.589597E-01
1.47095,71.5260,0.889759E-01
1.47156,71.5557,0.524673E-01
1.47217,71.5853,0.124910
1.47278,71.6150,0.763380E-01
1.47339,71.6447,0.140377
1.47400,71.6744,0.206341
1.47461,71.7041,0.591831E-01
1.47522,71.7337,0.178991
1.47583,71.7634,0.138694E-01
1.47644,71.7931,0.586748E-03
1.47705,71.8228,0.705106E-01
1.47766,71.8524,-0.127581
1.47827,71.8821,0.107201E-01
1.47888,71.9118,-0.206294
1.47949,71.9415,-0.419336E-01
1.48010,71.9712,-0.893188E-01
1.48071,72.0008,-0.139482
1.48132,72.0305,-0.247628
1.48193,72.0602,-0.174837
1.48254,72.0899,0.152288E-01
1.48315,72.1196,-0.898633E-01
1.48376,72.1492,-0.693709E-01
1.48438,72.1789,-0.178409E-01
1.48499,72.2086,-0.127931
1.48560,72.2383,-0.290719E-01
1.48621,72.2680,-0.879472E-01
1.48682,72.2976,-0.215228
1.48743,72.3273,-0.191457
1.48804,72.3570,-0.370348E-01
1.48865,72.3867,-0.240449E-01
1.48926,72.4163,0.612862E-02
1.48987,72.4460,-0.612239E-01
1.49048,72.4757,-0.980681E-01
1.49109,72.5054,-0.454309E-01
1.49170,72.5351,-0.206042E-01
1.49231,72.5647,-0.283114E-01
1.49292,72.5944,0.223417E-01
1.49353,72.6241,-0.397307E-02
1.49414,72.6538,0.833019E-01
1.49475,72.6835,0.319949E-01
1.49536,72.7131,-0.359460E-01
1.49597,72.7428,0.873828E-03
1.49658,72.7725,0.836785E-02
1.49719,72.8022,-0.236959E-01
1.49780,72.8319,0.190553E-01
1.49841,72.8615,-0.125074E-01
1.49902,72.8912,-0.322145E-01
1.49963,72.9209,-0.318588E-01
1.50024,72.9506,0.319444E-01
1.50085,72.9802,-0.871288E-02
1.50146,73.0099,0.922541E-01
1.50208,73.0396,-0.587292E-02
1.50269,73.0693,0.888997E-01
1.50330,73.0990,0.608930E-01
1.50391,73.1286,0.817625E-01
1.50452,73.1583,0.428724E-02
1.50513,73.1880,-0.415475E-01
1.50574,73.2177,0.198624E-01
1.50635,73.2474,0.145450
1.50696,73.2770,-0.443112E-01
1.50757,73.3067,0.209515E-02
1.50818,73.3364,0.572190E-01
1.50879,73.3661,0.149677E-01
1.50940,73.3957,-0.163503E-01
1.51001,73.4254,0.529461E-01
1.51062,73.4551,0.415918E-01
1.51123,73.4848,0.190690
1.51184,73.5145,0.267940E-01
1.51245,73.5441,0.593680E-01
1.51306,73.5738,0.927870E-02
1.51367,73.6035,0.436830E-01
1.51428,73.6332,0.356219E-01
1.51489,73.6629,0.526811E-01
1.51550,73.6925,0.112286E-01
1.51611,73.7222,0.571520E-01
1.51672,73.7519,-0.298048E-02
1.51733,73.7816,-0.180290E-01
1.51794,73.8113,-0.106256E-02
1.51855,73.8409,0.422818E-01
1.51917,73.8706,0.848839E-01
1.51978,73.9003,-0.698218E-02
1.52039,73.9300,0.425418E-01
1.52100,73.9596,-0.117533E-01
1.52161,73.9893,-0.162671E-01
1.52222,74.0190,-0.109292
1.52283,74.0487,-0.142302E-01
1.52344,74.0784,-0.194703E-01
1.52405,74.1080,0.157947E-01
1.52466,74.1377,0.343594E-01
1.52527,74.1674,0.739199E-01
1.52588,74.1971,-0.295004E-01
1.52649,74.2268,0.267440E-02
1.52710,74.2564,-0.363744E-01
1.52771,74.2861,0.802545E-01
1.52832,74.3158,-0.206790E-01
1.52893,74.3455,0.354774E-01
1.52954,74.3751,0.482853E-01
1.53015,74.4048,0.378797E-01
1.53076,74.4345,0.393286E-01
1.53137,74.4642,0.954429E-01
1.53198,74.4939,0.310769E-01
1.53259,74.5235,0.742580E-01
1.53320,74.5532,0.293372E-01
1.53381,74.5829,0.833840E-01
1.53442,74.6126,0.203260
1.53503,74.6423,0.143714
1.53564,74.6719,0.128452
1.53625,74.7016,-0.485972E-02
1.53687,74.7313,0.105188
1.53748,74.7610,0.157396E-01
1.53809,74.7907,0.310219E-01
1.53870,74.8203,-0.196476E-02
1.53931,74.8500,0.141353E-01
1.53992,74.8797,0.403766E-01
1.54053,74.9094,-0.174523E-01
1.54114,74.9390,0.892185E-01
1.54175,74.9687,-0.244069E-01
1.54236,74.9984,-0.279937E-01
1.54297,75.0281,-0.350546E-01
1.54358,75.0578,-0.758873E-01
1.54419,75.0874,-0.149982E-01
1.54480,75.1171,0.204266E-03
1.54541,75.1468,-0.365753E-02
1.54602,75.1765,-0.682778E-01
1.54663,75.2062,0.854580E-02
1.54724,75.2358,-0.750960E-01
1.54785,75.2655,-0.237714E-02
1.54846,75.2952,-0.943680E-01
1.54907,75.3249,0.190939E-01
1.54968,75.3546,0.641004E-01
1.55029,75.3842,0.417426E-01
1.55090,75.4139,0.428645E-01
1.55151,75.4436,0.141333E-01
1.55212,75.4733,-0.579051E-02
1.55273,75.5029,0.391022E-01
1.55334,75.5326,0.544060E-01
1.55396,75.5623,0.130279E-02
1.55457,75.5920,0.814732E-01
1.55518,75.6217,0.273324E-01
1.55579,75.6513,-0.162377E-01
1.55640,75.6810,0.126074E-01
1.55701,75.7107,-0.314137E-02
1.55762,75.7404,0.104495E-02
1.55823,75.7701,-0.516778E-02
1.55884,75.7997,-0.514684E-01
1.55945,75.8294,-0.941894E-01
1.56006,75.8591,0.399970E-01
1.56067,75.8888,0.169225
1.56128,75.9184,0.631062E-02
1.56189,75.9481,-0.755728E-01
1.56250,75.9778,-0.352494E-02
1.56311,76.0075,-0.198824E-01
1.56372,76.0372,0.278983E-01
1.56433,76.0668,0.843482E-02
1.56494,76.0965,0.182544
1.56555,76.1262,0.159500
1.56616,76.1559,0.567885E-01
1.56677,76.1856,0.537928E-01
1.56738,76.2152,0.183429
1.56799,76.2449,0.168317
1.56860,76.2746,0.103013E-01
1.56921,76.3043,0.446120E-01
1.56982,76.3340,-0.242651E-01
1.57043,76.3636,0.426578E-01
1.57104,76.3933,-0.362898E-01
1.57166,76.4230,0.823124E-01
1.57227,76.4527,0.233159E-01
1.57288,76.4823,0.513519E-02
1.57349,76.5120,0.851520E-01
1.57410,76.5417,0.226802
1.57471,76.5714,0.259794
1.57532,76.6011,0.897803E-01
1.57593,76.6307,-0.132894E-01
1.57654,76.6604,0.972166E-01
1.57715,76.6901,0.192683E-01
1.57776,76.7198,0.151291
1.57837,76.7495,0.202245
1.57898,76.7791,0.136185
1.57959,76.8088,0.640322E-01
1.58020,76.8385,0.357537E-01
1.58081,76.8682,0.645851E-01
1.58142,76.8978,-0.294290E-01
1.58203,76.9275,0.168241E-01
1.58264,76.9572,-0.232818E-01
1.58325,76.9869,0.329721E-01
1.58386,77.0166,-0.247751E-04
1.58447,77.0462,0.219542
1.58508,77.0759,0.857085E-01
1.58569,77.1056,0.948647E-01
1.58630,77.1353,0.368053
1.58691,77.1650,0.119474E-01
1.58752,77.1946,0.892439E-01
1.58813,77.2243,0.781150E-01
1.58875,77.2540,0.743012E-01
1.58936,77.2837,0.238961E-01
1.58997,77.3134,0.976160E-02
1.59058,77.3430,0.484013E-01
1.59119,77.3727,0.400967E-01
1.59180,77.4024,-0.113838E-02
1.59241,77.4321,0.326624E-02
1.59302,77.4617,-0.822240E-02
1.59363,77.4914,-0.282099E-01
1.59424,77.5211,0.300277E-01
1.59485,77.5508,0.217071E-01
1.59546,77.5805,-0.849056E-02
1.59607,77.6101,0.111115E-01
1.59668,77.6398,0.857760E-02
1.59729,77.6695,0.809761E-01
1.59790,77.6992,-0.766390E-02
1.59851,77.7289,0.231829E-01
1.59912,77.7585,-0.246069E-01
1.59973,77.7882,0.968593E-01
1.60034,77.8179,0.913878E-02
1.60095,77.8476,-0.159984
1.60156,77.8773,-0.419475E-01
1.60217,77.9069,-0.128220
1.60278,77.9366,-0.807682E-01
1.60339,77.9663,-0.456883E-01
1.60400,77.9960,-0.634665E-03
1.60461,78.0256,-0.733033E-02
1.60522,78.0553,-0.485959E-01
1.60583,78.0850,-0.324688E-01
1.60645,78.1147,0.415784E-01
1.60706,78.1444,-0.326040E-01
1.60767,78.1740,0.587275E-01
1.60828,78.2037,-0.300454E-01
1.60889,78.2334,-0.659087E-01
1.60950,78.2631,-0.941701E-01
1.61011,78.2928,0.322351E-01
1.61072,78.3224,0.742416E-01
1.61133,78.3521,0.814589E-01
1.61194,78.3818,0.655470E-01
1.61255,78.4115,0.940791E-01
1.61316,78.4411,0.146309
1.61377,78.4708,0.172516E-01
1.61438,78.5005,0.237269E-01
1.61499,78.5302,0.413240E-01
1.61560,78.5599,0.831778E-01
1.61621,78.5895,0.182507E-01
1.61682,78.6192,0.673430E-01
1.61743,78.6489,0.617493E-01
1.61804,78.6786,0.652121E-01
1.61865,78.7083,0.137592
1.61926,78.7379,-0.488143E-01
1.61987,78.7676,-0.144745E-01
1.62048,78.7973,-0.102356
1.62109,78.8270,-0.254909E-02
1.62170,78.8567,-0.120812
1.62231,78.8863,0.391073E-01
1.62292,78.9160,0.765133E-01
1.62354,78.9457,0.251975E-01
1.62415,78.9754,-0.861014E-01
1.62476,79.0050,0.121167
1.62537,79.0347,0.117990
1.62598,79.0644,-0.660927E-01
1.62659,79.0941,-0.376998E-01
1.62720,79.1238,0.102602
1.62781,79.1534,0.180166E-02
1.62842,79.1831,-0.217890E-02
1.62903,79.2128,0.106982
1.62964,79.2425,-0.481557E-02
1.63025,79.2722,0.545988E-01
1.63086,79.3018,0.112046E-01
1.63147,79.3315,-0.166831E-01
1.63208,79.3612,0.996949E-02
1.63269,79.3909,-0.204951E-01
1.63330,79.4206,0.214731E-01
1.63391,79.4502,-0.446500E-02
1.63452,79.4799,-0.564134E-01
1.63513,79.5096,-0.910987E-02
1.63574,79.5393,0.109004
1.63635,79.5689,0.155886E-01
1.63696,79.5986,0.195797E-01
1.63757,79.6283,0.613737E-01
1.63818,79.6580,0.602486E-01
1.63879,79.6877,0.875482E-01
1.63940,79.7173,0.371152E-02
1.64001,79.7470,0.237234E-01
1.64062,79.7767,0.471903E-01
1.64124,79.8064,0.901756E-01
1.64185,79.8361,0.232134E-01
1.64246,79.8657,0.375010E-01
1.64307,79.8954,-0.209566E-01
1.64368,79.9251,-0.199766E-01
1.64429,79.9548,-0.116165
1.64490,79.9844,-0.772041E-01
1.64551,80.0141,-0.536011E-01
1.64612,80.0438,-0.391985E-01
1.64673,80.0735,-0.293993E-01
1.64734,80.1032,-0.268147
1.64795,80.1328,-0.450616E-01
1.64856,80.1625,-0.511944E-01
1.64917,80.1922,0.138563E-01
1.64978,80.2219,0.499232E-01
1.65039,80.2516,0.152723E-01
1.65100,80.2812,-0.124648E-01
1.65161,80.3109,0.824913E-01
1.65222,80.3406,-0.436833E-01
1.65283,80.3703,0.251615E-01
1.65344,80.4000,-0.262777E-01
1.65405,80.4296,0.136939
1.65466,80.4593,0.583037E-01
1.65527,80.4890,0.100254
1.65588,80.5187,0.138757
1.65649,80.5483,0.281129E-01
1.65710,80.5780,0.658448E-01
1.65771,80.6077,0.289186E-01
1.65833,80.6374,0.101187
1.65894,80.6671,0.207208E-01
1.65955,80.6967,0.515737E-01
1.66016,80.7264,0.554976E-02
1.66077,80.7561,0.682794E-01
1.66138,80.7858,0.552984E-02
1.66199,80.8155,0.215477E-02
1.66260,80.8451,0.291847E-01
1.66321,80.8748,0.255788E-01
1.66382,80.9045,-0.485787E-01
1.66443,80.9342,-0.435090E-01
1.66504,80.9638,0.373212E-01
1.66565,80.9935,-0.331842E-01
1.66626,81.0232,-0.873192E-03
1.66687,81.0529,-0.526814E-02
1.66748,81.0826,0.911587E-01
1.66809,81.1122,-0.103295E-01
1.66870,81.1419,0.481688E-01
1.66931,81.1716,-0.303727E-01
1.66992,81.2013,-0.261075E-01
1.67053,81.2310,-0.918188E-01
1.67114,81.2606,0.768624E-02
1.67175,81.2903,-0.128354E-01
1.67236,81.3200,-0.611842E-02
1.67297,81.3497,0.702961E-01
1.67358,81.3794,0.730402E-02
1.67419,81.4090,-0.326202E-01
1.67480,81.4387,-0.134417
1.67542,81.4684,0.151351E-01
1.67603,81.4981,0.976119E-02
1.67664,81.5277,-0.235475E-01
1.67725,81.5574,-0.128635E-01
1.67786,81.5871,-0.163782E-01
1.67847,81.6168,0.236860E-01
1.67908,81.6465,0.225837E-01
1.67969,81.6761,0.622954E-02
1.68030,81.7058,-0.733222E-01
1.68091,81.7355,0.371773E-02
1.68152,81.7652,0.550213E-02
1.68213,81.7949,0.944712E-01
1.68274,81.8245,0.348861E-01
1.68335,81.8542,0.432981E-01
1.68396,81.8839,0.912368E-01
1.68457,81.9136,-0.109809E-01
1.68518,81.9433,0.158946E-01
1.68579,81.9729,0.119411
1.68640,82.0026,0.202719
1.68701,82.0323,0.243251
1.68762,82.0620,0.296936E-01
1.68823,82.0916,0.234095
1.68884,82.1213,0.447227E-01
1.68945,82.1510,0.621173E-01
1.69006,82.1807,0.947189E-01
1.69067,82.2104,-0.365010E-03
1.69128,82.2400,0.162208E-01
1.69189,82.2697,0.903939E-01
1.69250,82.2994,0.204390E-01
1.69312,82.3291,0.327528E-02
1.69373,82.3588,0.695404E-01
1.69434,82.3884,0.841311E-01
1.69495,82.4181,0.121257E-01
1.69556,82.4478,0.432275E-01
1.69617,82.4775,0.299175E-01
1.69678,82.5071,-0.279887E-01
1.69739,82.5368,0.169378
1.69800,82.5665,0.793197E-01
1.69861,82.5962,0.693911E-01
1.69922,82.6259,-0.685053E-03
1.69983,82.6555,0.380965E-01
1.70044,82.6852,0.430667E-01
1.70105,82.7149,-0.189628
1.70166,82.7446,0.134481E-01
1.70227,82.7743,0.346032E-01
1.70288,82.8039,0.148391E-01
1.70349,82.8336,0.243447E-01
1.70410,82.8633,0.847449E-02
1.70471,82.8930,-0.338845E-02
1.70532,82.9227,0.542179E-01
1.70593,82.9523,0.218876E-01
1.70654,82.9820,0.151749E-02
1.70715,83.0117,0.174144
1.70776,83.0414,0.199592
1.70837,83.0710,0.965840E-01
1.70898,83.1007,0.250223E-01
1.70959,83.1304,0.359825E-01
1.71021,83.1601,0.118140
1.71082,83.1898,0.604787E-01
1.71143,83.2194,0.350195E-01
1.71204,83.2491,-0.194813E-01
1.71265,83.2788,0.201666
1.71326,83.3085,0.172661E-01
1.71387,83.3382,0.612874E-01
1.71448,83.3678,0.113611E-01
1.71509,83.3975,-0.496229E-01
1.71570,83.4272,0.202747E-02
1.71631,83.4569,-0.183552E-01
1.71692,83.4866,0.543381E-01
1.71753,83.5162,-0.152366E-01
1.71814,83.5459,0.116975
1.71875,83.5756,0.122954
1.71936,83.6053,0.339171E-01
1.71997,83.6349,0.288024
1.72058,83.6646,0.582252E-01
1.72119,83.6943,-0.160466E-01
1.72180,83.7240,-0.121255
1.72241,83.7537,-0.116397E-01
1.72302,83.7833,0.848630E-01
1.72363,83.8130,0.712446E-02
1.72424,83.8427,0.862125E-01
1.72485,83.8724,0.476708E-01
1.72546,83.9021,0.143207
1.72607,83.9317,0.402520E-01
1.72668,83.9614,-0.996727E-01
1.72729,83.9911,-0.241070E-01
1.72791,84.0208,-0.278008E-01
1.72852,84.0504,-0.106458
1.72913,84.0801,-0.189384E-01
1.72974,84.1098,-0.734767E-01
1.73035,84.1395,-0.762500E-01
1.73096,84.1692,-0.379506E-02
1.73157,84.1988,0.174830E-01
1.73218,84.2285,0.707371E-01
1.73279,84.2582,0.800000E-01
1.73340,84.2879,-0.639018E-02
1.73401,84.3176,0.233550E-02
1.73462,84.3472,0.695873E-01
1.73523,84.3769,-0.702299E-02
1.73584,84.4066,0.278171E-01
1.73645,84.4363,0.708490E-01
1.73706,84.4660,0.922339E-01
1.73767,84.4956,0.251666E-01
1.73828,84.5253,-0.277915E-01
1.73889,84.5550,0.100808
1.73950,84.5847,0.471155E-01
1.74011,84.6143,-0.100417
1.74072,84.6440,-0.106235
1.74133,84.6737,0.601197E-01
1.74194,84.7034,-0.936205E-01
1.74255,84.7331,-0.579328E-01
1.74316,84.7627,0.844389E-01
1.74377,84.7924,-0.130159E-01
1.74438,84.8221,0.978572E-01
1.74500,84.8518,-0.224067
1.74561,84.8815,0.753269E-01
1.74622,84.9111,0.647653E-01
1.74683,84.9408,0.698762E-02
1.74744,84.9705,0.163691E-01
1.74805,85.0002,-0.720830E-02
1.74866,85.0298,0.465120E-01
1.74927,85.0595,0.100600
1.74988,85.0892,-0.413469E-01
1.75049,85.1189,0.398514E-01
1.75110,85.1486,0.256717E-02
1.75171,85.1782,-0.175238E-01
1.75232,85.2079,0.503207E-01
1.75293,85.2376,-0.581615E-02
1.75354,85.2673,0.217120E-01
1.75415,85.2970,0.416788E-01
1.75476,85.3266,0.118125
1.75537,85.3563,0.184030E-01
1.75598,85.3860,-0.253486E-01
1.75659,85.4157,0.464954E-01
1.75720,85.4454,0.143857
1.75781,85.4750,0.259678E-01
1.75842,85.5047,-0.638066E-01
1.75903,85.5344,0.394669E-01
1.75964,85.5641,0.122081E-01
1.76025,85.5937,0.668406E-01
1.76086,85.6234,-0.294546E-01
1.76147,85.6531,-0.449545E-01
1.76208,85.6828,-0.395736E-01
1.76270,85.7125,0.929154E-01
1.76331,85.7421,-0.432557E-01
1.76392,85.7718,-0.136684E-01
1.76453,85.8015,-0.121694
1.76514,85.8312,0.307233E-01
1.76575,85.8609,0.572425E-01
1.76636,85.8905,0.990913E-01
1.76697,85.9202,0.774308E-01
1.76758,85.9499,0.543621E-01
1.76819,85.9796,-0.555240E-01
1.76880,86.0093,0.350098E-01
1.76941,86.0389,0.667732E-01
1.77002,86.0686,0.112927E-01
1.77063,86.0983,-0.114100E-01
1.77124,86.1280,-0.527605E-02
1.77185,86.1576,0.235777E-01
1.77246,86.1873,-0.390607E-01
1.77307,86.2170,-0.405203E-01
1.77368,86.2467,0.871408E-02
1.77429,86.2764,-0.228922E-01
1.77490,86.3060,-0.422892E-01
1.77551,86.3357,-0.201103E-01
1.77612,86.3654,-0.490967E-01
1.77673,86.3951,-0.659008E-01
1.77734,86.4248,-0.177549
1.77795,86.4544,-0.149544
1.77856,86.4841,-0.794568E-01
1.77917,86.5138,0.328416E-01
1.77979,86.5435,-0.155313
1.78040,86.5731,-0.662206E-01
1.78101,86.6028,0.188437E-01
1.78162,86.6325,-0.161885
1.78223,86.6622,0.390753E-01
1.78284,86.6919,-0.142325
1.78345,86.7215,0.759837E-01
1.78406,86.7512,-0.989559E-02
1.78467,86.7809,-0.110533
1.78528,86.8106,0.139217
1.78589,86.8403,0.303398E-01
1.78650,86.8699,0.129275
1.78711,86.8996,0.103600
1.78772,86.9293,0.152209E-01
1.78833,86.9590,-0.896724E-01
1.78894,86.9887,0.120738E-01
1.78955,87.0183,-0.367332E-03
1.79016,87.0480,0.427730E-02
1.79077,87.0777,-0.141943
1.79138,87.1074,-0.131377
1.79199,87.1370,-0.210430
1.79260,87.1667,-0.316639E-01
1.79321,87.1964,-0.664438E-01
1.79382,87.2261,-0.864426E-01
1.79443,87.2558,-0.414100E-01
1.79504,87.2854,-0.764415E-01
1.79565,87.3151,0.380249E-01
1.79626,87.3448,0.426816E-01
1.79688,87.3745,-0.900936E-01
1.79749,87.4042,0.685477E-01
1.79810,87.4338,0.569567E-01
1.79871,87.4635,-0.334695E-01
1.79932,87.4932,0.237568E-01
1.79993,87.5229,-0.124775E-01
1.80054,87.5526,-0.646010E-01
1.80115,87.5822,-0.121073
1.80176,87.6119,-0.393678E-01
1.80237,87.6416,0.126264E-01
1.80298,87.6713,-0.139009E-02
1.80359,87.7009,-0.108381
1.80420,87.7306,0.226166E-01
1.80481,87.7603,-0.886085E-01
1.80542,87.7900,-0.270620E-01
1.80603,87.8197,-0.529401E-01
1.80664,87.8493,-0.209140E-01
1.80725,87.8790,-0.140298
1.80786,87.9087,0.202299E-01
1.80847,87.9384,-0.197404
1.80908,87.9681,-0.177795
1.80969,87.9977,-0.305041E-01
1.81030,88.0274,0.165369E-01
1.81091,88.0571,-0.885435E-02
1.81152,88.0868,-0.564494E-01
1.81213,88.1164,-0.104687
1.81274,88.1461,-0.168352
1.81335,88.1758,-0.969359E-01
1.81396,88.2055,-0.288304E-01
1.81458,88.2352,-0.133904
1.81519,88.2648,-0.371180E-01
1.81580,88.2945,0.189160E-03
1.81641,88.3242,-0.497217E-01
1.81702,88.3539,-0.259095E-01
1.81763,88.3836,0.353270E-01
1.81824,88.4132,0.889933E-01
1.81885,88.4429,-0.839630E-02
1.81946,88.4726,-0.153758E-01
1.82007,88.5023,0.229842E-01
1.82068,88.5320,-0.194197E-01
1.82129,88.5616,0.997761E-02
1.82190,88.5913,-0.975974E-01
1.82251,88.6210,-0.107535
1.82312,88.6507,-0.548969E-01
1.82373,88.6803,-0.168453
1.82434,88.7100,-0.440504E-03
1.82495,88.7397,0.199705E-01
1.82556,88.7694,0.402181E-02
1.82617,88.7991,0.130787E-03
1.82678,88.8287,0.795021E-01
1.82739,88.8584,-0.100301
1.82800,88.8881,-0.335087
1.82861,88.9178,-0.237255E-01
1.82922,88.9475,0.292108E-01
1.82983,88.9771,-0.274210E-02
1.83044,89.0068,-0.104407E-01
1.83105,89.0365,-0.323062E-01
1.83167,89.0662,-0.133477E-01
1.83228,89.0958,0.196466E-01
1.83289,89.1255,-0.270403E-01
1.83350,89.1552,0.140193E-01
1.83411,89.1849,0.332401E-02
1.83472,89.2146,0.128489E-01
1.83533,89.2442,0.918501E-01
1.83594,89.2739,0.244490
1.83655,89.3036,-0.180569E-02
1.83716,89.3333,0.129040E-01
1.83777,89.3630,0.121060
1.83838,89.3926,0.301593
1.83899,89.4223,0.299398
1.83960,89.4520,0.237198E-03
1.84021,89.4817,0.255561
1.84082,89.5114,0.203105
1.84143,89.5410,0.217350
1.84204,89.5707,-0.123481E-01
1.84265,89.6004,0.787534E-01
1.84326,89.6301,0.242734
1.84387,89.6597,0.112188E-01
1.84448,89.6894,0.102086
1.84509,89.7191,-0.437236E-01
1.84570,89.7488,0.128153
1.84631,89.7785,0.201212E-01
1.84692,89.8081,-0.683075E-01
1.84753,89.8378,-0.153820E-01
1.84814,89.8675,0.741732E-01
1.84875,89.8972,-0.209820E-01
1.84937,89.9269,0.176220
1.84998,89.9565,0.136145
1.85059,89.9862,0.392486E-01
1.85120,90.0159,0.676669E-01
1.85181,90.0456,0.503684E-02
1.85242,90.0753,0.126402
1.85303,90.1049,-0.377520E-01
1.85364,90.1346,0.108655
1.85425,90.1643,-0.479658E-01
1.85486,90.1940,0.990201E-02
1.85547,90.2236,-0.887559E-02
1.85608,90.2533,0.397513E-01
1.85669,90.2830,0.189269E-01
1.85730,90.3127,0.100386
1.85791,90.3424,0.253263E-01
1.85852,90.3720,-0.829226E-02
1.85913,90.4017,0.827478E-01
1.85974,90.4314,0.182168
1.86035,90.4611,0.334918E-01
1.86096,90.4908,-0.643604E-01
1.86157,90.5204,-0.285502E-01
1.86218,90.5501,-0.227930E-01
1.86279,90.5798,0.233477E-01
1.86340,90.6095,-0.953418E-01
1.86401,90.6391,0.178101
1.86462,90.6688,0.985248E-01
1.86523,90.6985,0.531793E-01
1.86584,90.7282,0.123148
1.86646,90.7579,-0.769310E-01
1.86707,90.7875,0.301199
1.86768,90.8172,0.139920
1.86829,90.8469,0.105220
1.86890,90.8766,0.373923E-01
1.86951,90.9063,0.211786
1.87012,90.9359,0.251378
1.87073,90.9656,0.103187
1.87134,90.9953,0.229538E-01
1.87195,91.0250,0.246640
1.87256,91.0547,-0.554343E-01
1.87317,91.0843,-0.388717E-01
1.87378,91.1140,0.853416E-01
1.87439,91.1437,0.926812E-01
1.87500,91.1734,0.123833
1.87561,91.2030,-0.413503E-01
1.87622,91.2327,0.257133
1.87683,91.2624,0.194900
1.87744,91.2921,0.148543
1.87805,91.3218,-0.691494E-01
1.87866,91.3514,0.854895E-01
1.87927,91.3811,0.117734
1.87988,91.4108,0.227778
1.88049,91.4405,0.191709E-01
1.88110,91.4702,-0.359351E-01
1.88171,91.4998,-0.115811
1.88232,91.5295,-0.189732
1.88293,91.5592,-0.257336E-01
1.88354,91.5889,0.606675E-01
1.88416,91.6185,-0.200681
1.88477,91.6482,0.134336
1.88538,91.6779,-0.319407E-02
1.88599,91.7076,-0.911251E-01
1.88660,91.7373,-0.108463
1.88721,91.7669,-0.251482
1.88782,91.7966,-0.108274
1.88843,91.8263,-0.726879E-01
1.88904,91.8560,-0.379004E-01
1.88965,91.8857,0.104361
1.89026,91.9153,0.314362E-02
1.89087,91.9450,0.592775E-01
1.89148,91.9747,0.203599
1.89209,92.0044,-0.644513E-01
1.89270,92.0341,0.297485E-02
1.89331,92.0637,-0.615028E-01
1.89392,92.0934,0.336571E-01
1.89453,92.1231,0.573335E-03
1.89514,92.1528,-0.234772E-02
1.89575,92.1824,-0.372523E-01
1.89636,92.2121,0.104816
1.89697,92.2418,0.422562E-02
1.89758,92.2715,0.303724E-01
1.89819,92.3012,0.524873E-02
1.89880,92.3308,0.801295E-01
1.89941,92.3605,0.581083E-01
1.90002,92.3902,0.896009E-01
1.90063,92.4199,-0.158231E-01
1.90125,92.4496,0.133042
1.90186,92.4792,0.106925
1.90247,92.5089,0.107856
1.90308,92.5386,0.258123E-02
1.90369,92.5683,-0.944583E-02
1.90430,92.5980,-0.234650E-01
1.90491,92.6276,0.117648E-01
1.90552,92.6573,-0.135570E-01
1.90613,92.6870,0.324116E-01
1.90674,92.7167,0.850180E-01
1.90735,92.7463,0.115347E-01
1.90796,92.7760,-0.266021E-01
1.90857,92.8057,-0.410685E-01
1.90918,92.8354,-0.587231E-01
1.90979,92.8651,0.134248
1.91040,92.8947,-0.437529E-01
1.91101,92.9244,-0.239382E-01
1.91162,92.9541,-0.919405E-01
1.91223,92.9838,0.156403
1.91284,93.0135,-0.738008E-01
1.91345,93.0431,-0.368086E-01
1.91406,93.0728,0.738255E-01
1.91467,93.1025,-0.723340E-01
1.91528,93.1322,0.759923E-01
1.91589,93.1618,-0.152544
1.91650,93.1915,-0.601873E-01
1.91711,93.2212,-0.608325E-01
1.91772,93.2509,-0.179553E-01
1.91833,93.2806,-0.129609E-01
1.91895,93.3102,-0.135128E-01
1.91956,93.3399,-0.152318E-01
1.92017,93.3696,-0.357589E-01
1.92078,93.3993,0.862023E-01
1.92139,93.4290,0.383015E-01
1.92200,93.4586,0.131738
1.92261,93.4883,0.327871E-01
1.92322,93.5180,0.176783E-01
1.92383,93.5477,-0.800443E-01
1.92444,93.5774,0.278849E-01
1.92505,93.6070,0.298669E-01
1.92566,93.6367,-0.332284E-01
1.92627,93.6664,-0.454160E-01
1.92688,93.6961,-0.436118E-01
1.92749,93.7257,-0.695350E-01
1.92810,93.7554,-0.205835E-01
1.92871,93.7851,-0.123681
1.92932,93.8148,-0.446563E-01
1.92993,93.8445,-0.422564E-01
1.93054,93.8741,-0.934687E-01
1.93115,93.9038,-0.408067E-01
1.93176,93.9335,-0.924605E-01
1.93237,93.9632,-0.578780E-01
1.93298,93.9929,-0.502785E-01
1.93359,94.0225,-0.780322E-01
1.93420,94.0522,-0.245916E-01
1.93481,94.0819,0.193365E-01
1.93542,94.1116,0.595551E-01
1.93604,94.1413,-0.517940E-01
1.93665,94.1709,-0.582695E-01
1.93726,94.2006,-0.705610E-02
1.93787,94.2303,-0.661213E-01
1.93848,94.2600,-0.894910E-01
1.93909,94.2896,0.339715E-01
1.93970,94.3193,0.221913E-01
1.94031,94.3490,0.315466E-01
1.94092,94.3787,-0.252818E-02
1.94153,94.4084,0.531954E-01
1.94214,94.4380,0.399483E-01
1.94275,94.4677,0.629111E-02
1.94336,94.4974,0.166351
1.94397,94.5271,0.831007E-01
1.94458,94.5568,0.142634E-02
1.94519,94.5864,0.139283E-01
1.94580,94.6161,-0.410665E-01
1.94641,94.6458,-0.931568E-01
1.94702,94.6755,-0.176837E-01
1.94763,94.7051,-0.173283E-01
1.94824,94.7348,-0.412043E-01
1.94885,94.7645,0.640117E-03
1.94946,94.7942,-0.324687E-01
1.95007,94.8239,0.629855E-01
1.95068,94.8535,0.179943E-01
1.95129,94.8832,0.337970E-01
1.95190,94.9129,-0.831088E-02
1.95251,94.9426,-0.255299E-01
1.95312,94.9723,0.154199E-01
1.95374,95.0019,0.249707E-01
1.95435,95.0316,0.718857E-01
1.95496,95.0613,0.438981E-01
1.95557,95.0910,0.580698E-01
1.95618,95.1207,0.903380E-01
1.95679,95.1503,-0.242499E-01
1.95740,95.1800,-0.804368E-01
1.95801,95.2097,0.318865E-01
1.95862,95.2394,-0.130527E-01
1.95923,95.2690,-0.388847E-01
1.95984,95.2987,-0.475879E-01
1.96045,95.3284,0.172040E-01
1.96106,95.3581,0.171841E-01
1.96167,95.3878,-0.428424E-01
1.96228,95.4174,-0.515799E-01
1.96289,95.4471,-0.105480
1.96350,95.4768,-0.132926
1.96411,95.5065,-0.120011
1.96472,95.5362,-0.576218E-01
1.96533,95.5658,0.460647E-01
1.96594,95.5955,-0.294457E-01
1.96655,95.6252,0.175378E-01
1.96716,95.6549,-0.251237E-01
1.96777,95.6845,0.437510E-01
1.96838,95.7142,0.191953E-01
1.96899,95.7439,0.330897E-01
1.96960,95.7736,0.788871E-01
1.97021,95.8033,0.716601E-01
1.97083,95.8329,0.648862E-01
1.97144,95.8626,0.976270E-01
1.97205,95.8923,0.238617
1.97266,95.9220,0.124214
1.97327,95.9517,0.389408
1.97388,95.9813,0.295618
1.97449,96.0110,0.317489
1.97510,96.0407,0.371954
1.97571,96.0704,0.206180
1.97632,96.1001,0.484447
1.97693,96.1297,0.735557
1.97754,96.1594,0.695918
1.97815,96.1891,0.189586
1.97876,96.2188,0.108413
1.97937,96.2484,0.365172
1.97998,96.2781,0.310368
1.98059,96.3078,0.257626
1.98120,96.3375,0.422141
1.98181,96.3672,0.490198
1.98242,96.3968,0.219205
1.98303,96.4265,0.312438
1.98364,96.4562,0.112126
1.98425,96.4859,0.179266
1.98486,96.5156,0.766068E-01
1.98547,96.5452,0.381627E-01
1.98608,96.5749,0.191919E-01
1.98669,96.6046,0.688313E-01
1.98730,96.6343,0.748879E-01
1.98792,96.6640,0.151802
1.98853,96.6936,0.646389E-01
1.98914,96.7233,0.104075
1.98975,96.7530,0.438311E-02
1.99036,96.7827,0.323024E-01
1.99097,96.8123,-0.696828E-02
1.99158,96.8420,-0.289594E-01
1.99219,96.8717,-0.129039E-01
1.99280,96.9014,-0.143786E-01
1.99341,96.9311,-0.219008E-02
1.99402,96.9607,-0.168025E-01
1.99463,96.9904,-0.438246E-01
1.99524,97.0201,0.313468E-01
1.99585,97.0498,-0.154201E-01
1.99646,97.0795,-0.114885E-01
1.99707,97.1091,-0.423548E-01
1.99768,97.1388,0.553692E-01
1.99829,97.1685,-0.117607
1.99890,97.1982,-0.318649E-01
1.99951,97.2278,0.107861E-01
2.00012,97.2575,-0.290178E-03
2.00073,97.2872,0.345970E-04
2.00134,97.3169,0.293738E-01
2.00195,97.3466,0.180734E-01
2.00256,97.3762,-0.140457
2.00317,97.4059,-0.625424E-02
2.00378,97.4356,-0.739735E-01
2.00439,97.4653,-0.142566E-01
2.00500,97.4950,-0.365444E-01
2.00562,97.5246,0.666096E-01
2.00623,97.5543,-0.470819E-01
2.00684,97.5840,0.106439E-01
2.00745,97.6137,-0.204825E-01
2.00806,97.6434,0.985176E-02
2.00867,97.6730,-0.399458E-01
2.00928,97.7027,-0.331421E-01
2.00989,97.7324,0.259657E-02
2.01050,97.7621,-0.122257
2.01111,97.7917,-0.449695E-02
2.01172,97.8214,-0.962973E-01
2.01233,97.8511,-0.782074E-02
2.01294,97.8808,-0.224698E-01
2.01355,97.9105,0.138973E-01
2.01416,97.9401,0.596488E-01
2.01477,97.9698,-0.317697E-01
2.01538,97.9995,0.824214E-02
2.01599,98.0292,0.114407E-01
2.01660,98.0589,-0.497081E-01
2.01721,98.0885,0.434365E-01
2.01782,98.1182,0.970585E-01
2.01843,98.1479,-0.782312E-01
2.01904,98.1776,0.150143E-02
2.01965,98.2073,0.354293E-01
2.02026,98.2369,0.147830E-01
2.02087,98.2666,0.252513E-01
2.02148,98.2963,0.376623E-02
2.02209,98.3260,0.144811E-01
2.02271,98.3556,-0.347492E-01
2.02332,98.3853,-0.361229E-01
2.02393,98.4150,0.468286E-01
2.02454,98.4447,0.508395E-01
2.02515,98.4744,0.854388E-01
2.02576,98.5040,0.254011E-01
2.02637,98.5337,0.195806
2.02698,98.5634,0.535674E-01
2.02759,98.5931,0.143986
2.02820,98.6228,0.238861
2.02881,98.6524,-0.314232E-01
2.02942,98.6821,0.601417E-01
2.03003,98.7118,0.165031
2.03064,98.7415,0.103496
2.03125,98.7711,-0.681951E-01
2.03186,98.8008,0.117147
2.03247,98.8305,0.802736E-01
2.03308,98.8602,-0.789924E-02
2.03369,98.8899,0.447440E-01
2.03430,98.9195,-0.230594E-01
2.03491,98.9492,-0.859192E-01
2.03552,98.9789,0.727539E-02
2.03613,99.0086,-0.189868E-03
2.03674,99.0383,-0.150241E-01
2.03735,99.0679,-0.595013E-01
2.03796,99.0976,-0.141661E-01
2.03857,99.1273,-0.240815E-01
2.03918,99.1570,-0.763769E-01
2.03979,99.1867,-0.959795E-02
2.04041,99.2163,0.158199
2.04102,99.2460,-0.100490
2.04163,99.2757,-0.526809E-01
2.04224,99.3054,-0.101752
2.04285,99.3350,-0.105437E-02
2.04346,99.3647,-0.518269E-01
2.04407,99.3944,-0.695932E-01
2.04468,99.4241,-0.447796E-01
2.04529,99.4538,0.146257E-01
2.04590,99.4834,0.267675
2.04651,99.5131,-0.207217E-01
2.04712,99.5428,-0.587902E-01
2.04773,99.5725,-0.119222
2.04834,99.6022,-0.623998E-01
2.04895,99.6318,0.171421E-02
2.04956,99.6615,-0.433930E-02
2.05017,99.6912,0.122007
2.05078,99.7209,0.217136E-02
2.05139,99.7505,0.291623E-01
2.05200,99.7802,0.227079
2.05261,99.8099,0.125551
2.05322,99.8396,0.641378E-01
2.05383,99.8693,0.130159
2.05444,99.8989,0.350151
2.05505,99.9286,0.146463
2.05566,99.9583,0.227483
2.05627,99.9880,0.226809
2.05688,100.018,0.494479E-01
2.05750,100.047,0.342640E-01
2.05811,100.077,0.219707
2.05872,100.107,0.280147
2.05933,100.136,0.234554
2.05994,100.166,-0.921356E-01
2.06055,100.196,0.453137E-01
2.06116,100.225,-0.310335
2.06177,100.255,0.938969E-01
2.06238,100.285,0.243490
2.06299,100.314,0.459251E-01
2.06360,100.344,0.301792
2.06421,100.374,0.467400E-01
2.06482,100.403,0.251132
2.06543,100.433,0.150362
2.06604,100.463,0.950858E-01
2.06665,100.493,0.378323E-01
2.06726,100.522,0.182867
2.06787,100.552,0.122949
2.06848,100.582,0.759387E-01
2.06909,100.611,0.756369E-01
2.06970,100.641,0.486028E-01
2.07031,100.671,0.113946
2.07092,100.700,0.397685E-01
2.07153,100.730,0.436963E-01
2.07214,100.760,0.743105E-01
2.07275,100.789,0.810613E-01
2.07336,100.819,0.526158
2.07397,100.849,0.188998E-01
2.07458,100.878,0.158312
2.07520,100.908,0.130326
2.07581,100.938,0.122115
2.07642,100.967,0.875647E-01
2.07703,100.997,-0.468634E-01
2.07764,101.027,-0.762981E-01
2.07825,101.056,-0.627091E-02
2.07886,101.086,0.307302E-01
2.07947,101.116,0.729779E-01
2.08008,101.145,0.105998
2.08069,101.175,0.717382E-02
2.08130,101.205,0.180095
2.08191,101.234,0.488246E-01
2.08252,101.264,-0.335441E-02
2.08313,101.294,0.911047E-02
2.08374,101.324,-0.125422E-01
2.08435,101.353,-0.662261E-02
2.08496,101.383,-0.256923E-01
2.08557,101.413,0.383152E-01
2.08618,101.442,0.370967E-02
2.08679,101.472,0.379226E-01
2.08740,101.502,0.451500E-01
2.08801,101.531,0.201734E-01
2.08862,101.561,0.417923E-01
2.08923,101.591,0.169568
2.08984,101.620,0.121393
2.09045,101.650,0.178130E-01
2.09106,101.680,0.303701E-01
2.09167,101.709,0.911954E-01
2.09229,101.739,0.396294E-01
2.09290,101.769,0.974511E-02
2.09351,101.798,-0.168507E-01
2.09412,101.828,0.111653E-01
2.09473,101.858,0.130623E-01
2.09534,101.887,-0.196564E-01
2.09595,101.917,-0.413541E-01
2.09656,101.947,-0.936246E-02
2.09717,101.976,-0.341695E-01
2.09778,102.006,0.586631E-01
2.09839,102.036,-0.551225E-02
2.09900,102.065,0.354833E-01
2.09961,102.095,-0.226767E-01
2.10022,102.125,-0.205664E-02
2.10083,102.155,-0.284105E-01
2.10144,102.184,-0.369951E-02
2.10205,102.214,-0.112266
2.10266,102.244,0.210832E-02
2.10327,102.273,0.245180E-02
2.10388,102.303,0.878124E-02
2.10449,102.333,-0.305795E-01
2.10510,102.362,-0.464803E-01
2.10571,102.392,-0.265943E-01
2.10632,102.422,-0.679185E-01
2.10693,102.451,-0.491286E-01
2.10754,102.481,0.124295E-02
2.10815,102.511,-0.671436E-01
2.10876,102.540,-0.229814E-01
2.10938,102.570,0.799455E-01
2.10999,102.600,-0.973978E-01
2.11060,102.629,-0.125654
2.11121,102.659,-0.410801E-01
2.11182,102.689,-0.833376E-01
2.11243,102.718,-0.961021E-01
2.11304,102.748,-0.704352E-02
2.11365,102.778,0.303639E-01
2.11426,102.807,0.445083E-01
2.11487,102.837,-0.129056E-01
2.11548,102.867,-0.431532E-02
2.11609,102.897,-0.102971E-01
2.11670,102.926,-0.576079E-01
2.11731,102.956,0.376408E-01
2.11792,102.986,0.195361E-02
2.11853,103.015,0.796908E-01
2.11914,103.045,-0.442141E-01
2.11975,103.075,-0.540239E-02
2.12036,103.104,-0.662319E-01
2.12097,103.134,0.612357E-01
2.12158,103.164,-0.254495E-01
2.12219,103.193,0.143763
2.12280,103.223,0.393030E-01
2.12341,103.253,0.849843E-01
2.12402,103.282,0.497456E-01
2.12463,103.312,0.342501E-01
2.12524,103.342,0.345107E-02
2.12585,103.371,0.574576E-02
2.12646,103.401,-0.168149E-01
2.12708,103.431,0.529965E-01
2.12769,103.460,-0.499699E-01
2.12830,103.490,-0.400740E-01
2.12891,103.520,-0.135223
2.12952,103.549,-0.106892
2.13013,103.579,-0.151066
2.13074,103.609,-0.924181E-01
2.13135,103.638,-0.878902E-01
2.13196,103.668,0.260672E-02
2.13257,103.698,0.552630E-01
2.13318,103.728,0.204313E-01
2.13379,103.757,-0.786586E-01
2.13440,103.787,-0.310118
2.13501,103.817,-0.167014
2.13562,103.846,-0.178004
2.13623,103.876,-0.816322E-01
2.13684,103.906,-0.208160E-01
2.13745,103.935,-0.262008E-01
2.13806,103.965,-0.816214E-01
2.13867,103.995,-0.133256
2.13928,104.024,-0.119936
2.13989,104.054,-0.401624E-01
2.14050,104.084,0.117228E-01
2.14111,104.113,-0.201745
2.14172,104.143,-0.528215E-01
2.14233,104.173,0.346873E-02
2.14294,104.202,-0.195934
2.14355,104.232,0.101530
2.14417,104.262,-0.606882E-01
2.14478,104.291,0.119593
2.14539,104.321,-0.102919
2.14600,104.351,-0.114392
2.14661,104.380,-0.179232E-01
2.14722,104.410,0.405289E-01
2.14783,104.440,0.105848E-02
2.14844,104.469,0.654339E-01
2.14905,104.499,0.272932E-01
2.14966,104.529,0.223385
2.15027,104.559,0.201450E-01
2.15088,104.588,0.824233E-01
2.15149,104.618,0.256391
2.15210,104.648,-0.865277E-01
2.15271,104.677,-0.111168
2.15332,104.707,-0.231740E-01
2.15393,104.737,-0.198032
2.15454,104.766,-0.124302
2.15515,104.796,0.282986
2.15576,104.826,-0.118456
2.15637,104.855,-0.822062E-01
2.15698,104.885,0.463661E-01
2.15759,104.915,0.173151
2.15820,104.944,0.253117E-01
2.15881,104.974,-0.862231E-02
2.15942,105.004,0.363748E-01
2.16003,105.033,0.516276E-01
2.16064,105.063,0.568583E-01
2.16125,105.093,0.768579E-01
2.16187,105.122,0.368228E-01
2.16248,105.152,0.815066E-01
2.16309,105.182,0.408192E-01
2.16370,105.211,0.249737E-01
2.16431,105.241,0.722333E-01
2.16492,105.271,-0.100937E-01
2.16553,105.300,0.430590E-01
2.16614,105.330,0.143052E-01
2.16675,105.360,0.383960E-01
2.16736,105.390,0.791830E-01
2.16797,105.419,-0.211421E-02
2.16858,105.449,0.244945E-02
2.16919,105.479,0.338805E-02
2.16980,105.508,-0.659271E-01
2.17041,105.538,0.158323E-01
2.17102,105.568,0.482636E-01
2.17163,105.597,-0.230381E-01
2.17224,105.627,0.493067E-02
2.17285,105.657,0.544069E-01
2.17346,105.686,0.496956E-01
2.17407,105.716,0.217304
2.17468,105.746,0.210555E-01
2.17529,105.775,0.846315E-01
2.17590,105.805,0.416825E-02
2.17651,105.835,0.356423E-02
2.17712,105.864,-0.778463E-01
2.17773,105.894,0.121183
2.17834,105.924,0.143594
2.17896,105.953,0.273327
2.17957,105.983,-0.119116E-02
2.18018,106.013,0.767405E-01
2.18079,106.042,-0.155024E-01
2.18140,106.072,0.625699E-01
2.18201,106.102,0.508305E-01
2.18262,106.131,0.412100E-01
2.18323,106.161,0.129025E-01
2.18384,106.191,-0.108546E-01
2.18445,106.221,-0.357244E-01
2.18506,106.250,-0.363848E-02
2.18567,106.280,-0.748603E-01
2.18628,106.310,-0.434625E-01
2.18689,106.339,-0.267342E-01
2.18750,106.369,-0.459490E-01
2.18811,106.399,0.728326E-01
2.18872,106.428,0.266982E-01
2.18933,106.458,0.184993E-01
2.18994,106.488,-0.388499E-01
2.19055,106.517,0.232332E-01
2.19116,106.547,0.451594E-01
2.19177,106.577,-0.287523E-01
2.19238,106.606,0.143525
2.19299,106.636,0.655064E-01
2.19360,106.666,0.502154E-01
2.19421,106.695,0.198084
2.19482,106.725,0.113186
2.19543,106.755,0.441197E-01
2.19604,106.784,0.643904E-01
2.19666,106.814,0.170880E-01
2.19727,106.844,-0.531419E-01
2.19788,106.873,0.134325
2.19849,106.903,0.153135
2.19910,106.933,0.120493
2.19971,106.963,-0.109650E-01
2.20032,106.992,0.446659E-01
2.20093,107.022,0.805115E-02
2.20154,107.052,0.572380E-01
2.20215,107.081,-0.914740E-01
2.20276,107.111,0.205344
2.20337,107.141,-0.427514E-01
2.20398,107.170,0.988685E-01
2.20459,107.200,0.285402
2.20520,107.230,0.315580
2.20581,107.259,0.168491
2.20642,107.289,0.221051
2.20703,107.319,0.169974
2.20764,107.348,0.159083
2.20825,107.378,0.492386E-01
2.20886,107.408,0.173267
2.20947,107.437,0.100019
2.21008,107.467,0.290882E-01
2.21069,107.497,0.511587E-01
2.21130,107.526,0.199565
2.21191,107.556,0.602594E-01
2.21252,107.586,0.148131E-02
2.21313,107.615,0.852195E-01
2.21375,107.645,0.279734E-01
2.21436,107.675,-0.325733E-01
2.21497,107.704,-0.341701E-01
2.21558,107.734,-0.224554E-01
2.21619,107.764,0.939614E-02
2.21680,107.794,-0.142183E-01
2.21741,107.823,-0.336142E-02
2.21802,107.853,-0.310691E-03
2.21863,107.883,-0.561480E-01
2.21924,107.912,0.532871E-01
2.21985,107.942,-0.258073E-01
2.22046,107.972,0.111766E-01
2.22107,108.001,0.315183E-03
2.22168,108.031,-0.605116E-01
2.22229,108.061,-0.742617E-01
2.22290,108.090,0.295075
2.22351,108.120,0.138876
2.22412,108.150,0.445496E-01
2.22473,108.179,0.281866
2.22534,108.209,0.207879
2.22595,108.239,0.155658
2.22656,108.268,0.121020
2.22717,108.298,-0.718095E-01
2.22778,108.328,0.412452E-01
2.22839,108.357,-0.394520E-01
2.22900,108.387,-0.136289
2.22961,108.417,-0.458808E-01
2.23022,108.446,-0.145707
2.23083,108.476,-0.262057E-01
2.23145,108.506,0.344699E-01
2.23206,108.535,0.324626E-01
2.23267,108.565,0.102703
2.23328,108.595,0.136164E-01
2.23389,108.625,0.277216E-01
2.23450,108.654,0.316850E-01
2.23511,108.684,0.142038E-01
2.23572,108.714,0.290680E-01
2.23633,108.743,0.331585E-01
2.23694,108.773,0.338034E-01
2.23755,108.803,-0.344919E-03
2.23816,108.832,0.968737E-04
2.23877,108.862,0.231048E-01
2.23938,108.892,-0.799346E-01
2.23999,108.921,-0.492579E-01
2.24060,108.951,0.212176E-01
2.24121,108.981,0.542818E-01
2.24182,109.010,0.139967
2.24243,109.040,0.902553E-01
2.24304,109.070,0.782976E-01
2.24365,109.099,-0.467555E-01
2.24426,109.129,0.917382E-01
2.24487,109.159,0.966994E-01
2.24548,109.188,0.194138E-01
2.24609,109.218,0.222990
2.24670,109.248,0.970652E-01
2.24731,109.277,0.778897E-01
2.24792,109.307,0.884693E-01
2.24854,109.337,-0.423252E-02
2.24915,109.366,0.101649E-01
2.24976,109.396,-0.397855E-01
2.25037,109.426,-0.101491E-01
2.25098,109.456,-0.141040E-01
2.25159,109.485,-0.372541E-01
2.25220,109.515,-0.119568E-01
2.25281,109.545,0.397127E-01
2.25342,109.574,-0.461369E-02
2.25403,109.604,-0.138737
2.25464,109.634,0.155473E-01
2.25525,109.663,-0.100394E-01
2.25586,109.693,-0.160191
2.25647,109.723,0.296324E-01
2.25708,109.752,-0.239347
2.25769,109.782,-0.544750E-01
2.25830,109.812,-0.214647
2.25891,109.841,-0.287239E-01
2.25952,109.871,-0.348203E-01
2.26013,109.901,0.468423E-01
2.26074,109.930,-0.753108E-01
2.26135,109.960,-0.743887E-01
2.26196,109.990,-0.570244E-01
2.26257,110.019,0.103876
2.26318,110.049,-0.468572E-01
2.26379,110.079,-0.196136E-01
2.26440,110.108,-0.307978E-01
2.26501,110.138,-0.138800E-01
2.26562,110.168,-0.108111E-01
2.26624,110.197,-0.652430E-01
2.26685,110.227,-0.420117E-02
2.26746,110.257,-0.190025E-01
2.26807,110.287,0.866122E-01
2.26868,110.316,0.423937E-01
2.26929,110.346,0.368987E-01
2.26990,110.376,0.332454E-01
2.27051,110.405,0.596516E-01
2.27112,110.435,0.809357E-01
2.27173,110.465,0.176900
2.27234,110.494,-0.281596E-01
2.27295,110.524,0.159694
2.27356,110.554,0.697467E-01
2.27417,110.583,-0.376094E-01
2.27478,110.613,0.202405E-01
2.27539,110.643,0.197579E-01
2.27600,110.672,-0.153133E-01
2.27661,110.702,0.158052E-01
2.27722,110.732,0.428688E-02
2.27783,110.761,0.113383
2.27844,110.791,0.319707E-01
2.27905,110.821,-0.123357E-01
2.27966,110.850,-0.307344E-01
2.28027,110.880,-0.510305E-01
2.28088,110.910,0.900911E-01
2.28149,110.939,-0.606874E-01
2.28210,110.969,-0.258490E-01
2.28271,110.999,0.503547E-01
2.28333,111.029,-0.589733E-01
2.28394,111.058,-0.563578E-02
2.28455,111.088,-0.516170E-01
2.28516,111.118,-0.596985E-01
2.28577,111.147,-0.552882E-01
2.28638,111.177,0.391884E-01
2.28699,111.207,-0.510314E-01
2.28760,111.236,-0.110545
2.28821,111.266,-0.310832E-01
2.28882,111.296,-0.157195E-01
2.28943,111.325,0.166084E-02
2.29004,111.355,-0.764163E-01
2.29065,111.385,-0.365915E-01
2.29126,111.414,0.652275E-01
2.29187,111.444,0.569199E-01
2.29248,111.474,0.132052
2.29309,111.503,0.189922
2.29370,111.533,0.181424E-01
2.29431,111.563,0.920970E-01
2.29492,111.592,-0.191083
2.29553,111.622,-0.166922
2.29614,111.652,0.672138E-01
2.29675,111.681,0.155665
2.29736,111.711,0.323273
2.29797,111.741,0.149891
2.29858,111.770,0.439537
2.29919,111.800,0.292067
2.29980,111.830,0.515420
2.30042,111.860,0.144539
2.30103,111.889,0.117986
2.30164,111.919,0.123352
2.30225,111.949,0.138355E-01
2.30286,111.978,0.193552
2.30347,112.008,0.235919
2.30408,112.038,0.168534
2.30469,112.067,0.217091
2.30530,112.097,0.464387
2.30591,112.127,0.105150
2.30652,112.156,0.612234E-01
2.30713,112.186,0.768422E-01
2.30774,112.216,0.463133E-01
2.30835,112.245,-0.133171
2.30896,112.275,-0.223300
2.30957,112.305,0.386485
2.31018,112.334,0.394105
2.31079,112.364,0.157245
2.31140,112.394,0.837986E-01
2.31201,112.423,0.200282E-01
2.31262,112.453,0.175651E-01
2.31323,112.483,0.228245
2.31384,112.512,-0.153116E-01
2.31445,112.542,-0.168051
2.31506,112.572,0.347660E-01
2.31567,112.601,0.165421E-01
2.31628,112.631,0.301589E-01
2.31689,112.661,0.832903E-01
2.31750,112.691,-0.940190E-01
2.31812,112.720,0.582319E-02
2.31873,112.750,-0.274488E-01
2.31934,112.780,0.412117E-01
2.31995,112.809,0.241519E-01
2.32056,112.839,0.765365E-01
2.32117,112.869,0.452292E-02
2.32178,112.898,0.568389E-02
2.32239,112.928,-0.513385E-01
2.32300,112.958,-0.314724E-01
2.32361,112.987,0.660489E-02
2.32422,113.017,0.357049E-01
2.32483,113.047,-0.296156E-01
2.32544,113.076,0.547570E-02
2.32605,113.106,0.956937E-01
2.32666,113.136,-0.917003E-02
2.32727,113.165,-0.633829E-01
2.32788,113.195,0.666917E-01
2.32849,113.225,-0.115106
2.32910,113.254,-0.305918E-01
2.32971,113.284,0.681586E-02
2.33032,113.314,0.103422E-02
2.33093,113.343,0.127226E-01
2.33154,113.373,0.494111E-01
2.33215,113.403,0.113592
2.33276,113.432,-0.126347
2.33337,113.462,-0.275119E-01
2.33398,113.492,-0.113165
2.33459,113.522,0.191033
2.33521,113.551,0.316916E-01
2.33582,113.581,-0.177477
2.33643,113.611,0.743366E-01
2.33704,113.640,-0.180278
2.33765,113.670,-0.124578
2.33826,113.700,-0.521460E-01
2.33887,113.729,-0.125953
2.33948,113.759,0.504110E-02
2.34009,113.789,-0.309614E-01
2.34070,113.818,-0.427943E-01
2.34131,113.848,-0.240752E-01
2.34192,113.878,-0.269853E-01
2.34253,113.907,-0.441148E-01
2.34314,113.937,-0.780591E-01
2.34375,113.967,-0.220040
2.34436,113.996,0.102813
2.34497,114.026,-0.989523E-01
2.34558,114.056,-0.351763E-01
2.34619,114.085,-0.662768E-01
2.34680,114.115,0.292068E-01
2.34741,114.145,-0.924604E-03
2.34802,114.174,-0.819557E-01
2.34863,114.204,-0.822833E-01
2.34924,114.234,-0.107269E-01
2.34985,114.263,-0.115256E-01
2.35046,114.293,0.828348E-01
2.35107,114.323,-0.280122E-01
2.35168,114.353,-0.628387E-01
2.35229,114.382,0.198009E-02
2.35291,114.412,-0.294118E-01
2.35352,114.442,0.369224E-01
2.35413,114.471,0.373963E-01
2.35474,114.501,0.876655E-02
2.35535,114.531,0.322626E-02
2.35596,114.560,0.636408E-01
2.35657,114.590,0.532007E-01
2.35718,114.620,0.147411E-03
2.35779,114.649,0.453080E-01
2.35840,114.679,0.461050E-01
2.35901,114.709,0.729032E-01
2.35962,114.738,-0.255660E-01
2.36023,114.768,-0.257973E-01
2.36084,114.798,0.353679E-02
2.36145,114.827,0.878673E-01
2.36206,114.857,-0.760583E-02
2.36267,114.887,-0.836840E-02
2.36328,114.916,0.153041E-01
2.36389,114.946,0.381389E-01
2.36450,114.976,-0.280493E-01
2.36511,115.005,0.854572E-01
2.36572,115.035,0.155345
2.36633,115.065,0.347593E-01
2.36694,115.095,0.772543E-01
2.36755,115.124,0.508008E-02
2.36816,115.154,0.337843E-01
2.36877,115.184,0.415827E-01
2.36938,115.213,0.898466E-02
2.37000,115.243,0.802278E-01
2.37061,115.273,0.452861E-01
2.37122,115.302,0.145840E-01
2.37183,115.332,0.153387E-01
2.37244,115.362,-0.780704E-01
2.37305,115.391,-0.202853E-01
2.37366,115.421,0.993710E-02
2.37427,115.451,0.908665E-01
2.37488,115.480,0.127056E-01
2.37549,115.510,0.345658E-01
2.37610,115.540,0.558903E-01
2.37671,115.569,0.538283E-01
2.37732,115.599,-0.583250E-01
2.37793,115.629,-0.142701E-01
2.37854,115.658,-0.154715
2.37915,115.688,-0.454272E-01
2.37976,115.718,-0.484897E-02
2.38037,115.747,-0.210286E-02
2.38098,115.777,-0.196244E-01
2.38159,115.807,-0.135310E-01
2.38220,115.836,0.305052E-03
2.38281,115.866,-0.506594E-01
2.38342,115.896,-0.215274E-02
2.38403,115.926,-0.222376E-01
2.38464,115.955,-0.110671
2.38525,115.985,0.415603E-01
2.38586,116.015,-0.889346E-03
2.38647,116.044,-0.286772E-02
2.38708,116.074,-0.411975E-02
2.38770,116.104,0.443586E-01
2.38831,116.133,0.187535E-01
2.38892,116.163,-0.119817E-01
2.38953,116.193,0.307613E-01
2.39014,116.222,0.220334E-01
2.39075,116.252,0.931214E-01
2.39136,116.282,-0.127488E-01
2.39197,116.311,-0.106591E-01
2.39258,116.341,-0.208909E-01
2.39319,116.371,-0.514603E-01
2.39380,116.400,0.262832E-01
2.39441,116.430,0.670814E-01
2.39502,116.460,-0.292720E-01
2.39563,116.489,-0.112085
2.39624,116.519,-0.376032E-01
2.39685,116.549,0.439162E-02
2.39746,116.578,0.951882E-01
2.39807,116.608,-0.129755
2.39868,116.638,-0.143786
2.39929,116.667,0.124872
2.39990,116.697,0.158439E-01
2.40051,116.727,0.343396E-01
2.40112,116.757,0.225776
2.40173,116.786,0.349260
2.40234,116.816,0.391357E-01
2.40295,116.846,0.179244
2.40356,116.875,0.116939
2.40417,116.905,0.156013
2.40479,116.935,0.328016E-01
2.40540,116.964,0.498474E-01
2.40601,116.994,0.122720E-01
2.40662,117.024,0.106053
2.40723,117.053,0.338137E-01
2.40784,117.083,0.354252E-02
2.40845,117.113,0.780670E-01
2.40906,117.142,0.423732E-01
2.40967,117.172,0.648779E-01
2.41028,117.202,-0.311385E-01
2.41089,117.231,-0.330574E-01
2.41150,117.261,0.952270E-01
2.41211,117.291,0.130513
2.41272,117.320,0.302545E-01
2.41333,117.350,0.734891E-01
2.41394,117.380,-0.391173E-01
2.41455,117.409,-0.121743
2.41516,117.439,-0.733795E-02
2.41577,117.469,-0.995273E-01
2.41638,117.498,0.251624E-03
2.41699,117.528,-0.446307E-02
2.41760,117.558,-0.380220E-01
2.41821,117.588,0.277516E-01
2.41882,117.617,0.562743E-01
2.41943,117.647,-0.343429E-01
2.42004,117.677,0.187366E-02
2.42065,117.706,-0.149778E-01
2.42126,117.736,-0.463618E-01
2.42188,117.766,-0.554344E-01
2.42249,117.795,0.187367E-01
2.42310,117.825,-0.323353E-01
2.42371,117.855,-0.181303E-02
2.42432,117.884,0.143747E-01
2.42493,117.914,0.258033E-02
2.42554,117.944,0.310259E-01
2.42615,117.973,-0.122142
2.42676,118.003,0.382474E-01
2.42737,118.033,-0.457319E-01
2.42798,118.062,-0.685439E-01
2.42859,118.092,-0.238474E-01
2.42920,118.122,-0.110979E-01
2.42981,118.151,-0.939646E-01
2.43042,118.181,-0.378936E-01
2.43103,118.211,-0.439033E-01
2.43164,118.240,-0.599793E-01
2.43225,118.270,-0.765466E-02
2.43286,118.300,0.410316E-02
2.43347,118.329,0.576223E-01
2.43408,118.359,-0.192926E-01
2.43469,118.389,-0.223561E-01
2.43530,118.419,0.314042E-01
2.43591,118.448,-0.321117E-02
2.43652,118.478,0.387290E-01
2.43713,118.508,0.805565E-01
2.43774,118.537,-0.153991E-02
2.43835,118.567,0.309508E-01
2.43896,118.597,0.423812E-02
2.43958,118.626,0.136862E-01
2.44019,118.656,0.420900E-01
2.44080,118.686,-0.301553E-01
2.44141,118.715,-0.261626E-01
2.44202,118.745,-0.194963
2.44263,118.775,-0.448700E-01
2.44324,118.804,-0.106210
2.44385,118.834,0.141917
2.44446,118.864,-0.190551E-01
2.44507,118.893,-0.799957E-01
2.44568,118.923,-0.125313
2.44629,118.953,-0.310782E-01
2.44690,118.982,-0.313522E-01
2.44751,119.012,-0.440911E-01
2.44812,119.042,-0.711666E-01
2.44873,119.071,-0.457651E-01
2.44934,119.101,-0.798421E-02
2.44995,119.131,-0.686048E-01
2.45056,119.161,-0.797310E-01
2.45117,119.190,-0.286115E-01
2.45178,119.220,0.105406E-01
2.45239,119.250,0.881726E-01
2.45300,119.279,-0.408759E-01
2.45361,119.309,0.795420E-02
2.45422,119.339,0.336657E-01
2.45483,119.368,0.862537E-01
2.45544,119.398,0.960355E-01
2.45605,119.428,0.605413E-02
2.45667,119.457,0.357235E-01
2.45728,119.487,0.649108E-01
2.45789,119.517,0.138455
2.45850,119.546,-0.598083E-01
2.45911,119.576,0.123392
2.45972,119.606,-0.172947E-01
2.46033,119.635,0.720343E-01
2.46094,119.665,0.113205
2.46155,119.695,-0.625643E-01
2.46216,119.724,0.789660E-01
2.46277,119.754,-0.725780E-01
2.46338,119.784,-0.574045E-01
2.46399,119.813,-0.564619E-01
2.46460,119.843,0.533862E-02
2.46521,119.873,0.492863E-01
2.46582,119.902,-0.249272E-01
2.46643,119.932,0.532662E-01
2.46704,119.962,0.652769E-02
2.46765,119.992,-0.256195E-01
2.46826,120.021,0.101687E-01
2.46887,120.051,-0.566553E-01
2.46948,120.081,0.425674E-03
2.47009,120.110,0.707902E-02
2.47070,120.140,0.492216E-03
2.47131,120.170,0.411288E-01
2.47192,120.199,-0.533200E-01
2.47253,120.229,0.582723E-01
2.47314,120.259,0.134345E-01
2.47375,120.288,0.461434E-01
2.47437,120.318,0.755720E-01
2.47498,120.348,0.951610E-01
2.47559,120.377,0.137437
2.47620,120.407,0.179251
2.47681,120.437,0.774850E-01
2.47742,120.466,0.171203
2.47803,120.496,0.157721
2.47864,120.526,0.791266E-02
2.47925,120.555,0.291479E-02
2.47986,120.585,0.182629
2.48047,120.615,0.377903E-01
2.48108,120.644,-0.220216E-02
2.48169,120.674,0.593648E-01
2.48230,120.704,0.111383
2.48291,120.733,-0.538688E-01
2.48352,120.763,0.722302E-01
2.48413,120.793,0.147503E-01
2.48474,120.823,-0.333787E-01
2.48535,120.852,-0.524029E-01
2.48596,120.882,-0.667869E-01
2.48657,120.912,0.120420E-01
2.48718,120.941,-0.288759E-01
2.48779,120.971,-0.222421E-01
2.48840,121.001,-0.709949E-01
2.48901,121.030,-0.427365E-01
2.48962,121.060,-0.161114
2.49023,121.090,-0.158041
2.49084,121.119,-0.910133E-01
2.49146,121.149,-0.263365E-01
2.49207,121.179,-0.177100
2.49268,121.208,-0.338920E-01
2.49329,121.238,-0.159662
2.49390,121.268,-0.939523E-01
2.49451,121.297,-0.101940
2.49512,121.327,-0.819051E-01
2.49573,121.357,-0.363948E-01
2.49634,121.386,0.213067E-02
2.49695,121.416,-0.179499E-01
2.49756,121.446,0.330416E-01
2.49817,121.475,0.171299E-01
2.49878,121.505,0.438568E-01
2.49939,121.535,0.176766
2.50000,121.564,0.144632
2.50061,121.594,0.227521E-01
2.50122,121.624,0.132272
2.50183,121.654,0.975504E-01
2.50244,121.683,0.148092
2.50305,121.713,0.459349E-01
2.50366,121.743,0.889066E-02
2.50427,121.772,0.167513E-01
2.50488,121.802,0.234631E-02
2.50549,121.832,-0.688467E-01
2.50610,121.861,-0.326839E-01
2.50671,121.891,0.672776E-01
2.50732,121.921,0.387271E-01
2.50793,121.950,-0.887105E-01
2.50854,121.980,-0.126701
2.50916,122.010,0.479897E-01
2.50977,122.039,-0.127171
2.51038,122.069,-0.331266E-02
2.51099,122.099,-0.131295
2.51160,122.128,-0.123473E-01
2.51221,122.158,-0.925785E-02
2.51282,122.188,0.575198E-01
2.51343,122.217,0.107915E-01
2.51404,122.247,0.106872E-01
2.51465,122.277,0.109047E-01
2.51526,122.306,0.125200
2.51587,122.336,0.103172E-01
2.51648,122.366,-0.575397E-01
2.51709,122.395,0.164185E-01
2.51770,122.425,0.345420E-01
2.51831,122.455,0.112639
2.51892,122.485,-0.144273E-01
2.51953,122.514,0.675140E-01
2.52014,122.544,0.105914E-01
2.52075,122.574,-0.125246
2.52136,122.603,0.137557E-01
2.52197,122.633,-0.100030E-01
2.52258,122.663,0.250242E-01
2.52319,122.692,0.613366E-01
2.52380,122.722,0.114036
2.52441,122.752,0.788917E-01
2.52502,122.781,-0.718679E-01
2.52563,122.811,0.165807
2.52625,122.841,0.205732E-01
2.52686,122.870,-0.272694E-01
2.52747,122.900,-0.179947E-02
2.52808,122.930,0.402522E-01
2.52869,122.959,0.281365E-01
2.52930,122.989,0.335353E-01
2.52991,123.019,0.106360
2.53052,123.048,0.721036E-01
2.53113,123.078,0.527244E-01
2.53174,123.108,-0.399211E-02
2.53235,123.137,-0.281566E-02
2.53296,123.167,0.258004E-01
2.53357,123.197,0.128642E-01
2.53418,123.227,0.135020E-01
2.53479,123.256,-0.222454E-01
2.53540,123.286,-0.115400E-01
2.53601,123.316,0.158451E-01
2.53662,123.345,-0.410768E-01
2.53723,123.375,0.157779E-01
2.53784,123.405,0.290502E-01
2.53845,123.434,-0.114268
2.53906,123.464,0.795600E-02
2.53967,123.494,0.128883
2.54028,123.523,0.148455
2.54089,123.553,0.424601E-01
2.54150,123.583,0.645012E-01
2.54211,123.612,0.222417
2.54272,123.642,-0.455755E-01
2.54333,123.672,0.164007
2.54395,123.701,-0.107140
2.54456,123.731,0.154063
2.54517,123.761,0.914985E-01
2.54578,123.790,0.554639E-01
2.54639,123.820,0.207677
2.54700,123.850,-0.245264
2.54761,123.879,0.190028
2.54822,123.909,0.289389E-01
2.54883,123.939,0.880260E-01
2.54944,123.968,0.193026
2.55005,123.998,0.226438E-01
2.55066,124.028,-0.347757E-02
2.55127,124.058,0.160813
2.55188,124.087,0.471864E-01
2.55249,124.117,0.300813
2.55310,124.147,0.142476
2.55371,124.176,0.120837
2.55432,124.206,0.134375
2.55493,124.236,0.183538
2.55554,124.265,0.597219E-01
2.55615,124.295,0.943530E-01
2.55676,124.325,0.319079E-02
2.55737,124.354,-0.607735E-01
2.55798,124.384,0.814542E-01
2.55859,124.414,0.111347
2.55920,124.443,0.225935E-01
2.55981,124.473,0.780182E-01
2.56042,124.503,0.131508
2.56104,124.532,0.950558E-01
2.56165,124.562,-0.645284E-01
2.56226,124.592,0.636752E-02
2.56287,124.621,0.204320E-01
2.56348,124.651,-0.657169E-02
2.56409,124.681,-0.133257E-02
2.56470,124.710,0.117637E-01
2.56531,124.740,-0.613574E-02
2.56592,124.770,0.176534
2.56653,124.799,0.382149E-01
2.56714,124.829,0.169720
2.56775,124.859,0.253422E-02
2.56836,124.889,0.130874
2.56897,124.918,0.924437E-02
2.56958,124.948,0.930382E-01
2.57019,124.978,0.104316
2.57080,125.007,-0.587145E-01
2.57141,125.037,0.704890E-01
2.57202,125.067,0.492850E-01
2.57263,125.096,0.665415E-01
2.57324,125.126,0.242159
2.57385,125.156,0.166184
2.57446,125.185,0.418312E-01
2.57507,125.215,0.244599
2.57568,125.245,0.284439E-01
2.57629,125.274,-0.871966E-01
2.57690,125.304,-0.119060
2.57751,125.334,-0.150768
2.57812,125.363,-0.117267
2.57874,125.393,-0.300355E-01
2.57935,125.423,0.905102E-01
2.57996,125.452,-0.204853E-01
2.58057,125.482,-0.657849E-01
2.58118,125.512,-0.236103E-01
2.58179,125.541,-0.118968
2.58240,125.571,-0.175777
2.58301,125.601,-0.114670
2.58362,125.630,-0.883429E-01
2.58423,125.660,0.550820E-01
2.58484,125.690,-0.767874E-01
2.58545,125.720,-0.130054E-01
2.58606,125.749,0.285741E-02
2.58667,125.779,-0.732281E-01
2.58728,125.809,0.119053
2.58789,125.838,-0.251998
2.58850,125.868,-0.155373
2.58911,125.898,-0.929283E-01
2.58972,125.927,-0.228952
2.59033,125.957,-0.657884E-01
2.59094,125.987,-0.147644
2.59155,126.016,-0.116769
2.59216,126.046,-0.259256
2.59277,126.076,-0.105458
2.59338,126.105,-0.253315E-01
2.59399,126.135,-0.140490
2.59460,126.165,0.458224E-02
2.59521,126.194,-0.819614E-01
2.59583,126.224,-0.110141
2.59644,126.254,-0.480508E-01
2.59705,126.283,-0.136062E-01
2.59766,126.313,0.580209E-01
2.59827,126.343,0.315845E-01
2.59888,126.372,-0.919143E-01
2.59949,126.402,0.259376E-01
2.60010,126.432,0.210294E-01
2.60071,126.461,0.659398E-01
2.60132,126.491,0.216722E-01
2.60193,126.521,0.426616E-01
2.60254,126.551,0.130866
2.60315,126.580,0.332377E-01
2.60376,126.610,0.295422
2.60437,126.640,0.168849
2.60498,126.669,0.861474E-01
2.60559,126.699,0.131947
2.60620,126.729,-0.114422
2.60681,126.758,0.456993
2.60742,126.788,0.255522
2.60803,126.818,-0.160153
2.60864,126.847,0.182551
2.60925,126.877,0.556153
2.60986,126.907,0.127817
2.61047,126.936,0.220261
2.61108,126.966,0.225897
2.61169,126.996,0.892351E-02
2.61230,127.025,0.482603E-01
2.61292,127.055,0.853476E-01
2.61353,127.085,0.131781
2.61414,127.114,-0.815784E-01
2.61475,127.144,0.129522
2.61536,127.174,0.117392
2.61597,127.203,-0.108963
2.61658,127.233,0.879886E-02
2.61719,127.263,0.503537
2.61780,127.293,0.193719
2.61841,127.322,0.979066E-02
2.61902,127.352,0.236340
2.61963,127.382,0.246448
2.62024,127.411,0.123756
2.62085,127.441,0.295934
2.62146,127.471,0.351049
2.62207,127.500,-0.270870E-01
2.62268,127.530,0.237341
2.62329,127.560,0.596136E-01
2.62390,127.589,0.221995
2.62451,127.619,0.217814
2.62512,127.649,0.160606
2.62573,127.678,0.217985
2.62634,127.708,0.798157E-01
2.62695,127.738,0.115271
2.62756,127.767,0.114216
2.62817,127.797,0.978123E-01
2.62878,127.827,0.125159
2.62939,127.856,0.949257E-01
2.63000,127.886,0.124218
2.63062,127.916,-0.625061E-01
2.63123,127.945,0.548212E-01
2.63184,127.975,0.254215E-01
2.63245,128.005,0.896530E-02
2.63306,128.034,0.257680E-01
2.63367,128.064,0.647879E-01
2.63428,128.094,0.126583
2.63489,128.124,-0.810720E-02
2.63550,128.153,0.367481E-01
2.63611,128.183,0.769890E-01
2.63672,128.213,0.271057
2.63733,128.242,0.135500
2.63794,128.272,-0.322265E-01
2.63855,128.302,-0.968661E-02
2.63916,128.331,-0.292234E-01
2.63977,128.361,-0.779148E-02
2.64038,128.391,-0.151106
2.64099,128.420,0.459668E-01
2.64160,128.450,0.865668E-01
2.64221,128.480,0.121093
2.64282,128.509,0.184310
2.64343,128.539,0.215488
2.64404,128.569,0.315252E-02
2.64465,128.598,-0.640559E-01
2.64526,128.628,0.356833E-01
2.64587,128.658,0.141179E-01
2.64648,128.687,0.840541E-01
2.64709,128.717,0.814963E-01
2.64771,128.747,-0.670891E-02
2.64832,128.776,-0.101755
2.64893,128.806,0.109333E-01
2.64954,128.836,-0.261620E-01
2.65015,128.865,0.834133E-02
2.65076,128.895,0.127080
2.65137,128.925,0.540270E-01
2.65198,128.955,-0.962333E-01
2.65259,128.984,0.902220E-01
2.65320,129.014,-0.775651E-01
2.65381,129.044,0.123911E-01
2.65442,129.073,-0.843298E-01
2.65503,129.103,0.443328E-01
2.65564,129.133,-0.117131
2.65625,129.162,-0.743335E-01
2.65686,129.192,0.157064
2.65747,129.222,-0.664509E-02
2.65808,129.251,-0.374987E-01
2.65869,129.281,-0.692449E-01
2.65930,129.311,-0.152013
2.65991,129.340,0.103519
2.66052,129.370,-0.525491E-01
2.66113,129.400,-0.115404
2.66174,129.429,0.551275E-01
2.66235,129.459,0.249299E-01
2.66296,129.489,-0.380411E-01
2.66357,129.518,-0.136011
2.66418,129.548,-0.289129
2.66479,129.578,-0.170920
2.66541,129.607,0.423166E-01
2.66602,129.637,0.553416E-01
2.66663,129.667,-0.366661E-01
2.66724,129.696,-0.542826E-01
2.66785,129.726,-0.127398
2.66846,129.756,-0.143166
2.66907,129.786,-0.793788E-01
2.66968,129.815,0.143109
2.67029,129.845,-0.307649E-01
2.67090,129.875,-0.437910E-01
2.67151,129.904,-0.407505E-01
2.67212,129.934,0.101697
2.67273,129.964,0.108653E-02
2.67334,129.993,0.116059
2.67395,130.023,0.371201E-01
2.67456,130.053,0.921367E-01
2.67517,130.082,0.780337E-02
2.67578,130.112,0.229530E-01
2.67639,130.142,0.111983
2.67700,130.171,0.318388
2.67761,130.201,0.151812
2.67822,130.231,0.192099
2.67883,130.260,0.774549E-01
2.67944,130.290,0.180554
2.68005,130.320,-0.252104E-01
2.68066,130.349,0.288299
2.68127,130.379,0.105269
2.68188,130.409,0.326803
2.68250,130.438,-0.781326E-01
2.68311,130.468,0.283643
2.68372,130.498,0.186235
2.68433,130.527,0.244801
2.68494,130.557,0.323485E-01
2.68555,130.587,0.814053E-01
2.68616,130.617,-0.203021E-01
2.68677,130.646,0.333459E-01
2.68738,130.676,0.223407
2.68799,130.706,-0.316157E-02
2.68860,130.735,0.173953
2.68921,130.765,0.290971
2.68982,130.795,0.180305
2.69043,130.824,0.349350E-01
2.69104,130.854,0.136931
2.69165,130.884,0.556181E-01
2.69226,130.913,0.285880E-01
2.69287,130.943,0.217077E-01
2.69348,130.973,-0.176709E-01
2.69409,131.002,0.144285E-01
2.69470,131.032,0.253084E-01
2.69531,131.062,0.503035E-01
2.69592,131.091,0.774650E-01
2.69653,131.121,-0.302122E-01
2.69714,131.151,0.136220E-01
2.69775,131.180,-0.319493
2.69836,131.210,-0.543828E-01
2.69897,131.240,-0.128795
2.69958,131.269,-0.562938E-01
2.70020,131.299,0.127223
2.70081,131.329,0.114684
2.70142,131.359,0.150463
2.70203,131.388,-0.595212E-01
2.70264,131.418,0.136923
2.70325,131.448,0.548185E-02
2.70386,131.477,-0.836488E-01
2.70447,131.507,0.380778E-01
2.70508,131.537,0.216479E-01
2.70569,131.566,-0.536961E-01
2.70630,131.596,-0.624995E-01
2.70691,131.626,0.175121E-01
2.70752,131.655,-0.128850
2.70813,131.685,-0.422917E-01
2.70874,131.715,0.116241E-01
2.70935,131.744,-0.324575
2.70996,131.774,-0.121477E-02
2.71057,131.804,-0.144236
2.71118,131.833,-0.422128
2.71179,131.863,-0.309148
2.71240,131.893,-0.270611E-01
2.71301,131.922,0.280920E-01
2.71362,131.952,-0.264182
2.71423,131.982,-0.517222
2.71484,132.011,-0.398303
2.71545,132.041,-0.284321
2.71606,132.071,-0.384956
2.71667,132.100,-0.551328
2.71729,132.130,-0.397968E-01
2.71790,132.160,-0.262964
2.71851,132.190,-0.453159E-01
2.71912,132.219,-0.175510
2.71973,132.249,-0.712750E-01
2.72034,132.279,-0.142170
2.72095,132.308,-0.349443E-02
2.72156,132.338,0.129159E-01
2.72217,132.368,-0.768103E-01
2.72278,132.397,-0.608499E-01
2.72339,132.427,-0.169984
2.72400,132.457,-0.606468E-01
2.72461,132.486,-0.126834
2.72522,132.516,0.500961E-01
2.72583,132.546,-0.696851E-01
2.72644,132.575,0.940517E-02
2.72705,132.605,-0.195855E-01
2.72766,132.635,0.479171E-02
2.72827,132.664,0.264774E-01
2.72888,132.694,-0.830341E-02
2.72949,132.724,-0.268993E-01
2.73010,132.753,0.846666E-02
2.73071,132.783,-0.263503E-01
2.73132,132.813,0.135758
2.73193,132.842,0.907344E-02
2.73254,132.872,0.181666E-01
2.73315,132.902,0.436018E-01
2.73376,132.931,-0.699238E-01
2.73438,132.961,0.149127E-01
2.73499,132.991,0.557822E-02
2.73560,133.021,0.560420E-01
2.73621,133.050,-0.660749E-01
2.73682,133.080,-0.116994E-02
2.73743,133.110,-0.228950E-01
2.73804,133.139,-0.755703E-01
2.73865,133.169,0.720499E-04
2.73926,133.199,0.252528E-01
2.73987,133.228,0.274436E-01
2.74048,133.258,0.263144E-01
2.74109,133.288,-0.234504E-01
2.74170,133.317,0.283745E-01
2.74231,133.347,-0.627305E-02
2.74292,133.377,0.142113E-01
2.74353,133.406,-0.547451E-02
2.74414,133.436,-0.313490E-01
2.74475,133.466,0.110695E-01
2.74536,133.495,-0.135618
2.74597,133.525,-0.223942
2.74658,133.555,-0.107341
2.74719,133.584,-0.995006E-01
2.74780,133.614,-0.153850
2.74841,133.644,-0.412582E-01
2.74902,133.673,-0.571975E-01
2.74963,133.703,0.876286E-01
2.75024,133.733,-0.266628
2.75085,133.762,-0.372840E-01
2.75146,133.792,0.183337E-02
2.75208,133.822,0.171076E-01
2.75269,133.852,-0.628365E-01
2.75330,133.881,0.491730E-01
2.75391,133.911,-0.113872E-02
2.75452,133.941,-0.325223E-01
2.75513,133.970,-0.114354
2.75574,134.000,-0.372113E-01
2.75635,134.030,-0.730531E-02
2.75696,134.059,0.235236E-01
2.75757,134.089,0.497523E-01
2.75818,134.119,0.712420E-01
2.75879,134.148,0.431176E-01
2.75940,134.178,0.291916E-01
2.76001,134.208,-0.891007E-01
2.76062,134.237,0.770986E-01
2.76123,134.267,0.311896E-01
2.76184,134.297,0.103803
2.76245,134.326,0.222563
2.76306,134.356,0.441630
2.76367,134.386,0.415596
2.76428,134.415,0.465979
2.76489,134.445,0.154454
2.76550,134.475,0.361383
2.76611,134.504,0.234450
2.76672,134.534,0.362301
2.76733,134.564,0.295967
2.76794,134.593,0.252871
2.76855,134.623,0.223333
2.76917,134.653,0.856502E-01
2.76978,134.683,0.324226
2.77039,134.712,0.270208
2.77100,134.742,0.592813E-01
2.77161,134.772,-0.351085E-02
2.77222,134.801,0.110646
2.77283,134.831,0.184933
2.77344,134.861,0.203749
2.77405,134.890,0.215904
2.77466,134.920,0.434681
2.77527,134.950,0.789203E-01
2.77588,134.979,0.176882
2.77649,135.009,0.116184
2.77710,135.039,0.530400
2.77771,135.068,0.914429E-01
2.77832,135.098,0.539233E-01
2.77893,135.128,0.573654E-01
2.77954,135.157,-0.107946E-01
2.78015,135.187,-0.262746
2.78076,135.217,-0.157194
2.78137,135.246,-0.212543
2.78198,135.276,-0.365056E-01
2.78259,135.306,-0.154657
2.78320,135.335,0.864994E-01
2.78381,135.365,-0.360330E-01
2.78442,135.395,0.470629E-01
2.78503,135.425,0.142150
2.78564,135.454,0.366437
2.78625,135.484,0.442606E-01
2.78687,135.514,0.719795E-01
2.78748,135.543,0.816375E-01
2.78809,135.573,0.615459E-01
2.78870,135.603,-0.232902
2.78931,135.632,0.134150
2.78992,135.662,0.168367
2.79053,135.692,0.941374E-01
2.79114,135.721,0.449055E-01
2.79175,135.751,-0.814815E-01
2.79236,135.781,0.783990E-01
2.79297,135.810,-0.542673E-01
2.79358,135.840,-0.159939E-02
2.79419,135.870,0.532260E-01
2.79480,135.899,-0.103008E-01
2.79541,135.929,0.355324E-01
2.79602,135.959,0.130163E-01
2.79663,135.988,0.254072E-02
2.79724,136.018,0.933863E-01
2.79785,136.048,0.868566E-01
2.79846,136.077,0.250253
2.79907,136.107,0.462139E-01
2.79968,136.137,0.161876
2.80029,136.166,0.137188
2.80090,136.196,-0.129756E-01
2.80151,136.226,0.135332E-01
2.80212,136.256,-0.346058E-01
2.80273,136.285,0.928574E-01
2.80334,136.315,0.123239
2.80396,136.345,0.144200E-01
2.80457,136.374,0.172905E-01
2.80518,136.404,0.450141E-01
2.80579,136.434,-0.461234E-01
2.80640,136.463,0.130228E-01
2.80701,136.493,-0.412997E-02
2.80762,136.523,-0.317140E-01
2.80823,136.552,-0.582810E-01
2.80884,136.582,0.476846E-01
2.80945,136.612,-0.192777E-01
2.81006,136.641,0.159739E-01
2.81067,136.671,0.564442E-01
2.81128,136.701,0.106952
2.81189,136.730,0.808264E-01
2.81250,136.760,0.590280E-01
2.81311,136.790,0.276187E-01
2.81372,136.819,0.180929
2.81433,136.849,-0.221850
2.81494,136.879,0.194295
2.81555,136.908,0.184953
2.81616,136.938,-0.482257E-01
2.81677,136.968,0.106951
2.81738,136.997,-0.108553
2.81799,137.027,-0.125789
2.81860,137.057,-0.249553E-01
2.81921,137.087,0.403742E-01
2.81982,137.116,0.163343E-01
2.82043,137.146,0.941880E-01
2.82104,137.176,0.187529
2.82166,137.205,0.155750
2.82227,137.235,0.136447
2.82288,137.265,0.213805
2.82349,137.294,0.105365
2.82410,137.324,0.810467E-03
2.82471,137.354,0.526276E-01
2.82532,137.383,0.274582E-01
2.82593,137.413,0.184690
2.82654,137.443,0.129559
2.82715,137.472,0.811453E-01
2.82776,137.502,0.743852E-01
2.82837,137.532,-0.213005E-01
2.82898,137.561,0.379116E-01
2.82959,137.591,0.676480E-01
2.83020,137.621,-0.256105E-01
2.83081,137.650,0.129511E-01
2.83142,137.680,-0.148182E-01
2.83203,137.710,0.143546E-01
2.83264,137.739,0.460576E-01
2.83325,137.769,0.270281E-01
2.83386,137.799,0.192015E-01
2.83447,137.828,-0.602295E-01
2.83508,137.858,0.381340E-01
2.83569,137.888,0.755465E-03
2.83630,137.918,0.250991E-01
2.83691,137.947,0.876673E-02
2.83752,137.977,0.433259E-02
2.83813,138.007,-0.525164E-01
2.83875,138.036,-0.431928E-02
2.83936,138.066,0.288331E-01
2.83997,138.096,-0.680208E-01
2.84058,138.125,-0.813200E-02
2.84119,138.155,0.209745E-01
2.84180,138.185,-0.137900E-01
2.84241,138.214,0.752162E-01
2.84302,138.244,-0.438680E-01
2.84363,138.274,0.563044E-01
2.84424,138.303,-0.869201E-02
2.84485,138.333,0.432793E-01
2.84546,138.363,0.106167
2.84607,138.392,0.641589E-01
2.84668,138.422,0.138996
2.84729,138.452,0.116682
2.84790,138.481,-0.104654E-01
2.84851,138.511,0.622035E-01
2.84912,138.541,-0.108143
2.84973,138.570,-0.493600E-01
2.85034,138.600,-0.434316E-01
2.85095,138.630,0.252296E-02
2.85156,138.659,-0.134095E-01
2.85217,138.689,-0.775076E-03
2.85278,138.719,-0.960777E-03
2.85339,138.749,0.258158E-01
2.85400,138.778,0.223871E-01
2.85461,138.808,0.166021E-01
2.85522,138.838,0.757041E-01
2.85583,138.867,0.769439E-02
2.85645,138.897,0.810358E-01
2.85706,138.927,-0.233222E-01
2.85767,138.956,0.244397E-01
2.85828,138.986,-0.595283E-01
2.85889,139.016,0.184036
2.85950,139.045,-0.190689E-01
2.86011,139.075,-0.134314
2.86072,139.105,0.115199
2.86133,139.134,-0.184325E-01
2.86194,139.164,0.317231E-01
2.86255,139.194,-0.181973E-01
2.86316,139.223,0.850885E-01
2.86377,139.253,0.248108E-01
2.86438,139.283,0.104732
2.86499,139.312,0.432794E-01
2.86560,139.342,0.790066E-01
2.86621,139.372,-0.381062E-01
2.86682,139.401,-0.926152E-01
2.86743,139.431,-0.196561
2.86804,139.461,0.140366
2.86865,139.491,-0.132545E-01
2.86926,139.520,-0.570245E-01
2.86987,139.550,-0.827659E-01
2.87048,139.580,0.457174E-01
2.87109,139.609,0.470107E-01
2.87170,139.639,-0.542156E-01
2.87231,139.669,-0.818478E-01
2.87292,139.698,-0.505243E-01
2.87354,139.728,0.422060E-01
2.87415,139.758,-0.184859E-02
2.87476,139.787,0.329804
2.87537,139.817,0.253217
2.87598,139.847,-0.113325
2.87659,139.876,0.266314E-01
2.87720,139.906,0.940707E-02
2.87781,139.936,0.163793E-01
2.87842,139.965,-0.182409E-01
2.87903,139.995,0.279933E-01
2.87964,140.025,-0.171199E-01
2.88025,140.054,0.106642
2.88086,140.084,0.490945E-01
2.88147,140.114,-0.170917E-01
2.88208,140.143,0.258545
2.88269,140.173,-0.320752E-01
2.88330,140.203,-0.126431E-01
2.88391,140.232,0.290141E-01
2.88452,140.262,0.153967
2.88513,140.292,-0.115146E-01
2.88574,140.322,0.745886E-01
2.88635,140.351,-0.252059E-01
2.88696,140.381,0.683776E-02
2.88757,140.411,-0.356466E-01
2.88818,140.440,-0.372586E-01
2.88879,140.470,-0.287672E-01
2.88940,140.500,0.919755E-02
2.89001,140.529,-0.123500E-02
2.89062,140.559,-0.432950E-01
2.89124,140.589,-0.189354E-01
2.89185,140.618,0.812786E-01
2.89246,140.648,-0.184754
2.89307,140.678,0.585085E-02
2.89368,140.707,-0.466728E-01
2.89429,140.737,-0.208998
2.89490,140.767,-0.213112
2.89551,140.796,0.145474
2.89612,140.826,0.179318
2.89673,140.856,-0.272545
2.89734,140.885,-0.160406
2.89795,140.915,-0.990876E-01
2.89856,140.945,-0.845995E-01
2.89917,140.974,-0.899021E-01
2.89978,141.004,-0.108310
2.90039,141.034,-0.233326
2.90100,141.063,-0.604629E-01
2.90161,141.093,0.649918E-01
2.90222,141.123,0.714355E-01
2.90283,141.153,-0.102453E-01
2.90344,141.182,0.188184
2.90405,141.212,0.109744
2.90466,141.242,0.209859
2.90527,141.271,0.176934
2.90588,141.301,0.212653
2.90649,141.331,0.293761
2.90710,141.360,0.207830
2.90771,141.390,0.364484
2.90833,141.420,0.187414
2.90894,141.449,0.252321
2.90955,141.479,-0.198080
2.91016,141.509,-0.196437E-01
2.91077,141.538,0.749782E-01
2.91138,141.568,-0.811868E-02
2.91199,141.598,0.682501E-01
2.91260,141.627,-0.999657E-02
2.91321,141.657,0.670011E-03
2.91382,141.687,0.151856
2.91443,141.716,0.248181
2.91504,141.746,0.135203
2.91565,141.776,0.211220
2.91626,141.805,0.320965
2.91687,141.835,0.383393
2.91748,141.865,0.419291
2.91809,141.894,0.238783
2.91870,141.924,0.253452
2.91931,141.954,0.433218
2.91992,141.984,0.129387
2.92053,142.013,0.342711
2.92114,142.043,0.103324
2.92175,142.073,0.106989
2.92236,142.102,0.498374E-01
2.92297,142.132,0.251296E-01
2.92358,142.162,0.268851E-01
2.92419,142.191,0.267742E-01
2.92480,142.221,0.377399E-02
2.92542,142.251,0.671237E-02
2.92603,142.280,0.321863E-01
2.92664,142.310,0.791421E-01
2.92725,142.340,0.155552E-01
2.92786,142.369,0.372721E-01
2.92847,142.399,0.540825E-01
2.92908,142.429,0.143757E-01
2.92969,142.458,-0.117421E-02
2.93030,142.488,0.837032E-02
2.93091,142.518,-0.947547E-02
2.93152,142.547,-0.321915E-01
2.93213,142.577,-0.273165E-01
2.93274,142.607,0.707176E-03
2.93335,142.636,-0.170128E-01
2.93396,142.666,-0.615147E-01
2.93457,142.696,-0.804985E-02
2.93518,142.725,-0.822206E-02
2.93579,142.755,-0.871002E-01
2.93640,142.785,-0.643114E-01
2.93701,142.815,-0.301206E-01
2.93762,142.844,0.198787E-01
2.93823,142.874,0.169932E-01
2.93884,142.904,0.238006E-01
2.93945,142.933,0.275802E-01
2.94006,142.963,-0.224312E-02
2.94067,142.993,0.191339E-01
2.94128,143.022,0.174138
2.94189,143.052,-0.675821E-01
2.94250,143.082,0.329439E-02
2.94312,143.111,-0.711276E-01
2.94373,143.141,0.111079
2.94434,143.171,0.504359
2.94495,143.200,0.497430
2.94556,143.230,0.336376
2.94617,143.260,0.249522
2.94678,143.289,-0.141410
2.94739,143.319,0.259202
2.94800,143.349,0.107826
2.94861,143.378,0.236705E-01
2.94922,143.408,0.116958
2.94983,143.438,0.264235
2.95044,143.467,0.214799
2.95105,143.497,0.795747E-01
2.95166,143.527,-0.512175E-02
2.95227,143.557,0.161879E-01
2.95288,143.586,-0.156082E-01
2.95349,143.616,-0.435568E-01
2.95410,143.646,0.311289E-01
2.95471,143.675,-0.279253E-01
2.95532,143.705,0.302659E-02
2.95593,143.735,0.104051
2.95654,143.764,0.635768E-01
2.95715,143.794,0.102461
2.95776,143.824,0.131166
2.95837,143.853,0.700005E-02
2.95898,143.883,-0.799399E-02
2.95959,143.913,0.129725E-01
2.96021,143.942,0.198625
2.96082,143.972,-0.215502E-01
2.96143,144.002,0.573889E-01
2.96204,144.031,0.289122E-01
2.96265,144.061,-0.159552E-01
2.96326,144.091,0.238295E-02
2.96387,144.120,-0.737822E-02
2.96448,144.150,0.463173E-01
2.96509,144.180,-0.453368E-01
2.96570,144.209,0.200593E-01
2.96631,144.239,0.264295E-01
2.96692,144.269,0.487090E-01
2.96753,144.298,0.776798E-01
2.96814,144.328,-0.869736E-02
2.96875,144.358,-0.404571E-01
2.96936,144.388,-0.346250E-01
2.96997,144.417,-0.126934E-01
2.97058,144.447,0.882931E-02
2.97119,144.477,0.928118E-02
2.97180,144.506,-0.318831E-01
2.97241,144.536,-0.430475E-02
2.97302,144.566,-0.370384E-01
2.97363,144.595,-0.303638E-01
2.97424,144.625,0.390454E-01
2.97485,144.655,0.184495
2.97546,144.684,-0.504216E-01
2.97607,144.714,-0.102192E-01
2.97668,144.744,-0.736593E-01
2.97729,144.773,0.528367E-03
2.97791,144.803,-0.537126E-02
2.97852,144.833,-0.455761E-01
2.97913,144.862,0.442004E-01
2.97974,144.892,-0.225730E-01
2.98035,144.922,0.615631E-01
2.98096,144.951,0.856372E-01
2.98157,144.981,0.392842E-01
2.98218,145.011,-0.254455E-01
2.98279,145.040,0.786134E-02
2.98340,145.070,-0.152040E-01
2.98401,145.100,-0.125605E-01
2.98462,145.129,0.619380E-01
2.98523,145.159,0.177408
2.98584,145.189,-0.398679E-01
2.98645,145.219,0.103493E-02
2.98706,145.248,-0.521212E-01
2.98767,145.278,-0.172756E-01
2.98828,145.308,0.397399E-02
2.98889,145.337,-0.392765E-02
2.98950,145.367,0.312007E-01
2.99011,145.397,-0.460072E-01
2.99072,145.426,-0.768935E-01
2.99133,145.456,0.411314E-01
2.99194,145.486,0.860507E-01
2.99255,145.515,0.640313E-01
2.99316,145.545,0.694832E-01
2.99377,145.575,0.158327
2.99438,145.604,0.227335
2.99500,145.634,0.198116
2.99561,145.664,0.136581
2.99622,145.693,0.313717
2.99683,145.723,0.837259E-01
2.99744,145.753,-0.165601E-01
2.99805,145.782,-0.178934
2.99866,145.812,-0.203846E-01
2.99927,145.842,-0.110567
2.99988,145.871,-0.525221E-01
3.00049,145.901,-0.508481E-03
3.00110,145.931,0.410122E-01
3.00171,145.960,-0.103029E-01
3.00232,145.990,-0.103558
3.00293,146.020,-0.558903E-01
3.00354,146.050,-0.528061E-01
3.00415,146.079,0.176935
3.00476,146.109,0.119965
3.00537,146.139,0.110861
3.00598,146.168,-0.951989E-01
3.00659,146.198,-0.617323E-01
3.00720,146.228,-0.135024
3.00781,146.257,0.408392E-01
3.00842,146.287,0.319269
3.00903,146.317,0.253655E-01
3.00964,146.346,-0.437461E-01
3.01025,146.376,0.106938
3.01086,146.406,0.172202
3.01147,146.435,0.125234
3.01208,146.465,0.844143E-01
3.01270,146.495,0.974115E-01
3.01331,146.524,0.241347E-03
3.01392,146.554,-0.490328E-01
3.01453,146.584,0.246219E-01
3.01514,146.613,0.822196E-02
3.01575,146.643,-0.591876E-01
3.01636,146.673,-0.535426E-01
3.01697,146.702,-0.145488E-01
3.01758,146.732,-0.144773E-01
3.01819,146.762,0.576256E-01
3.01880,146.791,0.493715E-01
3.01941,146.821,0.396071E-01
3.02002,146.851,0.379106E-01
3.02063,146.881,0.946189E-01
3.02124,146.910,-0.371028E-01
3.02185,146.940,0.627701E-02
3.02246,146.970,-0.385158E-01
3.02307,146.999,-0.133335
3.02368,147.029,-0.159099E-02
3.02429,147.059,-0.408240E-01
3.02490,147.088,-0.494994E-01
3.02551,147.118,-0.683756E-01
3.02612,147.148,-0.568648E-01
3.02673,147.177,0.447850E-02
3.02734,147.207,0.351693E-01
3.02795,147.237,-0.187531
3.02856,147.266,0.601052E-01
3.02917,147.296,0.254822E-01
3.02979,147.326,0.177524
3.03040,147.355,0.154390E-01
3.03101,147.385,0.144962
3.03162,147.415,0.113051
3.03223,147.444,0.192095
3.03284,147.474,0.926401E-01
3.03345,147.504,0.118828
3.03406,147.533,0.980567E-01
3.03467,147.563,0.689063E-01
3.03528,147.593,0.973210E-01
3.03589,147.623,0.711156E-01
3.03650,147.652,0.746235E-01
3.03711,147.682,0.462284E-01
3.03772,147.712,-0.111202E-01
3.03833,147.741,0.300902E-01
3.03894,147.771,-0.134339E-01
3.03955,147.801,-0.368137E-01
3.04016,147.830,-0.326061E-01
3.04077,147.860,0.172303
3.04138,147.890,-0.222789E-01
3.04199,147.919,0.251810E-01
3.04260,147.949,-0.199254E-01
3.04321,147.979,0.885582E-01
3.04382,148.008,0.151432E-01
3.04443,148.038,0.645858E-01
3.04504,148.068,-0.135123E-01
3.04565,148.097,-0.141006E-01
3.04626,148.127,0.397575E-01
3.04688,148.157,0.342457E-01
3.04749,148.186,0.710367E-01
3.04810,148.216,0.896930E-01
3.04871,148.246,-0.252738E-01
3.04932,148.275,0.872740E-01
3.04993,148.305,0.148269
3.05054,148.335,0.150412
3.05115,148.364,0.147886
3.05176,148.394,0.333155E-01
3.05237,148.424,0.407026E-01
3.05298,148.454,-0.152167E-02
3.05359,148.483,-0.151953E-01
3.05420,148.513,0.835728E-01
3.05481,148.543,-0.166701E-01
3.05542,148.572,-0.910960E-01
3.05603,148.602,0.301812E-01
3.05664,148.632,0.119900
3.05725,148.661,0.703045E-01
3.05786,148.691,0.248179E-01
3.05847,148.721,0.949756E-01
3.05908,148.750,0.117126E-01
3.05969,148.780,0.109734
3.06030,148.810,0.557893E-01
3.06091,148.839,0.172020
3.06152,148.869,0.124872E-01
3.06213,148.899,0.760738E-01
3.06274,148.928,0.119906
3.06335,148.958,0.400853E-01
3.06396,148.988,0.683673E-03
3.06458,149.017,0.417474E-01
3.06519,149.047,-0.296446E-01
3.06580,149.077,-0.861932E-01
3.06641,149.106,0.970526E-01
3.06702,149.136,0.126889
3.06763,149.166,-0.247742E-02
3.06824,149.195,0.110360
3.06885,149.225,0.102866
3.06946,149.255,0.407013E-03
3.07007,149.285,-0.268227E-01
3.07068,149.314,0.118369
3.07129,149.344,0.167155E-01
3.07190,149.374,0.102736
3.07251,149.403,0.682115E-01
3.07312,149.433,-0.222039
3.07373,149.463,0.420962E-01
3.07434,149.492,0.608115E-01
3.07495,149.522,0.113227
3.07556,149.552,0.763424E-01
3.07617,149.581,0.706033E-01
3.07678,149.611,0.398347E-01
3.07739,149.641,-0.516560E-02
3.07800,149.670,-0.380348E-01
3.07861,149.700,-0.366728E-01
3.07922,149.730,0.434160E-01
3.07983,149.759,0.311238E-01
3.08044,149.789,0.441062
3.08105,149.819,-0.959820E-01
3.08167,149.848,-0.135460
3.08228,149.878,0.165928
3.08289,149.908,0.197461
3.08350,149.937,0.369075E-01
3.08411,149.967,-0.258872
3.08472,149.997,0.674297E-01
3.08533,150.026,0.682212E-01
3.08594,150.056,-0.627267E-01
3.08655,150.086,-0.554180E-01
3.08716,150.116,-0.107909
3.08777,150.145,0.461863E-01
3.08838,150.175,-0.482973E-02
3.08899,150.205,-0.162041
3.08960,150.234,-0.790051E-01
3.09021,150.264,0.460755E-01
3.09082,150.294,0.478439E-02
3.09143,150.323,0.178317E-02
3.09204,150.353,-0.148489E-01
3.09265,150.383,0.611666E-01
3.09326,150.412,0.339410
3.09387,150.442,-0.278445E-01
3.09448,150.472,-0.232518E-02
3.09509,150.501,-0.533742E-01
3.09570,150.531,0.122281
3.09631,150.561,-0.447846E-01
3.09692,150.590,0.174102E-01
3.09753,150.620,-0.164963
3.09814,150.650,0.462379E-01
3.09875,150.679,-0.114512
3.09937,150.709,-0.492103E-01
3.09998,150.739,-0.443602E-01
3.10059,150.768,0.838676E-02
3.10120,150.798,-0.909851E-01
3.10181,150.828,-0.111872
3.10242,150.857,-0.187398
3.10303,150.887,0.172015
3.10364,150.917,-0.502698E-01
3.10425,150.947,0.198605E-01
3.10486,150.976,-0.114937E-01
3.10547,151.006,0.153479
3.10608,151.036,-0.712818E-01
3.10669,151.065,0.194291
3.10730,151.095,-0.819279E-01
3.10791,151.125,-0.834895E-02
3.10852,151.154,0.771809E-01
3.10913,151.184,-0.499985E-02
3.10974,151.214,0.321247E-02
3.11035,151.243,0.135408E-01
3.11096,151.273,0.235449E-01
3.11157,151.303,0.341180E-01
3.11218,151.332,0.171040E-01
3.11279,151.362,0.587359E-01
3.11340,151.392,-0.991142E-02
3.11401,151.421,-0.875116E-03
3.11462,151.451,0.106996E-01
3.11523,151.481,0.406829E-01
3.11584,151.510,0.163569E-01
3.11646,151.540,0.108519
3.11707,151.570,-0.550681E-02
3.11768,151.599,-0.448475E-01
3.11829,151.629,-0.139975E-01
3.11890,151.659,0.701925E-02
3.11951,151.689,0.503509E-01
3.12012,151.718,0.139243
3.12073,151.748,0.987595E-01
3.12134,151.778,-0.140214E-01
3.12195,151.807,0.960923E-01
3.12256,151.837,-0.160901E-01
3.12317,151.867,0.867065E-01
3.12378,151.896,-0.961807E-01
3.12439,151.926,-0.158612
3.12500,151.956,-0.110587
3.12561,151.985,-0.614640E-01
3.12622,152.015,0.571255E-01
3.12683,152.045,0.788207E-01
3.12744,152.074,0.569985E-03
3.12805,152.104,0.255340E-01
3.12866,152.134,0.677070E-01
3.12927,152.163,0.962539E-01
3.12988,152.193,0.187233
3.13049,152.223,0.381142E-01
3.13110,152.252,0.272560
3.13171,152.282,0.101893
3.13232,152.312,0.647988E-01
3.13293,152.341,0.123976
3.13354,152.371,0.512548E-01
3.13416,152.401,0.196013
3.13477,152.430,0.255246E-01
3.13538,152.460,0.367972E-01
3.13599,152.490,0.519610E-02
3.13660,152.520,0.355201E-01
3.13721,152.549,0.125008
3.13782,152.579,0.319236
3.13843,152.609,-0.733241E-01
3.13904,152.638,-0.211786
3.13965,152.668,-0.508783E-01
3.14026,152.698,-0.963067E-01
3.14087,152.727,0.558856E-01
3.14148,152.757,-0.272879E-02
3.14209,152.787,0.307522E-02
3.14270,152.816,0.513871E-01
3.14331,152.846,0.560156E-02
3.14392,152.876,0.376993E-02
3.14453,152.905,-0.379379E-01
3.14514,152.935,-0.340451E-01
3.14575,152.965,0.454871E-01
3.14636,152.994,0.145876E-01
3.14697,153.024,0.525720E-01
3.14758,153.054,-0.440849E-01
3.14819,153.083,-0.471338E-01
3.14880,153.113,-0.126760
3.14941,153.143,0.738154E-02
3.15002,153.172,-0.443560E-01
3.15063,153.202,0.133372E-01
3.15125,153.232,0.228638E-01
3.15186,153.261,0.147183E-01
3.15247,153.291,0.883863E-02
3.15308,153.321,0.589541E-01
3.15369,153.351,-0.171796E-01
3.15430,153.380,0.217881E-02
3.15491,153.410,-0.311843E-02
3.15552,153.440,0.151932E-01
3.15613,153.469,0.148470E-01
3.15674,153.499,0.139904E-01
3.15735,153.529,0.223854E-01
3.15796,153.558,0.245219E-01
3.15857,153.588,0.442554E-02
3.15918,153.618,0.651694E-01
3.15979,153.647,0.185979
3.16040,153.677,0.100119
3.16101,153.707,0.534800E-01
3.16162,153.736,0.188323
3.16223,153.766,0.275076
3.16284,153.796,0.180709
3.16345,153.825,-0.120029
3.16406,153.855,0.316666E-01
3.16467,153.885,-0.257569E-01
3.16528,153.914,0.398258E-01
3.16589,153.944,0.448060E-01
3.16650,153.974,0.352965
3.16711,154.003,-0.624389E-01
3.16772,154.033,-0.160329
3.16833,154.063,0.357471E-02
3.16895,154.092,-0.538999E-01
3.16956,154.122,0.474326E-01
3.17017,154.152,-0.347370E-02
3.17078,154.182,0.541245E-01
3.17139,154.211,0.750410E-01
3.17200,154.241,0.589279E-01
3.17261,154.271,0.985223E-01
3.17322,154.300,0.150557
3.17383,154.330,0.120153
3.17444,154.360,-0.607768E-01
3.17505,154.389,0.868893E-03
3.17566,154.419,-0.103006
3.17627,154.449,0.132784
3.17688,154.478,-0.295213
3.17749,154.508,-0.109177
3.17810,154.538,-0.245190E-01
3.17871,154.567,0.183798
3.17932,154.597,-0.814349E-02
3.17993,154.627,0.138357
3.18054,154.656,0.785718E-01
3.18115,154.686,-0.638772E-01
3.18176,154.716,-0.370977
3.18237,154.745,-0.346230E-01
3.18298,154.775,-0.401393E-02
3.18359,154.805,-0.266459
3.18420,154.834,-0.524381E-01
3.18481,154.864,-0.162429
3.18542,154.894,0.894717E-02
3.18604,154.923,0.179838E-01
3.18665,154.953,0.294407E-01
3.18726,154.983,-0.777034E-01
3.18787,155.013,0.843354E-01
3.18848,155.042,-0.324421E-01
3.18909,155.072,0.737431E-01
3.18970,155.102,0.480366E-02
3.19031,155.131,-0.417069E-01
3.19092,155.161,0.989349E-02
3.19153,155.191,0.222051E-03
3.19214,155.220,0.307824E-01
3.19275,155.250,-0.904116E-01
3.19336,155.280,0.775751E-01
3.19397,155.309,0.218928E-01
3.19458,155.339,-0.628674E-01
3.19519,155.369,-0.582193E-01
3.19580,155.398,0.264190E-01
3.19641,155.428,-0.195452E-02
3.19702,155.458,-0.684122E-01
3.19763,155.487,0.304698E-01
3.19824,155.517,-0.587750E-01
3.19885,155.547,-0.856135E-01
3.19946,155.576,0.875852E-01
3.20007,155.606,-0.100995
3.20068,155.636,0.953772E-01
3.20129,155.665,-0.324352E-01
3.20190,155.695,0.916323E-01
3.20251,155.725,-0.112816
3.20312,155.755,0.320326E-01
3.20374,155.784,0.200569E-01
3.20435,155.814,0.514719E-01
3.20496,155.844,-0.177089
3.20557,155.873,-0.869346E-01
3.20618,155.903,0.126593
3.20679,155.933,-0.470941E-01
3.20740,155.962,0.795481E-02
3.20801,155.992,0.698777E-02
3.20862,156.022,0.403456E-03
3.20923,156.051,-0.166798E-01
3.20984,156.081,-0.273955E-01
3.21045,156.111,-0.537103E-01
3.21106,156.140,0.499445E-01
3.21167,156.170,0.112668
3.21228,156.200,0.175176
3.21289,156.229,0.119974E-02
3.21350,156.259,0.766873E-01
3.21411,156.289,0.136053
3.21472,156.318,0.207252
3.21533,156.348,0.277599
3.21594,156.378,0.951980E-01
3.21655,156.407,0.420005
3.21716,156.437,0.429248
3.21777,156.467,0.518981
3.21838,156.496,0.440047
3.21899,156.526,0.564284E-01
3.21960,156.556,0.373225
3.22021,156.586,0.220407
3.22083,156.615,0.326413
3.22144,156.645,0.695104E-01
3.22205,156.675,-0.679514E-01
3.22266,156.704,0.184818E-01
3.22327,156.734,-0.471976E-01
3.22388,156.764,0.189380E-01
3.22449,156.793,-0.110955
3.22510,156.823,0.173666
3.22571,156.853,0.886361E-01
3.22632,156.882,0.180076
3.22693,156.912,0.274312E-01
3.22754,156.942,-0.962085E-03
3.22815,156.971,0.238794
3.22876,157.001,0.855923E-01
3.22937,157.031,0.182757
3.22998,157.060,-0.122369E-01
3.23059,157.090,0.197383
3.23120,157.120,0.532238E-01
3.23181,157.149,-0.864785E-01
3.23242,157.179,-0.805061E-02
3.23303,157.209,0.351399E-01
3.23364,157.238,0.135554
3.23425,157.268,0.136829
3.23486,157.298,0.138885E-01
3.23547,157.327,0.236203E-01
3.23608,157.357,0.306135E-01
3.23669,157.387,0.285740E-02
3.23730,157.417,-0.144325E-01
3.23792,157.446,-0.183041E-02
3.23853,157.476,-0.252048E-01
3.23914,157.506,-0.442395E-02
3.23975,157.535,-0.263798E-02
3.24036,157.565,-0.533416E-01
3.24097,157.595,0.112751
3.24158,157.624,0.945544E-01
3.24219,157.654,0.683855E-01
3.24280,157.684,-0.315436E-01
3.24341,157.713,0.104186
3.24402,157.743,0.496702E-01
3.24463,157.773,0.133700
3.24524,157.802,0.118455
3.24585,157.832,0.207582
3.24646,157.862,0.282214E-01
3.24707,157.891,0.244746
3.24768,157.921,0.343072E-02
3.24829,157.951,0.841399E-03
3.24890,157.980,0.199483E-01
3.24951,158.010,-0.329817E-01
3.25012,158.040,-0.380617E-01
3.25073,158.069,0.139464
3.25134,158.099,0.173999
3.25195,158.129,0.392209E-01
3.25256,158.158,-0.388852E-02
3.25317,158.188,-0.222495E-01
3.25378,158.218,-0.357480E-01
3.25439,158.248,-0.126168E-01
3.25500,158.277,-0.278746E-01
3.25562,158.307,-0.221627E-01
3.25623,158.337,0.109467E-01
3.25684,158.366,0.234783E-01
3.25745,158.396,0.119311E-01
3.25806,158.426,-0.164931E-01
3.25867,158.455,0.313272E-01
3.25928,158.485,-0.125286E-01
3.25989,158.515,0.713145E-01
3.26050,158.544,0.898641E-02
3.26111,158.574,-0.683690E-01
3.26172,158.604,-0.229505E-01
3.26233,158.633,-0.110397
3.26294,158.663,-0.727428E-01
3.26355,158.693,0.225756E-01
3.26416,158.722,0.177048
3.26477,158.752,-0.533397E-01
3.26538,158.782,0.398667
3.26599,158.811,0.209565
3.26660,158.841,0.435796
3.26721,158.871,0.384739
3.26782,158.900,0.241420
3.26843,158.930,0.164718
3.26904,158.960,0.922757E-01
3.26965,158.989,0.190367
3.27026,159.019,0.247216
3.27087,159.049,0.192345E-01
3.27148,159.079,0.210573
3.27209,159.108,0.188948
3.27271,159.138,0.159443
3.27332,159.168,0.150040
3.27393,159.197,0.968946E-01
3.27454,159.227,0.162075
3.27515,159.257,0.671189E-01
3.27576,159.286,-0.642337E-01
3.27637,159.316,-0.642253E-02
3.27698,159.346,0.527667E-01
3.27759,159.375,0.479384E-01
3.27820,159.405,0.198953E-01
3.27881,159.435,-0.334154E-02
3.27942,159.464,0.278981E-01
3.28003,159.494,0.856434E-02
3.28064,159.524,-0.114118E-01
3.28125,159.553,0.107627E-01
3.28186,159.583,0.149971E-02
3.28247,159.613,0.815198E-01
3.28308,159.642,0.154893E-01
3.28369,159.672,0.246416E-01
3.28430,159.702,0.637609E-02
3.28491,159.731,0.676059E-02
3.28552,159.761,-0.371732E-01
3.28613,159.791,0.932975E-02
3.28674,159.821,0.473108E-01
3.28735,159.850,0.615417E-03
3.28796,159.880,-0.716719E-02
3.28857,159.910,0.459793E-02
3.28918,159.939,0.771793E-02
3.28979,159.969,0.225902E-02
3.29041,159.999,0.941290E-02
3.29102,160.028,0.169828E-01
3.29163,160.058,0.106469
3.29224,160.088,-0.112758
3.29285,160.117,0.528029E-01
3.29346,160.147,-0.566905E-01
3.29407,160.177,-0.582258E-02
3.29468,160.206,-0.191534E-01
3.29529,160.236,0.223772E-01
3.29590,160.266,0.858143E-01
3.29651,160.295,-0.226101E-01
3.29712,160.325,0.182069E-01
3.29773,160.355,0.561012E-02
3.29834,160.384,-0.511398E-01
3.29895,160.414,0.109661
3.29956,160.444,0.353325E-01
3.30017,160.473,-0.400093E-01
3.30078,160.503,0.338529E-01
3.30139,160.533,0.107454
3.30200,160.562,0.159567E-01
3.30261,160.592,0.833250E-01
3.30322,160.622,0.131018
3.30383,160.652,0.964140E-01
3.30444,160.681,0.568415E-01
3.30505,160.711,0.318701E-01
3.30566,160.741,0.715290E-01
3.30627,160.770,0.172351
3.30688,160.800,0.805459E-01
3.30750,160.830,0.358951
3.30811,160.859,0.215722
3.30872,160.889,0.742275
3.30933,160.919,0.324334
3.30994,160.948,0.231766
3.31055,160.978,0.336980
3.31116,161.008,0.237651
3.31177,161.037,0.507742
3.31238,161.067,0.374298E-01
3.31299,161.097,0.409191
3.31360,161.126,0.874535E-01
3.31421,161.156,0.215098
3.31482,161.186,0.259471
3.31543,161.215,0.752107E-01
3.31604,161.245,-0.574644E-01
3.31665,161.275,0.225642E-01
3.31726,161.304,0.659247E-01
3.31787,161.334,0.349421E-01
3.31848,161.364,-0.484765E-01
3.31909,161.393,0.897944E-01
3.31970,161.423,0.722610E-01
3.32031,161.453,0.575200
3.32092,161.483,-0.335715E-02
3.32153,161.512,0.232224
3.32214,161.542,-0.822757E-01
3.32275,161.572,0.118398
3.32336,161.601,-0.195889
3.32397,161.631,0.167309
3.32458,161.661,-0.874940E-01
3.32520,161.690,0.212928
3.32581,161.720,0.175959
3.32642,161.750,0.115411E-01
3.32703,161.779,-0.214898
3.32764,161.809,0.174520E-01
3.32825,161.839,0.107927
3.32886,161.868,0.196156E-01
3.32947,161.898,-0.589182E-01
3.33008,161.928,-0.724324E-01
3.33069,161.957,0.100593
3.33130,161.987,-0.167898
3.33191,162.017,0.842684E-02
3.33252,162.046,-0.422524E-01
3.33313,162.076,-0.957711E-01
3.33374,162.106,0.500491E-01
3.33435,162.135,-0.854375E-01
3.33496,162.165,0.406515E-02
3.33557,162.195,0.368425E-01
3.33618,162.224,0.858163E-01
3.33679,162.254,0.222873E-01
3.33740,162.284,0.211642E-01
3.33801,162.314,0.161981E-01
3.33862,162.343,0.311760E-01
3.33923,162.373,-0.669361E-03
3.33984,162.403,0.241035E-01
3.34045,162.432,0.119388
3.34106,162.462,-0.142597E-01
3.34167,162.492,0.315695E-01
3.34229,162.521,-0.218870E-01
3.34290,162.551,-0.779993E-01
3.34351,162.581,0.830014E-02
3.34412,162.610,0.370202E-01
3.34473,162.640,0.112783
3.34534,162.670,-0.205265E-01
3.34595,162.699,0.190776
3.34656,162.729,-0.417456E-01
3.34717,162.759,0.190496
3.34778,162.788,0.110727
3.34839,162.818,-0.426222E-01
3.34900,162.848,0.219832
3.34961,162.877,0.443390
3.35022,162.907,0.175532
3.35083,162.937,0.775197E-01
3.35144,162.966,0.106674
3.35205,162.996,-0.970438E-01
3.35266,163.026,-0.180133E-01
3.35327,163.055,0.155744
3.35388,163.085,0.171396
3.35449,163.115,0.186561
3.35510,163.145,0.111412
3.35571,163.174,0.132007
3.35632,163.204,0.313647
3.35693,163.234,-0.505405E-01
3.35754,163.263,0.109376
3.35815,163.293,-0.995659E-01
3.35876,163.323,0.408815E-01
3.35938,163.352,-0.153543
3.35999,163.382,-0.921771E-01
3.36060,163.412,-0.535076E-02
3.36121,163.441,-0.837419E-01
3.36182,163.471,0.174847E-01
3.36243,163.501,-0.737470E-03
3.36304,163.530,-0.134715E-01
3.36365,163.560,0.466607E-02
3.36426,163.590,0.947759E-02
3.36487,163.619,0.159371E-01
3.36548,163.649,-0.294699E-01
3.36609,163.679,0.522429E-02
3.36670,163.708,0.153837E-01
3.36731,163.738,-0.173689E-01
3.36792,163.768,-0.406627E-01
3.36853,163.797,0.236014E-01
3.36914,163.827,-0.727498E-01
3.36975,163.857,0.195613E-01
3.37036,163.887,0.596778E-01
3.37097,163.916,-0.849688E-01
3.37158,163.946,-0.403468E-01
3.37219,163.976,0.110773
3.37280,164.005,0.691768E-01
3.37341,164.035,-0.503235E-01
3.37402,164.065,-0.667315E-01
3.37463,164.094,-0.839137E-01
3.37524,164.124,-0.119609E-01
3.37585,164.154,0.136125E-02
3.37646,164.183,-0.220608E-01
3.37708,164.213,-0.276914E-01
3.37769,164.243,0.180283E-01
3.37830,164.272,0.133247
3.37891,164.302,0.892561E-01
3.37952,164.332,0.102614
3.38013,164.361,0.108061
3.38074,164.391,0.327597E-01
3.38135,164.421,0.655911E-01
3.38196,164.450,0.978264E-01
3.38257,164.480,0.123905
3.38318,164.510,-0.267854E-01
3.38379,164.539,-0.177491
3.38440,164.569,-0.230591
3.38501,164.599,-0.181584E-01
3.38562,164.628,-0.778718E-01
3.38623,164.658,-0.224619
3.38684,164.688,0.825069E-01
3.38745,164.718,-0.977775E-01
3.38806,164.747,-0.368689E-01
3.38867,164.777,-0.218151E-01
3.38928,164.807,0.189393
3.38989,164.836,-0.655949E-01
3.39050,164.866,0.399543E-01
3.39111,164.896,-0.412961E-01
3.39172,164.925,0.294027
3.39233,164.955,0.219416
3.39294,164.985,0.242616
3.39355,165.014,0.180743
3.39417,165.044,0.173851
3.39478,165.074,-0.142221E-01
3.39539,165.103,-0.848525E-01
3.39600,165.133,0.107671
3.39661,165.163,-0.164728
3.39722,165.192,-0.998047E-01
3.39783,165.222,-0.186903
3.39844,165.252,-0.275873E-01
3.39905,165.281,-0.737168E-01
3.39966,165.311,-0.876581E-01
3.40027,165.341,-0.209585E-01
3.40088,165.370,0.752307E-01
3.40149,165.400,0.389998E-02
3.40210,165.430,-0.481264E-01
3.40271,165.459,-0.107648
3.40332,165.489,-0.265321E-01
3.40393,165.519,0.237071E-02
3.40454,165.549,0.407034E-01
3.40515,165.578,0.100939
3.40576,165.608,0.354211
3.40637,165.638,0.247618
3.40698,165.667,0.191150E-01
3.40759,165.697,0.276357
3.40820,165.727,0.262471
3.40881,165.756,0.359906E-01
3.40942,165.786,0.498573
3.41003,165.816,0.291231
3.41064,165.845,0.395520E-01
3.41125,165.875,0.471112E-01
3.41187,165.905,0.142896
3.41248,165.934,0.497205
3.41309,165.964,0.199981E-02
3.41370,165.994,0.239390
3.41431,166.023,0.946063E-01
3.41492,166.053,-0.816208E-01
3.41553,166.083,-0.131203
3.41614,166.112,0.708896E-01
3.41675,166.142,0.753139E-01
3.41736,166.172,0.162566
3.41797,166.201,-0.205410E-02
3.41858,166.231,-0.634173E-01
3.41919,166.261,0.715663E-01
3.41980,166.290,0.630965E-02
3.42041,166.320,-0.288447E-01
3.42102,166.350,0.216336E-02
3.42163,166.380,-0.228861E-01
3.42224,166.409,0.274531E-01
3.42285,166.439,-0.509410E-02
3.42346,166.469,0.462057E-01
3.42407,166.498,0.555642E-01
3.42468,166.528,-0.393199E-01
3.42529,166.558,-0.299578E-01
3.42590,166.587,-0.508835E-01
3.42651,166.617,0.903821E-01
3.42712,166.647,-0.558517E-01
3.42773,166.676,0.230421E-01
3.42834,166.706,0.698813E-02
3.42896,166.736,-0.162856
3.42957,166.765,-0.877828E-02
3.43018,166.795,0.827986E-01
3.43079,166.825,0.171578
3.43140,166.854,-0.529279E-01
3.43201,166.884,-0.799187E-01
3.43262,166.914,0.820697E-02
3.43323,166.943,-0.452868E-01
3.43384,166.973,-0.274479E-01
3.43445,167.003,0.463103E-01
3.43506,167.032,0.195997E-02
3.43567,167.062,-0.159204E-01
3.43628,167.092,0.308038E-01
3.43689,167.121,0.190560E-01
3.43750,167.151,-0.173873
3.43811,167.181,0.755971E-01
3.43872,167.211,0.359349E-01
3.43933,167.240,-0.348572E-01
3.43994,167.270,-0.115674
3.44055,167.300,-0.149559
3.44116,167.329,-0.460005E-01
3.44177,167.359,-0.257170
3.44238,167.389,-0.996699E-01
3.44299,167.418,-0.190028E-01
3.44360,167.448,0.557214E-01
3.44421,167.478,-0.329956E-02
3.44482,167.507,0.557675E-03
3.44543,167.537,0.109230
3.44604,167.567,0.699611E-01
3.44666,167.596,-0.138173
3.44727,167.626,0.466290
3.44788,167.656,-0.154911
3.44849,167.685,-0.190236
3.44910,167.715,-0.178316
3.44971,167.745,0.106312
3.45032,167.774,0.290236
3.45093,167.804,0.192370
3.45154,167.834,-0.578832E-02
3.45215,167.863,-0.592905E-01
3.45276,167.893,-0.242478
3.45337,167.923,-0.249825E-01
3.45398,167.953,-0.529653E-01
3.45459,167.982,0.386726E-01
3.45520,168.012,0.252618E-01
3.45581,168.042,-0.379490E-02
3.45642,168.071,0.229569E-02
3.45703,168.101,0.419443E-01
3.45764,168.131,-0.403811E-01
3.45825,168.160,-0.341704E-01
3.45886,168.190,-0.513898E-01
3.45947,168.220,-0.428639E-01
3.46008,168.249,-0.138634
3.46069,168.279,-0.488365E-01
3.46130,168.309,0.132750E-01
3.46191,168.338,0.238031
3.46252,168.368,0.522432E-01
3.46313,168.398,0.474770E-01
3.46375,168.427,-0.763980E-01
3.46436,168.457,0.299770
3.46497,168.487,0.847332E-01
3.46558,168.516,0.282328
3.46619,168.546,0.818356E-01
3.46680,168.576,-0.506578E-01
3.46741,168.605,0.212273
3.46802,168.635,0.186872
3.46863,168.665,0.175485
3.46924,168.694,0.235157
3.46985,168.724,0.442268
3.47046,168.754,0.411211
3.47107,168.784,0.362192
3.47168,168.813,-0.391827E-01
3.47229,168.843,0.231777
3.47290,168.873,0.454838E-01
3.47351,168.902,0.223233
3.47412,168.932,0.514370E-01
3.47473,168.962,0.413362
3.47534,168.991,0.214442
3.47595,169.021,0.215988
3.47656,169.051,0.758157E-01
3.47717,169.080,-0.511411E-01
3.47778,169.110,0.679851E-01
3.47839,169.140,0.105434
3.47900,169.169,-0.159311E-02
3.47961,169.199,-0.751892E-01
3.48022,169.229,0.345301E-02
3.48083,169.258,-0.631325E-01
3.48145,169.288,0.925776E-01
3.48206,169.318,0.330523E-02
3.48267,169.347,0.558414E-01
3.48328,169.377,0.248582E-01
3.48389,169.407,0.133586
3.48450,169.436,0.340372E-01
3.48511,169.466,-0.393495E-01
3.48572,169.496,0.836896E-01
3.48633,169.525,-0.107996
3.48694,169.555,-0.167170
3.48755,169.585,-0.222156
3.48816,169.615,0.165129
3.48877,169.644,0.381054E-01
3.48938,169.674,0.271668
3.48999,169.704,-0.287979
3.49060,169.733,0.961964E-01
3.49121,169.763,-0.215503
3.49182,169.793,0.206985
3.49243,169.822,0.695472E-01
3.49304,169.852,0.643871E-01
3.49365,169.882,-0.897777E-01
3.49426,169.911,0.224013E-01
3.49487,169.941,0.376487
3.49548,169.971,0.368983E-01
3.49609,170.000,0.342494
3.49670,170.030,0.395434
3.49731,170.060,-0.162145
3.49792,170.089,-0.113929E-01
3.49854,170.119,0.534058E-01
3.49915,170.149,-0.551594E-01
3.49976,170.178,0.138270E-01
3.50037,170.208,-0.151386E-01
3.50098,170.238,-0.258172E-02
3.50159,170.267,-0.218481E-02
3.50220,170.297,0.456709E-02
3.50281,170.327,0.877177E-01
3.50342,170.356,0.496619E-02
3.50403,170.386,-0.187203
3.50464,170.416,-0.634320E-01
3.50525,170.446,0.412561E-01
3.50586,170.475,0.392484E-01
3.50647,170.505,0.129883
3.50708,170.535,-0.309695E-01
3.50769,170.564,0.330489E-01
3.50830,170.594,-0.101967
3.50891,170.624,0.188391E-01
3.50952,170.653,0.319890E-02
3.51013,170.683,0.216973E-01
3.51074,170.713,0.121264E-01
3.51135,170.742,-0.273064E-01
3.51196,170.772,-0.111112E-02
3.51257,170.802,-0.409182E-01
3.51318,170.831,-0.621103E-01
3.51379,170.861,-0.127807
3.51440,170.891,0.257213E-01
3.51501,170.920,0.408506E-01
3.51562,170.950,0.261924E-01
3.51624,170.980,0.419123E-01
3.51685,171.009,0.133251E-01
3.51746,171.039,0.120784
3.51807,171.069,0.140508
3.51868,171.098,0.253942
3.51929,171.128,0.259966
3.51990,171.158,0.217855
3.52051,171.187,0.166161E-01
3.52112,171.217,0.850033E-01
3.52173,171.247,0.154812
3.52234,171.277,0.232988
3.52295,171.306,0.204846
3.52356,171.336,0.168028E-01
3.52417,171.366,0.893475E-01
3.52478,171.395,0.206729E-01
3.52539,171.425,-0.380079E-01
3.52600,171.455,-0.104896
3.52661,171.484,0.158868
3.52722,171.514,0.179218
3.52783,171.544,0.230770
3.52844,171.573,0.550992E-01
3.52905,171.603,-0.206901E-01
3.52966,171.633,-0.118966
3.53027,171.662,0.236990E-03
3.53088,171.692,-0.167700
3.53149,171.722,-0.209723E-01
3.53210,171.751,-0.386069E-01
3.53271,171.781,-0.264664E-01
3.53333,171.811,0.291566E-02
3.53394,171.840,-0.821320E-01
3.53455,171.870,0.151232E-01
3.53516,171.900,-0.291739
3.53577,171.929,0.217688E-01
3.53638,171.959,0.373347E-01
3.53699,171.989,0.126431
3.53760,172.019,0.229390E-01
3.53821,172.048,-0.478297E-01
3.53882,172.078,-0.964190E-01
3.53943,172.108,0.655344E-01
3.54004,172.137,-0.267714E-01
3.54065,172.167,-0.280328E-02
3.54126,172.197,0.498557E-02
3.54187,172.226,-0.136789E-01
3.54248,172.256,0.324531E-01
3.54309,172.286,0.118563
3.54370,172.315,0.160372E-01
3.54431,172.345,0.421072E-01
3.54492,172.375,0.724962E-02
3.54553,172.404,-0.163946E-01
3.54614,172.434,0.674563E-01
3.54675,172.464,0.337110E-01
3.54736,172.493,0.785675E-01
3.54797,172.523,-0.617116E-02
3.54858,172.553,0.159221
3.54919,172.582,0.141180
3.54980,172.612,0.114920
3.55042,172.642,0.142052
3.55103,172.671,0.544467E-01
3.55164,172.701,0.220891E-01
3.55225,172.731,-0.700965E-02
3.55286,172.760,-0.686776E-01
3.55347,172.790,-0.769957E-01
3.55408,172.820,-0.388202E-02
3.55469,172.850,0.128659E-01
3.55530,172.879,-0.107132
3.55591,172.909,-0.875621E-01
3.55652,172.939,-0.161566
3.55713,172.968,0.190978
3.55774,172.998,-0.538784E-02
3.55835,173.028,0.385924E-01
3.55896,173.057,-0.163864
3.55957,173.087,-0.588011E-01
3.56018,173.117,-0.149323
3.56079,173.146,-0.129832
3.56140,173.176,0.741109E-04
3.56201,173.206,0.356878E-02
3.56262,173.235,-0.288962E-02
3.56323,173.265,0.176948E-01
3.56384,173.295,0.104088
3.56445,173.324,-0.499114E-01
3.56506,173.354,0.115965
3.56567,173.384,-0.140700
3.56628,173.413,-0.541231E-02
3.56689,173.443,0.263671E-01
3.56750,173.473,0.114971
3.56812,173.502,-0.472332E-01
3.56873,173.532,-0.198822
3.56934,173.562,-0.253014
3.56995,173.591,0.979622E-01
3.57056,173.621,-0.378090
3.57117,173.651,-0.613726E-01
3.57178,173.681,-0.329775E-03
3.57239,173.710,-0.287447E-01
3.57300,173.740,-0.471763
3.57361,173.770,-0.234074E-01
3.57422,173.799,-0.180376
3.57483,173.829,0.143733E-01
3.57544,173.859,-0.365942E-01
3.57605,173.888,-0.148916E-01
3.57666,173.918,-0.132870
3.57727,173.948,-0.116054
3.57788,173.977,0.753500E-01
3.57849,174.007,-0.323400
3.57910,174.037,0.975769E-01
3.57971,174.066,-0.175593
3.58032,174.096,0.170605
3.58093,174.126,-0.163970
3.58154,174.155,0.112198
3.58215,174.185,-0.739893E-01
3.58276,174.215,0.248778
3.58337,174.244,0.954845E-01
3.58398,174.274,-0.273995
3.58459,174.304,-0.213395E-01
3.58521,174.333,-0.337065
3.58582,174.363,0.251076E-02
3.58643,174.393,0.883035E-01
3.58704,174.422,-0.255802
3.58765,174.452,0.112368
3.58826,174.482,-0.280179E-01
3.58887,174.512,-0.110942
3.58948,174.541,0.122004
3.59009,174.571,-0.132973
3.59070,174.601,-0.666427E-02
3.59131,174.630,-0.377804
3.59192,174.660,-0.284907
3.59253,174.690,-0.902494E-01
3.59314,174.719,-0.569993E-01
3.59375,174.749,-0.813456E-01
3.59436,174.779,0.105518E-01
3.59497,174.808,-0.156881E-01
3.59558,174.838,0.274294E-01
3.59619,174.868,-0.997390E-01
3.59680,174.897,0.136186
3.59741,174.927,0.156234
3.59802,174.957,0.180370
3.59863,174.986,0.303257
3.59924,175.016,0.151539
3.59985,175.046,0.129441
3.60046,175.075,-0.206063E-01
3.60107,175.105,-0.177338E-01
3.60168,175.135,0.613101E-01
3.60229,175.164,0.130943
3.60291,175.194,0.291023
3.60352,175.224,-0.295024E-01
3.60413,175.253,0.813473E-01
3.60474,175.283,-0.150412
3.60535,175.313,-0.149596
3.60596,175.343,-0.569653E-02
3.60657,175.372,0.173341
3.60718,175.402,0.424746E-01
3.60779,175.432,0.397861E-01
3.60840,175.461,0.179814E-01
3.60901,175.491,-0.531147E-02
3.60962,175.521,0.210781
3.61023,175.550,-0.213790E-01
3.61084,175.580,0.158568
3.61145,175.610,-0.758275E-01
3.61206,175.639,0.121382
3.61267,175.669,0.250583
3.61328,175.699,0.944899E-01
3.61389,175.728,0.389855
3.61450,175.758,0.199128
3.61511,175.788,0.241253
3.61572,175.817,0.533207E-01
3.61633,175.847,0.227091
3.61694,175.877,0.228824
3.61755,175.906,0.215565
3.61816,175.936,0.715007E-01
3.61877,175.966,-0.230879E-01
3.61938,175.995,0.916130E-01
3.62000,176.025,0.134552
3.62061,176.055,0.423994E-01
3.62122,176.085,0.118171
3.62183,176.114,0.129635
3.62244,176.144,0.665676E-01
3.62305,176.174,-0.158619E-01
3.62366,176.203,0.108874
3.62427,176.233,0.311968E-01
3.62488,176.263,-0.107202E-01
3.62549,176.292,0.202990
3.62610,176.322,0.146215
3.62671,176.352,0.226434
3.62732,176.381,-0.801225E-01
3.62793,176.411,0.250487
3.62854,176.441,0.442325E-01
3.62915,176.470,0.280227E-01
3.62976,176.500,0.264543
3.63037,176.530,-0.211037E-01
3.63098,176.559,0.191470
3.63159,176.589,0.376685E-01
3.63220,176.619,-0.365240E-01
3.63281,176.648,-0.726998E-01
3.63342,176.678,-0.398522E-01
3.63403,176.708,-0.446363E-01
3.63464,176.737,-0.333668E-02
3.63525,176.767,0.437087E-02
3.63586,176.797,-0.132913E-02
3.63647,176.826,0.673190E-01
3.63708,176.856,0.154913
3.63770,176.886,0.769098E-01
3.63831,176.916,0.317092E-01
3.63892,176.945,-0.309783E-01
3.63953,176.975,0.224108E-01
3.64014,177.005,-0.194802
3.64075,177.034,0.586968E-01
3.64136,177.064,0.117575
3.64197,177.094,-0.472259E-02
3.64258,177.123,0.122081
3.64319,177.153,0.420611E-01
3.64380,177.183,0.129843
3.64441,177.212,0.548925E-02
3.64502,177.242,0.509143E-03
3.64563,177.272,0.172029
3.64624,177.301,-0.124314E-01
3.64685,177.331,-0.171129E-01
3.64746,177.361,-0.397366E-01
3.64807,177.390,-0.428176E-01
3.64868,177.420,0.811730E-02
3.64929,177.450,-0.105160
3.64990,177.479,-0.240951E-01
3.65051,177.509,-0.854895E-01
3.65112,177.539,0.393817E-01
3.65173,177.568,-0.247739E-01
3.65234,177.598,0.734900E-01
3.65295,177.628,0.113433
3.65356,177.657,-0.703839E-01
3.65417,177.687,-0.123407
3.65479,177.717,-0.203182
3.65540,177.747,-0.175226E-01
3.65601,177.776,0.232077E-01
3.65662,177.806,-0.161905
3.65723,177.836,0.205412
3.65784,177.865,0.661027E-01
3.65845,177.895,0.164755
3.65906,177.925,0.252450
3.65967,177.954,0.778605E-01
3.66028,177.984,0.201753
3.66089,178.014,-0.106374
3.66150,178.043,-0.150234
3.66211,178.073,-0.495208E-01
3.66272,178.103,-0.341988
3.66333,178.132,-0.151998
3.66394,178.162,-0.204042
3.66455,178.192,0.108311
3.66516,178.221,0.251541E-01
3.66577,178.251,-0.846528E-01
3.66638,178.281,-0.138047
3.66699,178.310,-0.176473
3.66760,178.340,0.110437E-01
3.66821,178.370,0.898127E-01
3.66882,178.399,0.159298E-01
3.66943,178.429,-0.333758E-01
3.67004,178.459,-0.129921E-01
3.67065,178.488,0.262561E-01
3.67126,178.518,-0.191282E-01
3.67188,178.548,0.780895E-01
3.67249,178.578,0.150146E-01
3.67310,178.607,-0.392129E-01
3.67371,178.637,0.182369
3.67432,178.667,0.446867E-01
3.67493,178.696,0.258911E-02
3.67554,178.726,-0.120564
3.67615,178.756,0.508832E-01
3.67676,178.785,-0.102498
3.67737,178.815,-0.398715
3.67798,178.845,0.203460E-02
3.67859,178.874,-0.111466
3.67920,178.904,-0.241504
3.67981,178.934,-0.132865
3.68042,178.963,0.137573E-01
3.68103,178.993,-0.208606
3.68164,179.023,0.129983
3.68225,179.052,-0.139948
3.68286,179.082,0.347209E-02
3.68347,179.112,-0.122623
3.68408,179.141,-0.669989E-01
3.68469,179.171,-0.164012
3.68530,179.201,-0.175003
3.68591,179.230,-0.540653E-01
3.68652,179.260,0.119998
3.68713,179.290,-0.317842E-01
3.68774,179.319,-0.810117E-02
3.68835,179.349,0.546658E-01
3.68896,179.379,-0.191541E-01
3.68958,179.409,-0.154357
3.69019,179.438,-0.108132
3.69080,179.468,0.685997E-02
3.69141,179.498,-0.184768E-01
3.69202,179.527,0.333796E-01
3.69263,179.557,-0.624094E-02
3.69324,179.587,-0.653345E-01
3.69385,179.616,-0.214879E-01
3.69446,179.646,0.138239E-01
3.69507,179.676,0.108020
3.69568,179.705,0.166690
3.69629,179.735,0.946378E-01
3.69690,179.765,-0.107300
3.69751,179.794,0.449914E-01
3.69812,179.824,-0.100896E-01
3.69873,179.854,0.143169
3.69934,179.883,0.873308E-01
3.69995,179.913,0.685554E-01
3.70056,179.943,-0.273200E-01
3.70117,179.972,0.907632E-01
3.70178,180.002,0.274237E-01
3.70239,180.032,0.191965E-01
3.70300,180.061,0.172948E-01
3.70361,180.091,0.307693E-01
3.70422,180.121,0.112523
3.70483,180.151,0.111683E-01
3.70544,180.180,0.975727E-01
3.70605,180.210,0.100349
3.70667,180.240,0.215262E-01
3.70728,180.269,0.440929E-01
3.70789,180.299,0.221064
3.70850,180.329,-0.771571E-01
3.70911,180.358,0.182623
3.70972,180.388,0.231773
3.71033,180.418,0.392090E-01
3.71094,180.447,0.105966
3.71155,180.477,0.375202E-01
3.71216,180.507,0.460188E-01
3.71277,180.536,-0.767128E-02
3.71338,180.566,-0.310759E-02
3.71399,180.596,0.156189E-02
3.71460,180.625,-0.404238E-01
3.71521,180.655,-0.559009E-01
3.71582,180.685,0.194010E-01
3.71643,180.714,-0.870970E-01
3.71704,180.744,0.518603E-01
3.71765,180.774,-0.140251
3.71826,180.803,-0.666473E-01
3.71887,180.833,-0.334915E-01
3.71948,180.863,-0.362989
3.72009,180.892,-0.590281E-01
3.72070,180.922,-0.122172
3.72131,180.952,-0.358200E-01
3.72192,180.982,0.822465E-01
3.72253,181.011,0.646473E-02
3.72314,181.041,-0.663447E-03
3.72375,181.071,-0.199807E-01
3.72437,181.100,-0.605075E-01
3.72498,181.130,-0.379602E-01
3.72559,181.160,-0.689707E-01
3.72620,181.189,-0.112538E-01
3.72681,181.219,-0.167674
3.72742,181.249,-0.437044E-01
3.72803,181.278,-0.116868
3.72864,181.308,-0.114362
3.72925,181.338,-0.649859E-01
3.72986,181.367,-0.339175E-01
3.73047,181.397,-0.559962E-01
3.73108,181.427,0.101288
3.73169,181.456,0.887365E-01
3.73230,181.486,0.577975E-01
3.73291,181.516,0.223901E-02
3.73352,181.545,-0.267071E-01
3.73413,181.575,-0.477260E-02
3.73474,181.605,0.121920
3.73535,181.634,-0.174826E-02
3.73596,181.664,0.680841E-01
3.73657,181.694,0.300127
3.73718,181.723,0.120504
3.73779,181.753,-0.138060
3.73840,181.783,0.800030E-01
3.73901,181.813,0.121493
3.73962,181.842,0.195264
3.74023,181.872,-0.231047
3.74084,181.902,0.221424
3.74146,181.931,0.289371
3.74207,181.961,0.423907
3.74268,181.991,-0.914948E-01
3.74329,182.020,0.165613
3.74390,182.050,0.237406
3.74451,182.080,0.570269E-01
3.74512,182.109,0.294185E-01
3.74573,182.139,0.154320
3.74634,182.169,0.796418E-01
3.74695,182.198,0.161773
3.74756,182.228,-0.322983E-01
3.74817,182.258,-0.122217E-01
3.74878,182.287,0.437488E-01
3.74939,182.317,0.111758
3.75000,182.347,0.270382E-01
3.75061,182.376,0.165904
3.75122,182.406,-0.212603E-03
3.75183,182.436,0.723467E-01
3.75244,182.465,0.294768
3.75305,182.495,0.380999E-01
3.75366,182.525,-0.242176E-01
3.75427,182.554,0.156360
3.75488,182.584,0.750144E-02
3.75549,182.614,0.933074E-01
3.75610,182.644,0.395830E-01
3.75671,182.673,0.679950E-01
3.75732,182.703,-0.122520
3.75793,182.733,-0.563430E-01
3.75854,182.762,-0.104683
3.75916,182.792,-0.860560E-01
3.75977,182.822,0.121572E-01
3.76038,182.851,-0.310766E-01
3.76099,182.881,-0.260794E-01
3.76160,182.911,-0.390456E-01
3.76221,182.940,-0.233588E-01
3.76282,182.970,0.762801E-01
3.76343,183.000,0.109971
3.76404,183.029,0.338606E-02
3.76465,183.059,-0.436468E-01
3.76526,183.089,-0.361512E-01
3.76587,183.118,-0.288447E-01
3.76648,183.148,-0.459694E-01
3.76709,183.178,-0.782058E-01
3.76770,183.207,-0.657759E-01
3.76831,183.237,-0.410630E-03
3.76892,183.267,0.168584E-01
3.76953,183.296,-0.168459E-01
3.77014,183.326,0.120381
3.77075,183.356,0.742748E-01
3.77136,183.385,0.130072
3.77197,183.415,0.163612
3.77258,183.445,-0.507126E-02
3.77319,183.475,-0.213703E-01
3.77380,183.504,0.377747E-01
3.77441,183.534,-0.360518E-01
3.77502,183.564,-0.430456E-01
3.77563,183.593,-0.325367E-01
3.77625,183.623,-0.113219
3.77686,183.653,-0.217864
3.77747,183.682,-0.118836
3.77808,183.712,-0.117051E-01
3.77869,183.742,-0.913269E-02
3.77930,183.771,0.483080E-01
3.77991,183.801,-0.186471E-01
3.78052,183.831,-0.716239E-01
3.78113,183.860,-0.155180
3.78174,183.890,-0.913133E-01
3.78235,183.920,-0.532615E-01
3.78296,183.949,-0.189905
3.78357,183.979,-0.191141
3.78418,184.009,-0.458012E-01
3.78479,184.038,-0.106672
3.78540,184.068,0.206434E-01
3.78601,184.098,-0.132395
3.78662,184.127,-0.584175E-02
3.78723,184.157,0.304715E-01
3.78784,184.187,0.278528E-01
3.78845,184.217,-0.446388E-01
3.78906,184.246,-0.109134
3.78967,184.276,-0.975577E-01
3.79028,184.306,-0.805863E-01
3.79089,184.335,-0.175925E-01
3.79150,184.365,-0.219108
3.79211,184.395,-0.959004E-01
3.79272,184.424,-0.186107
3.79333,184.454,-0.654624E-01
3.79395,184.484,-0.237750E-01
3.79456,184.513,0.271516E-01
3.79517,184.543,-0.178152E-03
3.79578,184.573,-0.201767E-01
3.79639,184.602,-0.168529E-01
3.79700,184.632,-0.613176E-01
3.79761,184.662,0.788207E-01
3.79822,184.691,-0.653764E-01
3.79883,184.721,0.590563E-01
3.79944,184.751,-0.209674E-01
3.80005,184.780,-0.425335E-01
3.80066,184.810,-0.877718E-01
3.80127,184.840,0.228377
3.80188,184.869,-0.147320
3.80249,184.899,0.849531E-01
3.80310,184.929,-0.151613
3.80371,184.958,-0.857815E-01
3.80432,184.988,-0.141267
3.80493,185.018,0.414373
3.80554,185.048,-0.507106
3.80615,185.077,-0.220650
3.80676,185.107,-0.424501E-01
3.80737,185.137,-0.612391E-01
3.80798,185.166,0.226816E-01
3.80859,185.196,-0.773195E-01
3.80920,185.226,-0.148402
3.80981,185.255,-0.159788
3.81042,185.285,0.597885E-01
3.81104,185.315,0.292592E-01
3.81165,185.344,0.189591E-02
3.81226,185.374,-0.754691E-01
3.81287,185.404,-0.361585E-02
3.81348,185.433,-0.626393E-01
3.81409,185.463,-0.262459E-01
3.81470,185.493,-0.373342E-01
3.81531,185.522,0.747801E-01
3.81592,185.552,0.126127
3.81653,185.582,0.240245E-01
3.81714,185.611,-0.122271
3.81775,185.641,0.465703E-01
3.81836,185.671,-0.515460E-01
3.81897,185.700,-0.120256
3.81958,185.730,0.911537E-02
3.82019,185.760,-0.213790E-01
3.82080,185.789,-0.149658E-01
3.82141,185.819,0.703567E-02
3.82202,185.849,-0.228184E-01
3.82263,185.879,0.913452E-01
3.82324,185.908,-0.217023E-02
3.82385,185.938,-0.128630
3.82446,185.968,-0.701687E-02
3.82507,185.997,0.746107E-02
3.82568,186.027,-0.123585E-01
3.82629,186.057,0.281454
3.82690,186.086,0.265194
3.82751,186.116,0.280898
3.82812,186.146,0.158830
3.82874,186.175,0.667193
3.82935,186.205,0.519138
3.82996,186.235,0.508684
3.83057,186.264,-0.111945
3.83118,186.294,-0.237817
3.83179,186.324,0.137629
3.83240,186.353,0.435220
3.83301,186.383,-0.718614E-01
3.83362,186.413,0.901256E-01
3.83423,186.442,-0.267040E-01
3.83484,186.472,0.679889
3.83545,186.502,0.404676
3.83606,186.531,0.726481E-01
3.83667,186.561,0.733422
3.83728,186.591,0.441035
3.83789,186.620,0.227002
3.83850,186.650,0.160424
3.83911,186.680,-0.751325E-01
3.83972,186.710,0.499783E-02
3.84033,186.739,-0.402712E-02
3.84094,186.769,0.383227E-01
3.84155,186.799,-0.137972
3.84216,186.828,0.903952E-01
3.84277,186.858,0.110976
3.84338,186.888,0.162449
3.84399,186.917,0.266372
3.84460,186.947,0.294040
3.84521,186.977,0.118596
3.84583,187.006,-0.555118E-01
3.84644,187.036,0.386328E-01
3.84705,187.066,-0.713376E-01
3.84766,187.095,-0.257589E-01
3.84827,187.125,-0.316499E-01
3.84888,187.155,-0.735756E-01
3.84949,187.184,-0.112454
3.85010,187.214,0.771680E-01
3.85071,187.244,0.317805
3.85132,187.273,0.114818
3.85193,187.303,0.356998
3.85254,187.333,0.242516
3.85315,187.362,0.299377
3.85376,187.392,-0.139582
3.85437,187.422,0.365603
3.85498,187.451,0.379092
3.85559,187.481,0.195991
3.85620,187.511,0.421997
3.85681,187.541,0.138566
3.85742,187.570,0.116647
3.85803,187.600,-0.215388E-01
3.85864,187.630,-0.664952E-01
3.85925,187.659,0.356689E-01
3.85986,187.689,0.667961E-01
3.86047,187.719,-0.475109E-01
3.86108,187.748,0.200566E-01
3.86169,187.778,-0.429583E-01
3.86230,187.808,0.821276E-01
3.86292,187.837,0.511626E-01
3.86353,187.867,-0.884384E-01
3.86414,187.897,-0.745859E-01
3.86475,187.926,-0.334231E-01
3.86536,187.956,-0.466482E-01
3.86597,187.986,-0.573538E-01
3.86658,188.015,-0.194311
3.86719,188.045,-0.282522E-01
3.86780,188.075,0.269476E-02
3.86841,188.104,-0.701033E-01
3.86902,188.134,0.901564E-01
3.86963,188.164,0.123293
3.87024,188.193,0.961257E-01
3.87085,188.223,0.978254E-01
3.87146,188.253,0.764064E-01
3.87207,188.283,0.114095
3.87268,188.312,0.110517
3.87329,188.342,0.513971E-01
3.87390,188.372,0.262663
3.87451,188.401,-0.458838E-03
3.87512,188.431,0.327699
3.87573,188.461,0.156266E-01
3.87634,188.490,0.113394
3.87695,188.520,0.567397E-01
3.87756,188.550,0.618488E-01
3.87817,188.579,0.228956E-01
3.87878,188.609,0.176308
3.87939,188.639,0.449275E-01
3.88000,188.668,0.193829E-01
3.88062,188.698,-0.121509E-01
3.88123,188.728,-0.479476E-01
3.88184,188.757,0.556661E-01
3.88245,188.787,-0.951434E-01
3.88306,188.817,-0.768599E-01
3.88367,188.846,0.104377
3.88428,188.876,0.226385E-01
3.88489,188.906,0.119145
3.88550,188.935,0.317083
3.88611,188.965,0.101647
3.88672,188.995,0.737699E-01
3.88733,189.024,0.163307
3.88794,189.054,0.311944
3.88855,189.084,0.251838
3.88916,189.114,0.408414
3.88977,189.143,0.348584
3.89038,189.173,0.508770
3.89099,189.203,0.428402
3.89160,189.232,0.278345
3.89221,189.262,0.521402
3.89282,189.292,0.321598
3.89343,189.321,0.271574
3.89404,189.351,0.544060
3.89465,189.381,0.373023E-01
3.89526,189.410,0.763844
3.89587,189.440,0.452987
3.89648,189.470,0.799125
3.89709,189.499,0.612054
3.89771,189.529,0.416755
3.89832,189.559,-0.242754
3.89893,189.588,-0.132764
3.89954,189.618,0.930404E-01
3.90015,189.648,-0.606734E-01
3.90076,189.677,-0.310685
3.90137,189.707,-0.335069
3.90198,189.737,-0.275908
3.90259,189.766,-0.348704
3.90320,189.796,-0.536279
3.90381,189.826,-0.217015
3.90442,189.855,-0.309714
3.90503,189.885,-0.255051
3.90564,189.915,-0.244232
3.90625,189.945,-0.958383E-01
3.90686,189.974,-0.513912
3.90747,190.004,-0.207864
3.90808,190.034,-0.179932
3.90869,190.063,-0.594086E-01
3.90930,190.093,-0.373835
3.90991,190.123,-0.166896
3.91052,190.152,0.174754
3.91113,190.182,-0.163949
3.91174,190.212,0.245981
3.91235,190.241,0.189937
3.91296,190.271,0.380083E-01
3.91357,190.301,-0.364646E-01
3.91418,190.330,0.452954E-01
3.91479,190.360,0.382097
3.91541,190.390,0.432304E-01
3.91602,190.419,0.224672
3.91663,190.449,-0.227136
3.91724,190.479,-0.753447E-01
3.91785,190.508,0.305166E-01
3.91846,190.538,-0.198563
3.91907,190.568,-0.504826E-01
3.91968,190.597,-0.144478
3.92029,190.627,-0.139336
3.92090,190.657,0.874864E-01
3.92151,190.686,0.706625E-01
3.92212,190.716,-0.463226E-02
3.92273,190.746,0.169844E-02
3.92334,190.776,0.627510E-01
3.92395,190.805,-0.128326E-01
3.92456,190.835,0.314698E-01
3.92517,190.865,-0.360672E-01
3.92578,190.894,-0.157484E-01
3.92639,190.924,-0.523775E-02
3.92700,190.954,-0.333016E-03
3.92761,190.983,-0.127475
3.92822,191.013,-0.162002
3.92883,191.043,-0.134245
3.92944,191.072,-0.736476E-01
3.93005,191.102,0.828218E-01
3.93066,191.132,-0.136542
3.93127,191.161,0.167542E-01
3.93188,191.191,0.269151
3.93250,191.221,0.101648E-01
3.93311,191.250,0.674668E-01
3.93372,191.280,0.372753E-01
3.93433,191.310,0.140149
3.93494,191.339,0.241283
3.93555,191.369,0.113606
3.93616,191.399,0.249540E-01
3.93677,191.428,0.257707E-01
3.93738,191.458,-0.262498E-01
3.93799,191.488,-0.344172E-01
3.93860,191.517,0.279785E-02
3.93921,191.547,-0.103235
3.93982,191.577,-0.133385
3.94043,191.607,-0.466206
3.94104,191.636,-0.145858
3.94165,191.666,-0.175739
3.94226,191.696,-0.695371E-02
3.94287,191.725,-0.251203
3.94348,191.755,0.142222
3.94409,191.785,0.435597E-01
3.94470,191.814,0.849593E-01
3.94531,191.844,-0.621937E-01
3.94592,191.874,-0.812408E-01
3.94653,191.903,-0.129413
3.94714,191.933,-0.181025
3.94775,191.963,-0.312418
3.94836,191.992,-0.765348E-01
3.94897,192.022,-0.219031
3.94958,192.052,-0.250549
3.95020,192.081,-0.271770E-02
3.95081,192.111,-0.236147
3.95142,192.141,-0.147066
3.95203,192.170,-0.253971
3.95264,192.200,-0.277429
3.95325,192.230,0.494229E-01
3.95386,192.259,-0.362490
3.95447,192.289,0.201596E-01
3.95508,192.319,-0.260901E-02
3.95569,192.349,-0.616683E-01
3.95630,192.378,-0.820650E-01
3.95691,192.408,0.117770E-01
3.95752,192.438,0.837951E-01
3.95813,192.467,0.896583E-01
3.95874,192.497,0.107746
3.95935,192.527,0.192537
3.95996,192.556,0.113776
3.96057,192.586,0.786696E-01
3.96118,192.616,-0.444725E-01
3.96179,192.645,0.351091E-01
3.96240,192.675,0.101238
3.96301,192.705,0.163634
3.96362,192.734,0.191452
3.96423,192.764,0.244200
3.96484,192.794,0.189620
3.96545,192.823,0.753475E-01
3.96606,192.853,0.284645E-01
3.96667,192.883,0.121072
3.96729,192.912,0.522597E-01
3.96790,192.942,0.279702
3.96851,192.972,0.373020
3.96912,193.001,0.359950
3.96973,193.031,0.245880
3.97034,193.061,0.389558
3.97095,193.090,-0.820509E-03
3.97156,193.120,0.163318
3.97217,193.150,-0.633036E-01
3.97278,193.180,-0.245075
3.97339,193.209,-0.720738E-01
3.97400,193.239,0.537268E-01
3.97461,193.269,0.184778E-01
3.97522,193.298,-0.550011E-01
3.97583,193.328,0.109244
3.97644,193.358,0.152070
3.97705,193.387,-0.171749
3.97766,193.417,0.203349
3.97827,193.447,-0.547384E-01
3.97888,193.476,0.830520E-01
3.97949,193.506,-0.287489E-01
3.98010,193.536,-0.552113E-02
3.98071,193.565,0.306388
3.98132,193.595,0.297612E-01
3.98193,193.625,0.200919
3.98254,193.654,0.317368
3.98315,193.684,0.771511E-01
3.98376,193.714,0.197375
3.98438,193.743,0.544769E-01
3.98499,193.773,-0.169321
3.98560,193.803,-0.211241
3.98621,193.832,-0.110097
3.98682,193.862,-0.635376E-01
3.98743,193.892,-0.119650
3.98804,193.921,-0.487713E-01
3.98865,193.951,-0.100141
3.98926,193.981,0.900199E-01
3.98987,194.011,-0.145027
3.99048,194.040,0.391459E-01
3.99109,194.070,0.157707
3.99170,194.100,0.100949
3.99231,194.129,-0.107518
3.99292,194.159,0.435903E-01
3.99353,194.189,0.311086
3.99414,194.218,0.250365
3.99475,194.248,-0.580107E-01
3.99536,194.278,0.268833E-01
3.99597,194.307,-0.379944E-01
3.99658,194.337,0.868918E-01
3.99719,194.367,-0.175299
3.99780,194.396,-0.475734E-01
3.99841,194.426,0.184808
3.99902,194.456,-0.872807E-01
3.99963,194.485,0.468076E-01
4.00024,194.515,0.214411
4.00085,194.545,0.311865
4.00146,194.574,0.127410
4.00208,194.604,0.189493
4.00269,194.634,0.869129E-01
4.00330,194.663,0.227445
4.00391,194.693,0.799631E-01
4.00452,194.723,0.108992
4.00513,194.752,0.256880
4.00574,194.782,0.737691E-01
4.00635,194.812,-0.406520E-01
4.00696,194.842,0.140546
4.00757,194.871,0.534619E-02
4.00818,194.901,-0.203253
4.00879,194.931,-0.149023
4.00940,194.960,-0.592232E-01
4.01001,194.990,-0.108248
4.01062,195.020,-0.517732E-01
4.01123,195.049,-0.419275E-01
4.01184,195.079,-0.229707E-01
4.01245,195.109,0.417070E-02
4.01306,195.138,0.166224E-01
4.01367,195.168,0.342095E-01
4.01428,195.198,-0.416851E-02
4.01489,195.227,0.832311E-01
4.01550,195.257,0.782177E-01
4.01611,195.287,0.171550
4.01672,195.316,-0.564894E-01
4.01733,195.346,-0.776905E-01
4.01794,195.376,-0.187852
4.01855,195.405,-0.188252
4.01917,195.435,0.227905
4.01978,195.465,-0.650690E-01
4.02039,195.494,0.186844
4.02100,195.524,-0.326351
4.02161,195.554,0.291714
4.02222,195.583,0.163094
4.02283,195.613,0.101553
4.02344,195.643,0.176942
4.02405,195.673,0.119394
4.02466,195.702,0.186189
4.02527,195.732,0.562652E-01
4.02588,195.762,0.276167
4.02649,195.791,-0.869679E-02
4.02710,195.821,0.548403E-01
4.02771,195.851,0.487975E-01
4.02832,195.880,0.382776E-01
4.02893,195.910,-0.368123E-01
4.02954,195.940,0.141194
4.03015,195.969,-0.297522E-01
4.03076,195.999,0.102316E-01
4.03137,196.029,-0.140500
4.03198,196.058,-0.493978E-01
4.03259,196.088,-0.666587E-01
4.03320,196.118,-0.106383E-03
4.03381,196.147,-0.565542E-02
4.03442,196.177,0.500705E-01
4.03503,196.207,-0.835493E-01
4.03564,196.236,0.171782E-01
4.03625,196.266,0.632070E-01
4.03687,196.296,0.104322
4.03748,196.325,-0.188525E-01
4.03809,196.355,0.483098E-01
4.03870,196.385,0.789778E-01
4.03931,196.415,0.345213
4.03992,196.444,0.178491
4.04053,196.474,0.194431
4.04114,196.504,0.100272
4.04175,196.533,-0.239221E-01
4.04236,196.563,0.218540
4.04297,196.593,-0.700519E-01
4.04358,196.622,-0.687505E-02
4.04419,196.652,0.380250E-01
4.04480,196.682,0.138119
4.04541,196.711,0.217527E-01
4.04602,196.741,-0.149426E-01
4.04663,196.771,-0.871267E-02
4.04724,196.800,0.646667E-01
4.04785,196.830,-0.258687E-01
4.04846,196.860,0.683308E-02
4.04907,196.889,-0.120818E-01
4.04968,196.919,-0.110456
4.05029,196.949,-0.713786E-01
4.05090,196.978,-0.589660E-01
4.05151,197.008,-0.248112E-01
4.05212,197.038,0.124706E-01
4.05273,197.067,0.291808E-01
4.05334,197.097,-0.139861E-01
4.05396,197.127,0.471193E-01
4.05457,197.156,0.217870
4.05518,197.186,-0.654245E-01
4.05579,197.216,-0.508981E-01
4.05640,197.246,0.873532E-01
4.05701,197.275,-0.522801E-02
4.05762,197.305,0.360075
4.05823,197.335,-0.227577
4.05884,197.364,0.445432
4.05945,197.394,0.503970
4.06006,197.424,0.496715
4.06067,197.453,-0.379766E-01
4.06128,197.483,-0.398394
4.06189,197.513,0.212837
4.06250,197.542,-0.176500
4.06311,197.572,-0.116981
4.06372,197.602,-0.399175
4.06433,197.631,-0.178787
4.06494,197.661,0.292961E-02
4.06555,197.691,-0.902232E-02
4.06616,197.720,0.442925E-01
4.06677,197.750,-0.510957E-01
4.06738,197.780,-0.452532E-03
4.06799,197.809,-0.584902E-01
4.06860,197.839,0.129346E-01
4.06921,197.869,-0.226155E-01
4.06982,197.898,-0.910023E-01
4.07043,197.928,0.404311E-02
4.07104,197.958,-0.107740
4.07166,197.987,-0.137505
4.07227,198.017,0.131981
4.07288,198.047,0.592740E-01
4.07349,198.077,-0.710351E-01
4.07410,198.106,0.796256E-02
4.07471,198.136,0.178306
4.07532,198.166,-0.709666E-01
4.07593,198.195,-0.718270E-02
4.07654,198.225,0.438447E-01
4.07715,198.255,-0.157640
4.07776,198.284,-0.580291E-01
4.07837,198.314,-0.164501
4.07898,198.344,-0.221604
4.07959,198.373,-0.130411
4.08020,198.403,0.734270E-01
4.08081,198.433,0.190104
4.08142,198.462,-0.967479E-01
4.08203,198.492,0.142598
4.08264,198.522,0.142785
4.08325,198.551,-0.112508
4.08386,198.581,0.166537E-01
4.08447,198.611,0.522369E-01
4.08508,198.640,0.832495E-01
4.08569,198.670,0.201673
4.08630,198.700,0.366389
4.08691,198.729,0.519637E-01
4.08752,198.759,0.172093
4.08813,198.789,0.199126
4.08875,198.818,0.465462
4.08936,198.848,0.152189
4.08997,198.878,0.715541
4.09058,198.908,0.107604
4.09119,198.937,0.334609
4.09180,198.967,0.298073
4.09241,198.997,0.221760
4.09302,199.026,0.336981
4.09363,199.056,0.809923
4.09424,199.086,0.460911
4.09485,199.115,-0.382405E-01
4.09546,199.145,0.408585
4.09607,199.175,0.246616
4.09668,199.204,0.301298
4.09729,199.234,0.223841
4.09790,199.264,0.556527
4.09851,199.293,-0.339124E-01
4.09912,199.323,0.212687E-02
4.09973,199.353,0.201180
4.10034,199.382,-0.497833E-01
4.10095,199.412,-0.135625
4.10156,199.442,-0.942176E-01
4.10217,199.471,-0.388659
4.10278,199.501,0.343345
4.10339,199.531,0.287128
4.10400,199.560,0.216232
4.10461,199.590,0.220396
4.10522,199.620,-0.162864
4.10583,199.649,-0.495043E-01
4.10645,199.679,0.250315
4.10706,199.709,0.133813
4.10767,199.739,0.221485
4.10828,199.768,0.427989E-01
4.10889,199.798,0.408791
4.10950,199.828,0.671508E-01
4.11011,199.857,0.511870E-01
4.11072,199.887,0.371132
4.11133,199.917,0.326093
4.11194,199.946,0.603257
4.11255,199.976,-0.245495E-01
4.11316,200.006,-0.239588E-01
4.11377,200.035,0.140319E-01
4.11438,200.065,-0.558154E-01
4.11499,200.095,0.580872
4.11560,200.124,-0.141500E-01
4.11621,200.154,0.505815
4.11682,200.184,-0.146655
4.11743,200.213,0.328543
4.11804,200.243,0.720884E-01
4.11865,200.273,0.151678
4.11926,200.302,-0.335601E-01
4.11987,200.332,0.263592E-01
4.12048,200.362,0.354100E-01
4.12109,200.391,-0.813327E-02
4.12170,200.421,-0.884653E-01
4.12231,200.451,0.110306
4.12292,200.481,0.161965
4.12354,200.510,0.104958
4.12415,200.540,0.704582E-01
4.12476,200.570,-0.133649
4.12537,200.599,0.192337E-01
4.12598,200.629,-0.109252
4.12659,200.659,0.135990
4.12720,200.688,-0.414169E-03
4.12781,200.718,0.594623E-01
4.12842,200.748,-0.383166E-01
4.12903,200.777,-0.701303E-01
4.12964,200.807,0.113483E-01
4.13025,200.837,-0.448087E-01
4.13086,200.866,-0.578412E-01
4.13147,200.896,-0.141885E-01
4.13208,200.926,-0.628786E-01
4.13269,200.955,-0.391407E-01
4.13330,200.985,-0.811434E-01
4.13391,201.015,-0.503861E-01
4.13452,201.044,0.518668E-01
4.13513,201.074,-0.106664
4.13574,201.104,0.307703
4.13635,201.133,0.148573
4.13696,201.163,0.167668
4.13757,201.193,-0.295338E-01
4.13818,201.222,0.225725
4.13879,201.252,0.233432E-01
4.13940,201.282,0.174617E-01
4.14001,201.312,0.517114E-01
4.14062,201.341,0.465634
4.14124,201.371,0.282371
4.14185,201.401,0.301435
4.14246,201.430,0.290657
4.14307,201.460,0.167065
4.14368,201.490,-0.101864
4.14429,201.519,0.300077
4.14490,201.549,0.528371
4.14551,201.579,0.652276E-01
4.14612,201.608,0.307579
4.14673,201.638,0.285147
4.14734,201.668,0.188723
4.14795,201.697,-0.543904E-01
4.14856,201.727,0.354657
4.14917,201.757,0.172231
4.14978,201.786,0.225952
4.15039,201.816,0.188235E-01
4.15100,201.846,0.278817
4.15161,201.875,-0.762374E-01
4.15222,201.905,0.533024E-01
4.15283,201.935,-0.114904
4.15344,201.964,0.823829E-01
4.15405,201.994,0.363487E-01
4.15466,202.024,-0.136227
4.15527,202.053,-0.102460
4.15588,202.083,-0.152032
4.15649,202.113,-0.456418E-01
4.15710,202.143,0.368377E-01
4.15771,202.172,-0.963691E-01
4.15833,202.202,0.145931
4.15894,202.232,0.140262
4.15955,202.261,-0.222499E-01
4.16016,202.291,0.732464E-01
4.16077,202.321,0.793407E-01
4.16138,202.350,0.122509
4.16199,202.380,0.279213
4.16260,202.410,0.485168
4.16321,202.439,0.637616
4.16382,202.469,0.264077
4.16443,202.499,0.189517
4.16504,202.528,0.370342
4.16565,202.558,0.847424E-01
4.16626,202.588,0.286601
4.16687,202.617,0.185253
4.16748,202.647,0.301967
4.16809,202.677,-0.150158
4.16870,202.706,0.469167E-01
4.16931,202.736,0.173668
4.16992,202.766,-0.321357E-01
4.17053,202.795,0.206852
4.17114,202.825,-0.124697E-01
4.17175,202.855,-0.491765E-01
4.17236,202.884,-0.394183E-01
4.17297,202.914,0.588563E-01
4.17358,202.944,0.548792E-01
4.17419,202.974,-0.668202E-02
4.17480,203.003,-0.867574E-01
4.17542,203.033,0.109446
4.17603,203.063,-0.588850E-01
4.17664,203.092,0.109124
4.17725,203.122,0.100625
4.17786,203.152,-0.287061E-01
4.17847,203.181,0.451203E-01
4.17908,203.211,0.251862
4.17969,203.241,0.115354
4.18030,203.270,-0.768729E-01
4.18091,203.300,-0.177868E-01
4.18152,203.330,-0.194850
4.18213,203.359,0.253836E-02
4.18274,203.389,0.980098E-01
4.18335,203.419,-0.131111E-01
4.18396,203.448,0.222586
4.18457,203.478,0.202655E-01
4.18518,203.508,0.100025
4.18579,203.537,0.131258
4.18640,203.567,0.347206
4.18701,203.597,0.353798E-01
4.18762,203.626,0.317623
4.18823,203.656,0.773583E-01
4.18884,203.686,0.238809
4.18945,203.715,0.564236E-01
4.19006,203.745,0.181846
4.19067,203.775,0.356551E-01
4.19128,203.805,0.260535E-01
4.19189,203.834,0.104343E-01
4.19250,203.864,0.296548E-02
4.19312,203.894,-0.214597E-01
4.19373,203.923,-0.837932E-03
4.19434,203.953,0.421676E-01
4.19495,203.983,0.287079E-01
4.19556,204.012,0.532338E-01
4.19617,204.042,0.415871E-01
4.19678,204.072,0.231001E-01
4.19739,204.101,0.514988E-01
4.19800,204.131,0.351088E-01
4.19861,204.161,-0.660526E-01
4.19922,204.190,-0.270603E-01
4.19983,204.220,-0.120443
4.20044,204.250,-0.230600
4.20105,204.279,-0.197129
4.20166,204.309,-0.195466
4.20227,204.339,-0.243959
4.20288,204.368,-0.258495
4.20349,204.398,-0.102084
4.20410,204.428,-0.531792E-01
4.20471,204.457,-0.592444E-01
4.20532,204.487,-0.171745E-01
4.20593,204.517,-0.270573
4.20654,204.547,-0.145284
4.20715,204.576,-0.865844E-01
4.20776,204.606,-0.234249
4.20837,204.636,-0.987776E-01
4.20898,204.665,-0.186708
4.20959,204.695,-0.477073E-01
4.21021,204.725,-0.182774
4.21082,204.754,-0.472116
4.21143,204.784,-0.117069E-01
4.21204,204.814,0.467517E-01
4.21265,204.843,0.134627
4.21326,204.873,0.128558
4.21387,204.903,0.125376
4.21448,204.932,-0.723562E-01
4.21509,204.962,-0.139861
4.21570,204.992,-0.197435
4.21631,205.021,-0.100600
4.21692,205.051,-0.712443E-01
4.21753,205.081,0.591718E-01
4.21814,205.110,-0.115562
4.21875,205.140,-0.165347
4.21936,205.170,-0.230327E-01
4.21997,205.199,-0.167853
4.22058,205.229,-0.391928
4.22119,205.259,-0.315119
4.22180,205.288,-0.208222
4.22241,205.318,-0.241403
4.22302,205.348,0.102208
4.22363,205.378,0.159069
4.22424,205.407,0.114700
4.22485,205.437,0.221802E-02
4.22546,205.467,0.131783E-01
4.22607,205.496,-0.174227E-01
4.22668,205.526,0.523462E-01
4.22729,205.556,-0.184718E-01
4.22791,205.585,-0.598192E-01
4.22852,205.615,0.676986E-02
4.22913,205.645,0.611360E-01
4.22974,205.674,0.121069E-01
4.23035,205.704,-0.256349E-01
4.23096,205.734,0.115818
4.23157,205.763,0.125146
4.23218,205.793,0.113539
4.23279,205.823,0.133111
4.23340,205.852,0.876515E-02
4.23401,205.882,0.715298E-01
4.23462,205.912,0.105038
4.23523,205.941,0.203562
4.23584,205.971,0.960690E-02
4.23645,206.001,0.186911E-02
4.23706,206.030,-0.220390E-01
4.23767,206.060,0.152066E-01
4.23828,206.090,0.108183
4.23889,206.119,0.117671
4.23950,206.149,0.218466E-01
4.24011,206.179,0.310662E-01
4.24072,206.209,-0.649125E-01
4.24133,206.238,-0.831566E-01
4.24194,206.268,-0.199973
4.24255,206.298,-0.281214
4.24316,206.327,-0.773199E-01
4.24377,206.357,-0.232461
4.24438,206.387,0.139069
4.24500,206.416,-0.114475
4.24561,206.446,0.514811E-01
4.24622,206.476,0.817700E-01
4.24683,206.505,0.400243E-01
4.24744,206.535,0.100938E-01
4.24805,206.565,0.681448E-01
4.24866,206.594,0.377736E-01
4.24927,206.624,-0.699105E-01
4.24988,206.654,-0.117010E-01
4.25049,206.683,0.606037E-01
4.25110,206.713,0.845294E-01
4.25171,206.743,0.644408E-01
4.25232,206.772,0.105869
4.25293,206.802,-0.697692E-01
4.25354,206.832,0.873868E-01
4.25415,206.861,-0.394526E-01
4.25476,206.891,-0.662039E-01
4.25537,206.921,0.907617E-01
4.25598,206.950,0.135443E-01
4.25659,206.980,0.429710E-01
4.25720,207.010,0.572301E-01
4.25781,207.040,-0.293504E-01
4.25842,207.069,0.723242E-01
4.25903,207.099,0.123817E-02
4.25964,207.129,0.583369E-01
4.26025,207.158,-0.106638E-01
4.26086,207.188,-0.558158E-01
4.26147,207.218,-0.109968
4.26208,207.247,0.785826E-02
4.26270,207.277,0.829378E-03
4.26331,207.307,0.549611E-01
4.26392,207.336,-0.872014E-01
4.26453,207.366,-0.358095E-01
4.26514,207.396,0.105190
4.26575,207.425,0.808762E-03
4.26636,207.455,0.607594E-02
4.26697,207.485,0.602184E-01
4.26758,207.514,0.115637
4.26819,207.544,-0.300412E-02
4.26880,207.574,-0.101659
4.26941,207.603,0.671037E-02
4.27002,207.633,-0.527468E-02
4.27063,207.663,0.237805E-01
4.27124,207.692,-0.228573E-01
4.27185,207.722,0.105111
4.27246,207.752,0.934069E-02
4.27307,207.781,0.396877E-01
4.27368,207.811,0.173570E-01
4.27429,207.841,-0.873596E-01
4.27490,207.871,-0.303748E-01
4.27551,207.900,-0.445363E-02
4.27612,207.930,-0.107543
4.27673,207.960,-0.530672E-01
4.27734,207.989,-0.246972E-01
4.27795,208.019,-0.344047E-01
4.27856,208.049,-0.168853
4.27917,208.078,-0.274302
4.27979,208.108,-0.938219E-01
4.28040,208.138,-0.792049E-01
4.28101,208.167,-0.369537
4.28162,208.197,-0.112897
4.28223,208.227,-0.148517
4.28284,208.256,-0.345626
4.28345,208.286,-0.121690
4.28406,208.316,-0.256413
4.28467,208.345,-0.976639E-02
4.28528,208.375,0.702213E-02
4.28589,208.405,0.903012E-01
4.28650,208.434,0.141566
4.28711,208.464,0.890052E-01
4.28772,208.494,0.103780
4.28833,208.523,0.525450E-01
4.28894,208.553,0.271892
4.28955,208.583,0.384157
4.29016,208.612,0.163257
4.29077,208.642,0.149950
4.29138,208.672,0.336279
4.29199,208.702,0.483579
4.29260,208.731,0.405729
4.29321,208.761,0.232010
4.29382,208.791,0.281598
4.29443,208.820,0.186654
4.29504,208.850,0.631483
4.29565,208.880,0.994266E-01
4.29626,208.909,0.110044
4.29688,208.939,-0.302935
4.29749,208.969,-0.279539E-01
4.29810,208.998,-0.997314E-01
4.29871,209.028,-0.149347
4.29932,209.058,-0.570458E-01
4.29993,209.087,0.826151E-02
4.30054,209.117,-0.128229
4.30115,209.147,0.247371
4.30176,209.176,-0.712961E-01
4.30237,209.206,0.504286E-01
4.30298,209.236,0.325359E-01
4.30359,209.265,-0.531424E-01
4.30420,209.295,0.368973E-02
4.30481,209.325,-0.753961E-01
4.30542,209.354,0.809806E-02
4.30603,209.384,0.100368E-02
4.30664,209.414,0.349696E-01
4.30725,209.444,-0.284114E-02
4.30786,209.473,-0.450651E-02
4.30847,209.503,0.937266E-01
4.30908,209.533,0.140514
4.30969,209.562,0.990394E-01
4.31030,209.592,0.152752
4.31091,209.622,0.696904E-01
4.31152,209.651,0.199414
4.31213,209.681,0.618449E-01
4.31274,209.711,-0.973064E-01
4.31335,209.740,-0.107842
4.31396,209.770,-0.155418
4.31458,209.800,-0.682698E-01
4.31519,209.829,-0.105394
4.31580,209.859,-0.336748E-01
4.31641,209.889,0.397463E-01
4.31702,209.918,0.582029E-01
4.31763,209.948,0.641504E-01
4.31824,209.978,0.164846
4.31885,210.007,0.125038
4.31946,210.037,0.614944E-01
4.32007,210.067,0.192021
4.32068,210.096,0.134445
4.32129,210.126,0.403978
4.32190,210.156,0.337092
4.32251,210.185,0.101359
4.32312,210.215,0.103292
4.32373,210.245,0.123586
4.32434,210.275,-0.282705E-01
4.32495,210.304,-0.279484E-01
4.32556,210.334,0.997358E-02
4.32617,210.364,0.483047E-01
4.32678,210.393,0.981524E-03
4.32739,210.423,0.295664E-02
4.32800,210.453,0.150069E-01
4.32861,210.482,0.577940E-01
4.32922,210.512,-0.111596
4.32983,210.542,-0.109582E-01
4.33044,210.571,0.794023E-01
4.33105,210.601,-0.941416E-01
4.33167,210.631,-0.666658E-01
4.33228,210.660,0.777645E-01
4.33289,210.690,0.248742
4.33350,210.720,-0.142097
4.33411,210.749,0.540622E-01
4.33472,210.779,-0.449627
4.33533,210.809,-0.185410E-01
4.33594,210.838,-0.266490
4.33655,210.868,0.135294
4.33716,210.898,-0.330802
4.33777,210.927,0.497988E-01
4.33838,210.957,-0.442063E-01
4.33899,210.987,-0.664899E-02
4.33960,211.016,-0.230487
4.34021,211.046,0.115433
4.34082,211.076,-0.253878
4.34143,211.106,-0.753014
4.34204,211.135,0.634194E-01
4.34265,211.165,-0.109389
4.34326,211.195,-0.358384
4.34387,211.224,-0.553864E-01
4.34448,211.254,-0.174630
4.34509,211.284,-0.645356
4.34570,211.313,-0.171127E-01
4.34631,211.343,-0.214206
4.34692,211.373,0.391991E-01
4.34753,211.402,-0.659352E-01
4.34814,211.432,-0.287484
4.34875,211.462,-0.202345
4.34937,211.491,-0.310818E-01
4.34998,211.521,-0.938507E-01
4.35059,211.551,0.255927E-02
4.35120,211.580,0.384050E-01
4.35181,211.610,-0.588859E-01
4.35242,211.640,-0.418767E-01
4.35303,211.669,-0.354376E-02
4.35364,211.699,0.169364E-02
4.35425,211.729,-0.762547E-01
4.35486,211.758,0.431779E-01
4.35547,211.788,0.325571E-01
4.35608,211.818,-0.149875E-01
4.35669,211.847,0.198592
4.35730,211.877,0.820488E-01
4.35791,211.907,0.225139
4.35852,211.937,0.693880E-01
4.35913,211.966,-0.110820
4.35974,211.996,-0.802942E-01
4.36035,212.026,-0.405777E-01
4.36096,212.055,-0.557081E-01
4.36157,212.085,0.113743
4.36218,212.115,-0.613185E-01
4.36279,212.144,0.644732E-01
4.36340,212.174,-0.443180E-01
4.36401,212.204,-0.108131
4.36462,212.233,-0.119835
4.36523,212.263,0.582027E-01
4.36584,212.293,-0.124914E-01
4.36646,212.322,0.170668
4.36707,212.352,0.127811
4.36768,212.382,-0.851004E-02
4.36829,212.411,0.172542
4.36890,212.441,0.233085
4.36951,212.471,-0.197928
4.37012,212.500,0.561987
4.37073,212.530,0.333024
4.37134,212.560,0.330499
4.37195,212.589,0.208042
4.37256,212.619,0.282333
4.37317,212.649,-0.680086
4.37378,212.678,-0.220549
4.37439,212.708,-0.514021E-01
4.37500,212.738,-0.337030
4.37561,212.768,-0.401169
4.37622,212.797,-0.337200
4.37683,212.827,-0.188217
4.37744,212.857,-0.247431
4.37805,212.886,-0.156949
4.37866,212.916,-0.392422
4.37927,212.946,-0.292283
4.37988,212.975,-0.159978
4.38049,213.005,-0.300943
4.38110,213.035,-0.646534E-02
4.38171,213.064,0.569289E-01
4.38232,213.094,0.254519
4.38293,213.124,0.202150E-01
4.38354,213.153,-0.112294
4.38416,213.183,0.197260
4.38477,213.213,-0.210873E-01
4.38538,213.242,-0.430988E-01
4.38599,213.272,0.159507
4.38660,213.302,-0.553439E-01
4.38721,213.331,0.445327E-01
4.38782,213.361,0.771046E-03
4.38843,213.391,0.132202E-01
4.38904,213.420,-0.373430E-01
4.38965,213.450,0.146550
4.39026,213.480,-0.157583
4.39087,213.510,0.430165E-01
4.39148,213.539,-0.443835E-01
4.39209,213.569,0.130657
4.39270,213.599,0.182577
4.39331,213.628,-0.497497E-01
4.39392,213.658,0.712202E-01
4.39453,213.688,0.294435
4.39514,213.717,0.132508
4.39575,213.747,0.176429
4.39636,213.777,-0.396366E-02
4.39697,213.806,0.103009
4.39758,213.836,0.168333
4.39819,213.866,0.146459
4.39880,213.895,0.868101E-01
4.39941,213.925,-0.607630E-01
4.40002,213.955,0.105959
4.40063,213.984,-0.177734E-01
4.40125,214.014,0.102810
4.40186,214.044,0.372185E-02
4.40247,214.073,-0.215112E-01
4.40308,214.103,-0.551860E-01
4.40369,214.133,-0.523956E-01
4.40430,214.162,0.232015E-01
4.40491,214.192,0.768748E-01
4.40552,214.222,0.725161E-01
4.40613,214.251,0.574316E-01
4.40674,214.281,-0.174149E-01
4.40735,214.311,-0.242771
4.40796,214.341,-0.569919E-01
4.40857,214.370,-0.114517E-01
4.40918,214.400,-0.959653E-01
4.40979,214.430,-0.156203
4.41040,214.459,-0.107476
4.41101,214.489,-0.840083E-01
4.41162,214.519,-0.141564
4.41223,214.548,-0.913643E-01
4.41284,214.578,0.140721
4.41345,214.608,0.117871
4.41406,214.637,0.555193E-01
4.41467,214.667,0.506191
4.41528,214.697,0.144320
4.41589,214.726,0.269498
4.41650,214.756,0.326593
4.41711,214.786,0.888374
4.41772,214.815,0.580815
4.41833,214.845,0.603931
4.41895,214.875,0.221619
4.41956,214.904,0.429450
4.42017,214.934,-0.316081
4.42078,214.964,0.347716
4.42139,214.993,0.448074
4.42200,215.023,0.226063
4.42261,215.053,0.562734
4.42322,215.082,0.142921
4.42383,215.112,0.484912
4.42444,215.142,0.135754
4.42505,215.172,0.414594
4.42566,215.201,0.259677
4.42627,215.231,0.155616
4.42688,215.261,-0.103759
4.42749,215.290,0.684191E-01
4.42810,215.320,0.820266E-01
4.42871,215.350,0.148998
4.42932,215.379,0.126821
4.42993,215.409,0.168799
4.43054,215.439,-0.243021
4.43115,215.468,-0.219922
4.43176,215.498,-0.180924
4.43237,215.528,0.486482
4.43298,215.557,0.506930
4.43359,215.587,0.456321
4.43420,215.617,0.498734
4.43481,215.646,0.453111
4.43542,215.676,0.324727
4.43604,215.706,0.102984
4.43665,215.735,0.355453
4.43726,215.765,0.112203
4.43787,215.795,0.424249E-01
4.43848,215.824,0.925300E-01
4.43909,215.854,0.710930E-01
4.43970,215.884,0.429334E-01
4.44031,215.913,0.129555
4.44092,215.943,-0.543959E-01
4.44153,215.973,-0.349577E-01
4.44214,216.003,-0.513055E-01
4.44275,216.032,-0.104068
4.44336,216.062,-0.125866
4.44397,216.092,-0.751247E-01
4.44458,216.121,-0.119706
4.44519,216.151,0.305312E-01
4.44580,216.181,0.191932
4.44641,216.210,-0.142076
4.44702,216.240,0.392329
4.44763,216.270,0.756668E-01
4.44824,216.299,0.268202
4.44885,216.329,0.519096
4.44946,216.359,0.304696E-01
4.45007,216.388,0.122301
4.45068,216.418,0.476401
4.45129,216.448,0.842328E-02
4.45190,216.477,0.356296
4.45251,216.507,0.272913
4.45312,216.537,0.183675
4.45374,216.566,0.640998
4.45435,216.596,-0.126642
4.45496,216.626,0.410259
4.45557,216.655,0.288354
4.45618,216.685,0.544661
4.45679,216.715,0.237073
4.45740,216.744,0.717628
4.45801,216.774,0.179921
4.45862,216.804,0.940058
4.45923,216.834,0.600195
4.45984,216.863,0.219957
4.46045,216.893,1.01892
4.46106,216.923,0.781494
4.46167,216.952,0.656029
4.46228,216.982,0.371558
4.46289,217.012,1.11837
4.46350,217.041,0.769790
4.46411,217.071,0.919063
4.46472,217.101,0.925439
4.46533,217.130,1.56908
4.46594,217.160,0.478337
4.46655,217.190,1.18885
4.46716,217.219,1.20569
4.46777,217.249,0.451953
4.46838,217.279,0.498300
4.46899,217.308,0.415221
4.46960,217.338,0.401822
4.47021,217.368,0.164861
4.47083,217.397,0.814829
4.47144,217.427,0.576112
4.47205,217.457,0.360710
4.47266,217.486,0.475513
4.47327,217.516,0.738267
4.47388,217.546,0.404507
4.47449,217.576,0.167911
4.47510,217.605,0.234519
4.47571,217.635,0.112682E-01
4.47632,217.665,-0.345495
4.47693,217.694,-0.346588
4.47754,217.724,0.237833E-01
4.47815,217.754,-0.205521
4.47876,217.783,-0.331906E-01
4.47937,217.813,-0.236020
4.47998,217.843,-0.397138
4.48059,217.872,-0.188512
4.48120,217.902,-0.637471E-01
4.48181,217.932,0.737693E-01
4.48242,217.961,-0.119990
4.48303,217.991,0.195834E-03
4.48364,218.021,-0.534926E-01
4.48425,218.050,-0.980386E-01
4.48486,218.080,0.578804E-02
4.48547,218.110,-0.110078E-01
4.48608,218.139,0.113059E-01
4.48669,218.169,-0.531110E-01
4.48730,218.199,0.682936E-01
4.48792,218.228,-0.119521E-01
4.48853,218.258,0.974246E-02
4.48914,218.288,0.165346
4.48975,218.317,0.490299E-01
4.49036,218.347,0.858576E-01
4.49097,218.377,-0.415160E-01
4.49158,218.407,0.141832E-02
4.49219,218.436,-0.579055E-02
4.49280,218.466,-0.571671E-01
4.49341,218.496,0.605117E-02
4.49402,218.525,-0.116272
4.49463,218.555,0.416394
4.49524,218.585,0.165533
4.49585,218.614,0.331498
4.49646,218.644,0.493906
4.49707,218.674,0.282838
4.49768,218.703,0.187989
4.49829,218.733,0.492001
4.49890,218.763,0.379798
4.49951,218.792,0.456335
4.50012,218.822,0.484323
4.50073,218.852,0.552179
4.50134,218.881,0.460427
4.50195,218.911,0.596671
4.50256,218.941,0.208946
4.50317,218.970,0.420088
4.50378,219.000,0.176974
4.50439,219.030,-0.218084
4.50500,219.059,0.720813E-01
4.50562,219.089,0.409724
4.50623,219.119,0.735068
4.50684,219.148,0.738987
4.50745,219.178,0.496838
4.50806,219.208,0.717742
4.50867,219.238,0.167040
4.50928,219.267,0.168926
4.50989,219.297,0.637893
4.51050,219.327,0.124307
4.51111,219.356,0.374228
4.51172,219.386,0.258389E-01
4.51233,219.416,0.238257
4.51294,219.445,-0.133208
4.51355,219.475,-0.744203E-02
4.51416,219.505,-0.315832E-01
4.51477,219.534,0.711385E-01
4.51538,219.564,0.462661E-01
4.51599,219.594,0.646549E-01
4.51660,219.623,0.148606E-02
4.51721,219.653,-0.297965E-02
4.51782,219.683,0.402281E-01
4.51843,219.712,0.785706E-02
4.51904,219.742,-0.612053E-01
4.51965,219.772,-0.108517E-01
4.52026,219.801,0.515172E-01
4.52087,219.831,0.556377E-01
4.52148,219.861,-0.919114E-01
4.52209,219.890,-0.263120E-01
4.52271,219.920,0.389014E-01
4.52332,219.950,-0.172767
4.52393,219.979,-0.124555
4.52454,220.009,-0.110154E-01
4.52515,220.039,0.814373E-01
4.52576,220.069,-0.923377E-01
4.52637,220.098,0.302570E-01
4.52698,220.128,0.493138E-01
4.52759,220.158,-0.608506E-02
4.52820,220.187,0.163049
4.52881,220.217,0.283169
4.52942,220.247,-0.150222
4.53003,220.276,-0.681112E-01
4.53064,220.306,0.439990E-01
4.53125,220.336,-0.326631E-01
4.53186,220.365,-0.308899E-01
4.53247,220.395,-0.102725
4.53308,220.425,0.208172
4.53369,220.454,-0.134066
4.53430,220.484,0.263048E-01
4.53491,220.514,0.307805E-01
4.53552,220.543,-0.204745E-01
4.53613,220.573,0.166925
4.53674,220.603,0.146321
4.53735,220.632,0.298480
4.53796,220.662,-0.119393
4.53857,220.692,0.251546
4.53918,220.721,0.206253
4.53979,220.751,0.973394E-02
4.54041,220.781,0.270435
4.54102,220.810,0.156809
4.54163,220.840,0.404681
4.54224,220.870,0.237665
4.54285,220.900,0.770102E-01
4.54346,220.929,0.327725
4.54407,220.959,0.349091
4.54468,220.989,0.415626
4.54529,221.018,0.220072
4.54590,221.048,0.853823E-01
4.54651,221.078,-0.148065
4.54712,221.107,-0.261180
4.54773,221.137,-0.110688
4.54834,221.167,-0.191932
4.54895,221.196,-0.127096
4.54956,221.226,-0.275016
4.55017,221.256,-0.432955E-01
4.55078,221.285,-0.173133
4.55139,221.315,-0.162178
4.55200,221.345,-0.122753
4.55261,221.374,-0.105673
4.55322,221.404,0.149760
4.55383,221.434,-0.257704
4.55444,221.463,-0.335092
4.55505,221.493,0.158059
4.55566,221.523,-0.145576
4.55627,221.552,-0.254279
4.55688,221.582,-0.396904
4.55750,221.612,0.184598
4.55811,221.642,0.889181E-01
4.55872,221.671,0.228523
4.55933,221.701,-0.378680E-01
4.55994,221.731,-0.142719
4.56055,221.760,0.190603
4.56116,221.790,-0.646759E-01
4.56177,221.820,0.170701
4.56238,221.849,0.264220
4.56299,221.879,0.369736
4.56360,221.909,0.138335E-01
4.56421,221.938,0.339881E-01
4.56482,221.968,0.551532E-01
4.56543,221.998,0.200787E-01
4.56604,222.027,-0.207409E-01
4.56665,222.057,0.206757
4.56726,222.087,0.206549E-02
4.56787,222.116,0.116359
4.56848,222.146,0.143921
4.56909,222.176,-0.724676E-02
4.56970,222.205,0.847456E-02
4.57031,222.235,-0.410250E-01
4.57092,222.265,0.232900E-01
4.57153,222.294,-0.580417E-02
4.57214,222.324,0.498516E-01
4.57275,222.354,0.876756E-01
4.57336,222.383,0.224592
4.57397,222.413,0.787728E-02
4.57458,222.443,0.846747E-01
4.57520,222.473,0.137522
4.57581,222.502,0.203999E-02
4.57642,222.532,0.104083
4.57703,222.562,0.457239E-01
4.57764,222.591,0.197656
4.57825,222.621,0.154712
4.57886,222.651,0.674783E-01
4.57947,222.680,0.346231
4.58008,222.710,0.426955
4.58069,222.740,0.229448
4.58130,222.769,0.158636
4.58191,222.799,0.807118E-01
4.58252,222.829,0.138626
4.58313,222.858,-0.528034E-02
4.58374,222.888,0.194867
4.58435,222.918,0.108123
4.58496,222.947,0.435264E-01
4.58557,222.977,0.142976
4.58618,223.007,0.147132
4.58679,223.036,0.815127E-01
4.58740,223.066,0.159429
4.58801,223.096,-0.104565
4.58862,223.125,-0.141888E-01
4.58923,223.155,-0.207024E-01
4.58984,223.185,0.160802
4.59045,223.214,0.232339E-01
4.59106,223.244,-0.154259
4.59167,223.274,0.248018E-01
4.59229,223.304,0.261200E-01
4.59290,223.333,-0.518456E-02
4.59351,223.363,0.715834
4.59412,223.393,0.259060E-01
4.59473,223.422,0.120903
4.59534,223.452,0.367898
4.59595,223.482,0.442605
4.59656,223.511,0.286156
4.59717,223.541,0.309335
4.59778,223.571,0.135079
4.59839,223.600,0.773037E-01
4.59900,223.630,0.173031
4.59961,223.660,0.158183
4.60022,223.689,-0.268139E-01
4.60083,223.719,0.183566
4.60144,223.749,-0.411811
4.60205,223.778,-0.388530
4.60266,223.808,0.115773
4.60327,223.838,-0.130615
4.60388,223.867,0.140151E-01
4.60449,223.897,0.888911E-01
4.60510,223.927,-0.649170E-01
4.60571,223.956,0.199470
4.60632,223.986,-0.740929E-01
4.60693,224.016,-0.230787E-01
4.60754,224.045,0.395165E-02
4.60815,224.075,0.117868E-01
4.60876,224.105,0.563089E-01
4.60938,224.135,0.810975E-01
4.60999,224.164,0.711477E-01
4.61060,224.194,0.160435
4.61121,224.224,0.381228
4.61182,224.253,-0.237726
4.61243,224.283,0.575168E-02
4.61304,224.313,0.714983
4.61365,224.342,0.183025
4.61426,224.372,0.383864
4.61487,224.402,-0.697605E-01
4.61548,224.431,-0.412901
4.61609,224.461,0.278641
4.61670,224.491,0.227996
4.61731,224.520,0.158099E-01
4.61792,224.550,0.793887E-01
4.61853,224.580,0.148667E-01
4.61914,224.609,0.182048
4.61975,224.639,-0.297811E-03
4.62036,224.669,-0.620116E-01
4.62097,224.698,0.187079
4.62158,224.728,-0.116627
4.62219,224.758,0.481741E-01
4.62280,224.787,-0.458337
4.62341,224.817,-0.176367E-01
4.62402,224.847,-0.233333
4.62463,224.876,0.217797
4.62524,224.906,0.144079
4.62585,224.936,-0.434065E-02
4.62646,224.966,-0.908933E-01
4.62708,224.995,-0.445382E-01
4.62769,225.025,-0.332468E-01
4.62830,225.055,-0.259250E-01
4.62891,225.084,0.172300
4.62952,225.114,0.147610
4.63013,225.144,0.200267
4.63074,225.173,0.234463
4.63135,225.203,0.239344
4.63196,225.233,0.150694
4.63257,225.262,0.187114
4.63318,225.292,-0.195303
4.63379,225.322,0.245425E-01
4.63440,225.351,-0.456418
4.63501,225.381,0.381273E-01
4.63562,225.411,0.245236
4.63623,225.440,0.204526
4.63684,225.470,0.889440E-01
4.63745,225.500,0.432763
4.63806,225.529,0.188158
4.63867,225.559,-0.143210E-01
4.63928,225.589,-0.673481E-01
4.63989,225.618,0.205147
4.64050,225.648,0.297957
4.64111,225.678,0.126816
4.64172,225.708,-0.717497E-01
4.64233,225.737,0.597038E-01
4.64294,225.767,0.304308
4.64355,225.797,-0.419383E-01
4.64417,225.826,-0.751435E-01
4.64478,225.856,-0.685582E-01
4.64539,225.886,0.719713E-01
4.64600,225.915,-0.348032E-01
4.64661,225.945,0.117474
4.64722,225.975,0.409976E-01
4.64783,226.004,0.402598E-01
4.64844,226.034,-0.233695
4.64905,226.064,-0.422409E-01
4.64966,226.093,-0.204202
4.65027,226.123,-0.294534
4.65088,226.153,-0.328738E-01
4.65149,226.182,0.306176
4.65210,226.212,0.453215E-01
4.65271,226.242,0.200184
4.65332,226.271,-0.749038E-01
4.65393,226.301,-0.125391
4.65454,226.331,-0.396746
4.65515,226.360,-0.206272
4.65576,226.390,-0.378150
4.65637,226.420,-0.539789E-01
4.65698,226.449,-0.764006E-01
4.65759,226.479,0.119818
4.65820,226.509,-0.212827
4.65881,226.539,0.123240
4.65942,226.568,0.108575
4.66003,226.598,-0.231519
4.66064,226.628,-0.959697E-01
4.66125,226.657,0.337651E-01
4.66187,226.687,0.331924
4.66248,226.717,-0.486316E-01
4.66309,226.746,0.380283E-01
4.66370,226.776,-0.510732E-01
4.66431,226.806,-0.167722
4.66492,226.835,-0.379812E-01
4.66553,226.865,0.144180
4.66614,226.895,0.792230E-01
4.66675,226.924,0.157331
4.66736,226.954,0.511043
4.66797,226.984,-0.910860E-01
4.66858,227.013,0.549398
4.66919,227.043,0.226172
4.66980,227.073,0.167968
4.67041,227.102,-0.143551
4.67102,227.132,0.211007
4.67163,227.162,0.168787
4.67224,227.191,-0.480562E-01
4.67285,227.221,-0.934822E-02
4.67346,227.251,-0.106361
4.67407,227.280,0.139963
4.67468,227.310,-0.671383E-01
4.67529,227.340,-0.412218
4.67590,227.370,-0.485344E-01
4.67651,227.399,-0.182736E-01
4.67712,227.429,0.425891E-01
4.67773,227.459,-0.301989E-01
4.67834,227.488,0.281995E-01
4.67896,227.518,0.421524E-01
4.67957,227.548,0.325214E-01
4.68018,227.577,-0.399289E-01
4.68079,227.607,0.109181E-01
4.68140,227.637,0.120674E-01
4.68201,227.666,-0.129245
4.68262,227.696,0.371259E-02
4.68323,227.726,0.122307
4.68384,227.755,0.166837
4.68445,227.785,-0.455634E-01
4.68506,227.815,-0.274675E-01
4.68567,227.844,-0.521084E-02
4.68628,227.874,0.259240E-01
4.68689,227.904,0.247691E-01
4.68750,227.933,-0.824937E-01
4.68811,227.963,-0.131693
4.68872,227.993,-0.764662E-02
4.68933,228.022,-0.750942E-01
4.68994,228.052,0.366675E-01
4.69055,228.082,-0.618522E-01
4.69116,228.111,0.489275E-02
4.69177,228.141,-0.490420E-01
4.69238,228.171,-0.278004E-01
4.69299,228.201,0.844622E-01
4.69360,228.230,-0.122505
4.69421,228.260,0.189794
4.69482,228.290,0.175839
4.69543,228.319,-0.124607
4.69604,228.349,-0.218361
4.69666,228.379,-0.108324
4.69727,228.408,0.449990E-01
4.69788,228.438,0.238328
4.69849,228.468,0.145557
4.69910,228.497,0.393787
4.69971,228.527,0.255872
4.70032,228.557,0.438114
4.70093,228.586,0.172764
4.70154,228.616,0.926729E-01
4.70215,228.646,0.155946
4.70276,228.675,0.173876
4.70337,228.705,-0.223926
4.70398,228.735,-0.544121E-01
4.70459,228.764,-0.140421
4.70520,228.794,-0.152569
4.70581,228.824,-0.350654
4.70642,228.853,-0.888637E-01
4.70703,228.883,-0.195455
4.70764,228.913,-0.226422
4.70825,228.942,-0.214213
4.70886,228.972,-0.158049
4.70947,229.002,-0.210765
4.71008,229.032,-0.701762E-01
4.71069,229.061,-0.292262E-01
4.71130,229.091,0.674288E-02
4.71191,229.121,-0.534035E-01
4.71252,229.150,-0.860302E-01
4.71313,229.180,-0.161730
4.71375,229.210,-0.196273
4.71436,229.239,-0.384961
4.71497,229.269,0.338089E-01
4.71558,229.299,0.988490E-01
4.71619,229.328,-0.188530
4.71680,229.358,0.167194
4.71741,229.388,-0.469182
4.71802,229.417,-0.342454E-01
4.71863,229.447,-0.581136E-01
4.71924,229.477,-0.896113E-01
4.71985,229.506,0.215961
4.72046,229.536,0.181245
4.72107,229.566,0.245606E-01
4.72168,229.595,-0.200787
4.72229,229.625,-0.238491E-01
4.72290,229.655,-0.334700E-01
4.72351,229.684,-0.109961
4.72412,229.714,0.257797
4.72473,229.744,-0.809277E-02
4.72534,229.774,-0.146557
4.72595,229.803,-0.438490E-01
4.72656,229.833,0.364020E-01
4.72717,229.863,0.104458
4.72778,229.892,-0.156882E-01
4.72839,229.922,-0.208482
4.72900,229.952,0.131099
4.72961,229.981,-0.132068
4.73022,230.011,0.214507
4.73083,230.041,-0.704265E-03
4.73145,230.070,-0.105840
4.73206,230.100,0.156546
4.73267,230.130,-0.961119E-01
4.73328,230.159,-0.950828E-01
4.73389,230.189,0.204734
4.73450,230.219,0.197472
4.73511,230.248,0.171493
4.73572,230.278,-0.335950E-01
4.73633,230.308,0.255383
4.73694,230.337,-0.734000E-01
4.73755,230.367,0.589934E-01
4.73816,230.397,-0.171303E-01
4.73877,230.426,0.439112E-01
4.73938,230.456,0.761348E-01
4.73999,230.486,0.209086E-01
4.74060,230.515,0.299621E-01
4.74121,230.545,-0.834747E-01
4.74182,230.575,0.512950E-01
4.74243,230.605,0.497640E-01
4.74304,230.634,0.832290E-01
4.74365,230.664,-0.978054E-01
4.74426,230.694,-0.109851
4.74487,230.723,0.666902E-01
4.74548,230.753,-0.734124E-01
4.74609,230.783,-0.933780E-01
4.74670,230.812,0.105903E-01
4.74731,230.842,0.123114
4.74792,230.872,0.113800
4.74854,230.901,0.127779
4.74915,230.931,0.743667E-01
4.74976,230.961,-0.113880
4.75037,230.990,0.318952E-01
4.75098,231.020,-0.803913E-02
4.75159,231.050,0.268462E-01
4.75220,231.079,0.929863E-02
4.75281,231.109,0.621220E-01
4.75342,231.139,0.985207E-01
4.75403,231.168,-0.628864E-01
4.75464,231.198,0.155937
4.75525,231.228,0.219072
4.75586,231.257,0.658991E-01
4.75647,231.287,0.153390
4.75708,231.317,0.700359E-01
4.75769,231.346,0.300195
4.75830,231.376,-0.520618E-01
4.75891,231.406,-0.123650
4.75952,231.436,0.347162
4.76013,231.465,-0.568349E-01
4.76074,231.495,-0.414749
4.76135,231.525,-0.300887
4.76196,231.554,0.260848
4.76257,231.584,-0.914251E-01
4.76318,231.614,-0.393473
4.76379,231.643,-0.857403E-01
4.76440,231.673,-0.478492
4.76501,231.703,-0.283222
4.76562,231.732,-0.612017
4.76624,231.762,-0.188673
4.76685,231.792,-0.480851
4.76746,231.821,-0.515972
4.76807,231.851,-0.217370
4.76868,231.881,0.254766E-01
4.76929,231.910,-0.218561
4.76990,231.940,-0.148468
4.77051,231.970,-0.510247E-01
4.77112,231.999,-0.281924
4.77173,232.029,-0.581839E-02
4.77234,232.059,-0.667441E-01
4.77295,232.088,0.479975E-01
4.77356,232.118,0.201473E-01
4.77417,232.148,-0.445473E-02
4.77478,232.177,0.121274
4.77539,232.207,0.263335
4.77600,232.237,-0.654923E-01
4.77661,232.267,0.103278E-01
4.77722,232.296,0.175947
4.77783,232.326,-0.107589E-01
4.77844,232.356,-0.133041
4.77905,232.385,0.587370E-02
4.77966,232.415,-0.127397
4.78027,232.445,0.307949E-01
4.78088,232.474,0.144580
4.78149,232.504,0.733399E-01
4.78210,232.534,0.113235
4.78271,232.563,-0.685371E-01
4.78333,232.593,0.285981
4.78394,232.623,0.203380
4.78455,232.652,0.146189
4.78516,232.682,0.124276
4.78577,232.712,0.207045
4.78638,232.741,-0.741559E-02
4.78699,232.771,0.874652E-01
4.78760,232.801,0.401088E-01
4.78821,232.830,0.184230E-01
4.78882,232.860,0.937535E-02
4.78943,232.890,0.479122E-02
4.79004,232.919,0.250589E-01
4.79065,232.949,-0.262481E-01
4.79126,232.979,-0.797800E-01
4.79187,233.008,-0.159695
4.79248,233.038,-0.462598E-01
4.79309,233.068,0.387665E-01
4.79370,233.098,0.223639
4.79431,233.127,0.168713
4.79492,233.157,0.973666E-01
4.79553,233.187,0.256998
4.79614,233.216,0.186518
4.79675,233.246,0.140377
4.79736,233.276,0.246401E-01
4.79797,233.305,0.445693E-01
4.79858,233.335,0.431116
4.79919,233.365,-0.479163E-01
4.79980,233.394,-0.279966E-01
4.80042,233.424,-0.411928E-01
4.80103,233.454,-0.678835E-01
4.80164,233.483,0.411426E-01
4.80225,233.513,-0.282062
4.80286,233.543,0.731680E-01
4.80347,233.572,0.392741E-01
4.80408,233.602,0.175884
4.80469,233.632,0.226708
4.80530,233.661,0.137855
4.80591,233.691,0.130766E-01
4.80652,233.721,-0.153237
4.80713,233.750,-0.951403E-01
4.80774,233.780,0.100761
4.80835,233.810,-0.107144
4.80896,233.840,-0.183394
4.80957,233.869,0.330854E-01
4.81018,233.899,-0.382395E-01
4.81079,233.929,-0.211194
4.81140,233.958,-0.394955
4.81201,233.988,-0.239775
4.81262,234.018,-0.133908
4.81323,234.047,-0.492073
4.81384,234.077,-0.414437
4.81445,234.107,-0.187191
4.81506,234.136,0.105796
4.81567,234.166,-0.439991
4.81628,234.196,-0.527570E-01
4.81689,234.225,-0.121467
4.81750,234.255,-0.970633E-01
4.81812,234.285,0.435846E-01
4.81873,234.314,-0.105004
4.81934,234.344,0.209397
4.81995,234.374,-0.120978E-01
4.82056,234.403,0.458630E-01
4.82117,234.433,-0.204929E-01
4.82178,234.463,-0.369194E-01
4.82239,234.492,-0.136934E-01
4.82300,234.522,0.473880E-01
4.82361,234.552,-0.483581E-02
4.82422,234.581,0.297384
4.82483,234.611,0.343126
4.82544,234.641,0.217789
4.82605,234.671,0.112567
4.82666,234.700,0.185189
4.82727,234.730,0.511303
4.82788,234.760,0.793040
4.82849,234.789,0.936432E-01
4.82910,234.819,0.659151
4.82971,234.849,0.446374
4.83032,234.878,0.694704
4.83093,234.908,0.567364
4.83154,234.938,0.555759
4.83215,234.967,0.601456
4.83276,234.997,0.303920
4.83337,235.027,0.583166E-01
4.83398,235.056,-0.289779
4.83459,235.086,0.435698
4.83521,235.116,0.208684
4.83582,235.145,0.465656
4.83643,235.175,0.239802
4.83704,235.205,0.243641
4.83765,235.234,0.272641
4.83826,235.264,0.208473E-01
4.83887,235.294,0.661270E-01
4.83948,235.323,-0.575173E-01
4.84009,235.353,-0.190185
4.84070,235.383,-0.104279
4.84131,235.412,0.485021E-03
4.84192,235.442,0.116999
4.84253,235.472,-0.865285E-02
4.84314,235.502,-0.222841E-01
4.84375,235.531,-0.230700
4.84436,235.561,0.155368E-01
4.84497,235.591,0.135212
4.84558,235.620,0.513693E-01
4.84619,235.650,0.906126E-01
4.84680,235.680,-0.656094E-02
4.84741,235.709,0.458846E-01
4.84802,235.739,0.642536E-01
4.84863,235.769,-0.547839E-01
4.84924,235.798,-0.282097E-01
4.84985,235.828,0.106580
4.85046,235.858,0.570990
4.85107,235.887,0.919021E-01
4.85168,235.917,0.304194
4.85229,235.947,0.163275
4.85291,235.976,0.206124
4.85352,236.006,0.464837E-02
4.85413,236.036,0.442951
4.85474,236.065,0.743459
4.85535,236.095,0.267983
4.85596,236.125,-0.395309E-01
4.85657,236.154,0.490369
4.85718,236.184,0.101261E-01
4.85779,236.214,0.406580
4.85840,236.243,-0.311105
4.85901,236.273,0.677538
4.85962,236.303,0.157772
4.86023,236.333,0.482888
4.86084,236.362,0.614508
4.86145,236.392,0.356261
4.86206,236.422,0.486249
4.86267,236.451,0.514988
4.86328,236.481,0.481454
4.86389,236.511,0.279913
4.86450,236.540,0.194962
4.86511,236.570,0.523096
4.86572,236.600,0.416679
4.86633,236.629,0.220559
4.86694,236.659,0.239462
4.86755,236.689,0.229692
4.86816,236.718,0.774467
4.86877,236.748,0.312036
4.86938,236.778,0.344018
4.87000,236.807,0.232962
4.87061,236.837,0.739833E-01
4.87122,236.867,-0.730010E-01
4.87183,236.896,-0.188876E-01
4.87244,236.926,0.496041E-01
4.87305,236.956,0.214387E-01
4.87366,236.985,0.144053
4.87427,237.015,0.393353E-02
4.87488,237.045,0.550879E-01
4.87549,237.074,0.520964E-01
4.87610,237.104,-0.132673E-01
4.87671,237.134,0.232527
4.87732,237.164,0.119675
4.87793,237.193,0.272258
4.87854,237.223,0.235987E-01
4.87915,237.253,0.906188E-01
4.87976,237.282,0.310463
4.88037,237.312,0.238404
4.88098,237.342,0.155013
4.88159,237.371,0.116087
4.88220,237.401,0.600935
4.88281,237.431,0.375886
4.88342,237.460,0.568064
4.88403,237.490,0.135551
4.88464,237.520,0.219574
4.88525,237.549,0.310598
4.88586,237.579,0.162914
4.88647,237.609,0.128103
4.88708,237.638,-0.608076E-01
4.88770,237.668,-0.207276
4.88831,237.698,-0.130007
4.88892,237.727,0.512229E-01
4.88953,237.757,-0.880485E-01
4.89014,237.787,0.141247
4.89075,237.816,0.141397
4.89136,237.846,0.326707E-02
4.89197,237.876,0.730321E-01
4.89258,237.906,-0.229827
4.89319,237.935,-0.844426E-01
4.89380,237.965,-0.949266E-01
4.89441,237.995,-0.262563
4.89502,238.024,0.125776
4.89563,238.054,-0.231267
4.89624,238.084,-0.166002
4.89685,238.113,-0.259142E-01
4.89746,238.143,0.812790E-01
4.89807,238.173,-0.710061E-02
4.89868,238.202,-0.302745
4.89929,238.232,-0.939795E-01
4.89990,238.262,0.275566
4.90051,238.291,-0.362324
4.90112,238.321,0.202662
4.90173,238.351,-0.327116
4.90234,238.380,-0.359464
4.90295,238.410,0.105501
4.90356,238.440,0.567061
4.90417,238.469,-0.225104
4.90479,238.499,0.974520E-01
4.90540,238.529,-0.524873
4.90601,238.558,0.171924
4.90662,238.588,-0.582889
4.90723,238.618,-0.437410E-01
4.90784,238.647,-0.190059
4.90845,238.677,-0.836317E-01
4.90906,238.707,-0.822708E-01
4.90967,238.737,0.239678
4.91028,238.766,0.229567
4.91089,238.796,0.319883
4.91150,238.826,0.576554E-01
4.91211,238.855,0.222006
4.91272,238.885,0.241278E-01
4.91333,238.915,-0.361684E-02
4.91394,238.944,0.254203
4.91455,238.974,0.709971E-02
4.91516,239.004,0.754725E-01
4.91577,239.033,-0.760072E-01
4.91638,239.063,-0.192836
4.91699,239.093,-0.643408E-01
4.91760,239.122,-0.177041E-01
4.91821,239.152,-0.689135E-01
4.91882,239.182,0.176327
4.91943,239.211,0.814822E-01
4.92004,239.241,-0.237401E-01
4.92065,239.271,-0.836720E-01
4.92126,239.300,-0.255196
4.92188,239.330,-0.301848
4.92249,239.360,-0.108356
4.92310,239.389,-0.531202E-01
4.92371,239.419,-0.250618E-02
4.92432,239.449,0.368232E-01
4.92493,239.478,0.405833
4.92554,239.508,-0.103511
4.92615,239.538,-0.201027
4.92676,239.568,0.224424
4.92737,239.597,0.110474
4.92798,239.627,-0.155182
4.92859,239.657,-0.361487
4.92920,239.686,0.410633E-01
4.92981,239.716,-0.532474E-01
4.93042,239.746,-0.331683
4.93103,239.775,0.269092E-02
4.93164,239.805,-0.180522
4.93225,239.835,0.237565
4.93286,239.864,0.358006E-01
4.93347,239.894,0.639597E-01
4.93408,239.924,0.154761E-01
4.93469,239.953,0.507620E-01
4.93530,239.983,-0.575520E-01
4.93591,240.013,0.524083E-02
4.93652,240.042,-0.367898E-01
4.93713,240.072,-0.915569E-01
4.93774,240.102,0.364671E-01
4.93835,240.131,0.371710E-01
4.93896,240.161,-0.100329E-01
4.93958,240.191,-0.296838E-01
4.94019,240.220,0.218866
4.94080,240.250,0.639299E-01
4.94141,240.280,0.356222
4.94202,240.309,0.384622
4.94263,240.339,0.439757
4.94324,240.369,0.519607
4.94385,240.399,0.503339
4.94446,240.428,0.319604
4.94507,240.458,0.738446
4.94568,240.488,0.157217
4.94629,240.517,-0.154533
4.94690,240.547,-0.125975
4.94751,240.577,0.161385
4.94812,240.606,0.558295
4.94873,240.636,0.452912
4.94934,240.666,0.179831
4.94995,240.695,0.933158E-01
4.95056,240.725,0.494195
4.95117,240.755,0.829869
4.95178,240.784,0.300415
4.95239,240.814,0.604168
4.95300,240.844,0.324354
4.95361,240.873,0.321988
4.95422,240.903,0.242663
4.95483,240.933,-0.201248
4.95544,240.962,0.272613
4.95605,240.992,-0.268087
4.95667,241.022,-0.476466
4.95728,241.051,-0.110958
4.95789,241.081,-0.395035E-01
4.95850,241.111,0.279172
4.95911,241.140,-0.237534
4.95972,241.170,0.370172
4.96033,241.200,-0.652045E-01
4.96094,241.230,0.914589E-01
4.96155,241.259,-0.585032E-01
4.96216,241.289,-0.182830E-01
4.96277,241.319,-0.159869
4.96338,241.348,0.184745E-01
4.96399,241.378,-0.239906
4.96460,241.408,0.290913E-02
4.96521,241.437,-0.137518
4.96582,241.467,-0.993139E-01
4.96643,241.497,-0.279888
4.96704,241.526,-0.124158
4.96765,241.556,-0.358188
4.96826,241.586,-0.382953E-01
4.96887,241.615,-0.137813
4.96948,241.645,0.709925E-01
4.97009,241.675,0.118311
4.97070,241.704,0.534039E-01
4.97131,241.734,-0.858362E-01
4.97192,241.764,-0.136900E-01
4.97253,241.793,0.354549E-01
4.97314,241.823,0.666859E-01
4.97375,241.853,0.140336
4.97437,241.882,-0.167015
4.97498,241.912,0.351855E-01
4.97559,241.942,0.205607
4.97620,241.972,-0.124804
4.97681,242.001,0.104348
4.97742,242.031,0.104427
4.97803,242.061,0.291953
4.97864,242.090,0.608776E-01
4.97925,242.120,0.430397
4.97986,242.150,0.575141
4.98047,242.179,0.260109
4.98108,242.209,0.982824E-01
4.98169,242.239,0.155102
4.98230,242.268,-0.106713
4.98291,242.298,0.189656
4.98352,242.328,-0.825782E-01
4.98413,242.357,0.553721E-01
4.98474,242.387,-0.109836
4.98535,242.417,-0.925380E-01
4.98596,242.446,0.183514E-01
4.98657,242.476,0.100584
4.98718,242.506,-0.199523
4.98779,242.535,-0.156336E-02
4.98840,242.565,0.122322
4.98901,242.595,-0.233087E-01
4.98962,242.624,-0.112736
4.99023,242.654,-0.339283E-01
4.99084,242.684,0.300791E-01
4.99146,242.713,-0.102424E-01
4.99207,242.743,-0.809006E-01
4.99268,242.773,0.299985E-01
4.99329,242.803,0.329177E-01
4.99390,242.832,0.705114E-01
4.99451,242.862,0.108925
4.99512,242.892,0.103765
4.99573,242.921,-0.178979E-01
4.99634,242.951,0.255846E-02
4.99695,242.981,0.127581
4.99756,243.010,0.267279
4.99817,243.040,0.218051
4.99878,243.070,-0.251027E-01
4.99939,243.099,0.200751
5.00000,243.129,0.312505E-01
