Full_(co)spectra
----------------
natural_frequency_[Hz]_->_from_[1/_averaging_interval]_to_[acquisition_frequency_/_2]
normalized_frequency_[#]->_natural_frequency_*_measuring_height_/_wind_speed
y-axis_->_natural_frequency_*_(co)spectrum_/_(co)variance
acquisition_frequency_[Hz]_=_ 10.000
measuring_height_(z-d)_[m]_=_  9.560
wind_speed_[m+1s-1]_=_  2.199
averaging_interval_[min]_=_     30
tapering_window_=_SQUARED_(no_tapering_forced_by_EddyPro._Tapering_is_only_applied_for_binned_(co)spectra)
,,cov(w_ts)
,,9.0983169517944606E-002
natural_frequency,normalized_frequency,f_nat*cospec(w_ts)
0.610352E-03,0.265312E-02,0.398583E-01
0.122070E-02,0.530623E-02,0.219352E-01
0.183105E-02,0.795935E-02,-0.389398E-02
0.244141E-02,0.106125E-01,0.377886
0.305176E-02,0.132656E-01,0.397656E-01
0.366211E-02,0.159187E-01,0.479455E-01
0.427246E-02,0.185718E-01,0.123900
0.488281E-02,0.212249E-01,0.405090E-01
0.549316E-02,0.238781E-01,-0.915408E-02
0.610352E-02,0.265312E-01,0.525138E-01
0.671387E-02,0.291843E-01,0.101640
0.732422E-02,0.318374E-01,0.545652
0.793457E-02,0.344905E-01,1.11366
0.854492E-02,0.371436E-01,0.406158
0.915527E-02,0.397968E-01,-0.757608E-01
0.976562E-02,0.424499E-01,0.554397
0.103760E-01,0.451030E-01,0.126445
0.109863E-01,0.477561E-01,0.218941
0.115967E-01,0.504092E-01,-0.320699E-01
0.122070E-01,0.530623E-01,0.210875
0.128174E-01,0.557155E-01,0.126841
0.134277E-01,0.583686E-01,-0.351999E-01
0.140381E-01,0.610217E-01,-0.111891E-01
0.146484E-01,0.636748E-01,1.22816
0.152588E-01,0.663279E-01,0.128928E-01
0.158691E-01,0.689811E-01,0.495243E-01
0.164795E-01,0.716342E-01,-0.188223
0.170898E-01,0.742873E-01,0.564038
0.177002E-01,0.769404E-01,0.282884
0.183105E-01,0.795935E-01,0.318632
0.189209E-01,0.822466E-01,0.401825
0.195312E-01,0.848998E-01,0.499023E-01
0.201416E-01,0.875529E-01,0.554946
0.207520E-01,0.902060E-01,0.365906
0.213623E-01,0.928591E-01,0.253932
0.219727E-01,0.955122E-01,0.163392
0.225830E-01,0.981653E-01,0.653712
0.231934E-01,0.100818,-0.626321E-01
0.238037E-01,0.103472,-0.265319E-01
0.244141E-01,0.106125,0.564645E-01
0.250244E-01,0.108778,-0.353670E-01
0.256348E-01,0.111431,0.133564E-01
0.262451E-01,0.114084,0.626564E-01
0.268555E-01,0.116737,-0.463522E-03
0.274658E-01,0.119390,0.593015
0.280762E-01,0.122043,0.309807
0.286865E-01,0.124697,1.05949
0.292969E-01,0.127350,0.123994
0.299072E-01,0.130003,0.365934E-02
0.305176E-01,0.132656,0.600743
0.311279E-01,0.135309,0.438520
0.317383E-01,0.137962,0.150072
0.323486E-01,0.140615,-0.639707E-01
0.329590E-01,0.143268,0.403635E-01
0.335693E-01,0.145921,-0.407954E-02
0.341797E-01,0.148575,1.20242
0.347900E-01,0.151228,0.516302
0.354004E-01,0.153881,0.196999
0.360107E-01,0.156534,0.993118E-01
0.366211E-01,0.159187,0.301951E-01
0.372314E-01,0.161840,0.374462
0.378418E-01,0.164493,0.908493
0.384521E-01,0.167146,0.300040
0.390625E-01,0.169800,0.406289
0.396729E-01,0.172453,0.373433E-01
0.402832E-01,0.175106,0.180640
0.408936E-01,0.177759,-0.284678E-01
0.415039E-01,0.180412,-0.474586E-01
0.421143E-01,0.183065,0.997724E-01
0.427246E-01,0.185718,0.175466E-01
0.433350E-01,0.188371,-0.570658
0.439453E-01,0.191024,0.604495
0.445557E-01,0.193678,0.273827E-02
0.451660E-01,0.196331,0.269187E-01
0.457764E-01,0.198984,-0.142825
0.463867E-01,0.201637,0.596017E-01
0.469971E-01,0.204290,0.228395
0.476074E-01,0.206943,0.648849E-01
0.482178E-01,0.209596,-0.124607E-01
0.488281E-01,0.212249,0.306959
0.494385E-01,0.214903,0.391698
0.500488E-01,0.217556,0.388694E-01
0.506592E-01,0.220209,0.216976E-01
0.512695E-01,0.222862,0.891133E-01
0.518799E-01,0.225515,0.146105
0.524902E-01,0.228168,0.109114
0.531006E-01,0.230821,1.29828
0.537109E-01,0.233474,0.110861
0.543213E-01,0.236127,0.439286
0.549316E-01,0.238781,0.372998
0.555420E-01,0.241434,-0.633764E-02
0.561523E-01,0.244087,-0.703498E-02
0.567627E-01,0.246740,-0.263499E-01
0.573730E-01,0.249393,-0.348861
0.579834E-01,0.252046,0.105750
0.585938E-01,0.254699,0.127102
0.592041E-01,0.257352,1.05546
0.598145E-01,0.260006,0.315460
0.604248E-01,0.262659,0.247204
0.610352E-01,0.265312,0.431172E-01
0.616455E-01,0.267965,0.730242
0.622559E-01,0.270618,0.489922E-01
0.628662E-01,0.273271,0.172989
0.634766E-01,0.275924,0.182195
0.640869E-01,0.278577,-0.427191
0.646973E-01,0.281230,0.288864
0.653076E-01,0.283884,0.738137
0.659180E-01,0.286537,-0.240424E-01
0.665283E-01,0.289190,-0.210156
0.671387E-01,0.291843,-0.131353
0.677490E-01,0.294496,-0.210834E-01
0.683594E-01,0.297149,-0.815793E-01
0.689697E-01,0.299802,0.221370
0.695801E-01,0.302455,0.417270E-01
0.701904E-01,0.305109,0.179089
0.708008E-01,0.307762,0.149653
0.714111E-01,0.310415,0.108002E-01
0.720215E-01,0.313068,-0.167168E-01
0.726318E-01,0.315721,0.105878
0.732422E-01,0.318374,0.364580
0.738525E-01,0.321027,1.63528
0.744629E-01,0.323680,0.197119
0.750732E-01,0.326333,0.235666E-03
0.756836E-01,0.328987,-0.113523
0.762939E-01,0.331640,0.955506E-01
0.769043E-01,0.334293,0.210776
0.775146E-01,0.336946,0.210783
0.781250E-01,0.339599,0.900058E-01
0.787354E-01,0.342252,0.575343
0.793457E-01,0.344905,0.112986
0.799561E-01,0.347558,1.17786
0.805664E-01,0.350211,0.181062
0.811768E-01,0.352865,0.173890
0.817871E-01,0.355518,0.236802
0.823975E-01,0.358171,0.844547E-01
0.830078E-01,0.360824,0.283000
0.836182E-01,0.363477,0.268981
0.842285E-01,0.366130,0.645238E-01
0.848389E-01,0.368783,0.113461E-01
0.854492E-01,0.371436,0.232100
0.860596E-01,0.374090,0.120048
0.866699E-01,0.376743,-0.665242E-01
0.872803E-01,0.379396,0.161065
0.878906E-01,0.382049,0.167002
0.885010E-01,0.384702,0.328158E-01
0.891113E-01,0.387355,0.150003
0.897217E-01,0.390008,-0.126760E-01
0.903320E-01,0.392661,-0.128483
0.909424E-01,0.395314,0.332557
0.915527E-01,0.397968,-0.311025E-03
0.921631E-01,0.400621,0.352161E-01
0.927734E-01,0.403274,-0.235786
0.933838E-01,0.405927,0.403695
0.939941E-01,0.408580,0.567668
0.946045E-01,0.411233,0.451145E-01
0.952148E-01,0.413886,0.656107
0.958252E-01,0.416539,0.508397E-01
0.964355E-01,0.419193,0.315603E-01
0.970459E-01,0.421846,0.157050E-01
0.976562E-01,0.424499,0.942414E-01
0.982666E-01,0.427152,-0.482149E-01
0.988770E-01,0.429805,0.317518
0.994873E-01,0.432458,0.134242
0.100098,0.435111,0.390533
0.100708,0.437764,0.500692E-01
0.101318,0.440417,0.273375
0.101929,0.443071,0.272564E-01
0.102539,0.445724,0.308052
0.103149,0.448377,0.848319E-01
0.103760,0.451030,0.614540E-01
0.104370,0.453683,0.135520E-01
0.104980,0.456336,-0.381649E-01
0.105591,0.458989,0.681390E-01
0.106201,0.461642,-0.369710
0.106812,0.464296,-0.148753E-01
0.107422,0.466949,0.309030
0.108032,0.469602,-0.102534
0.108643,0.472255,0.315773
0.109253,0.474908,0.233473
0.109863,0.477561,0.351438
0.110474,0.480214,0.791008E-01
0.111084,0.482867,0.385838
0.111694,0.485520,-0.830843E-01
0.112305,0.488174,0.144914
0.112915,0.490827,-0.142269
0.113525,0.493480,0.117053
0.114136,0.496133,0.318233
0.114746,0.498786,-0.417577E-01
0.115356,0.501439,0.198750
0.115967,0.504092,0.559621E-02
0.116577,0.506745,-0.164438
0.117188,0.509399,-0.959262E-01
0.117798,0.512052,0.137596E-01
0.118408,0.514705,-0.576456E-01
0.119019,0.517358,-0.327921E-01
0.119629,0.520011,0.154770
0.120239,0.522664,-0.169845E-01
0.120850,0.525317,0.432622
0.121460,0.527970,0.204846
0.122070,0.530623,0.173630
0.122681,0.533277,0.828010E-01
0.123291,0.535930,0.115008
0.123901,0.538583,0.411663
0.124512,0.541236,0.497773
0.125122,0.543889,-0.204704
0.125732,0.546542,-0.642654E-01
0.126343,0.549195,0.173440E-01
0.126953,0.551848,-0.216994E-01
0.127563,0.554502,0.210958E-01
0.128174,0.557155,-0.459618E-01
0.128784,0.559808,-0.448205E-01
0.129395,0.562461,0.298908
0.130005,0.565114,-0.349584
0.130615,0.567767,0.142315
0.131226,0.570420,0.234130
0.131836,0.573073,0.741726E-01
0.132446,0.575726,0.970697E-01
0.133057,0.578380,0.320627
0.133667,0.581033,-0.144578
0.134277,0.583686,0.574173E-01
0.134888,0.586339,-0.129820
0.135498,0.588992,0.675933E-01
0.136108,0.591645,0.152314
0.136719,0.594298,0.296815E-01
0.137329,0.596951,0.526669E-01
0.137939,0.599605,0.185961
0.138550,0.602258,-0.473398E-02
0.139160,0.604911,0.463277E-01
0.139771,0.607564,0.527995E-02
0.140381,0.610217,0.286939
0.140991,0.612870,0.201016E-01
0.141602,0.615523,-0.907789E-01
0.142212,0.618176,0.201332
0.142822,0.620829,0.896161E-01
0.143433,0.623483,-0.170009E-01
0.144043,0.626136,0.207738
0.144653,0.628789,0.266813
0.145264,0.631442,-0.851849E-01
0.145874,0.634095,0.154934
0.146484,0.636748,0.103143
0.147095,0.639401,-0.148779
0.147705,0.642054,0.468509
0.148315,0.644708,-0.198332
0.148926,0.647361,-0.488278E-01
0.149536,0.650014,0.357251
0.150146,0.652667,0.123569
0.150757,0.655320,0.472014E-02
0.151367,0.657973,-0.258011E-01
0.151978,0.660626,-0.346221E-01
0.152588,0.663279,0.190532
0.153198,0.665932,-0.893302E-02
0.153809,0.668586,0.789112E-01
0.154419,0.671239,-0.857891E-01
0.155029,0.673892,0.284336
0.155640,0.676545,0.388730E-01
0.156250,0.679198,0.160698
0.156860,0.681851,-0.378910E-01
0.157471,0.684504,0.202355
0.158081,0.687157,-0.121966E-03
0.158691,0.689811,-0.461287E-03
0.159302,0.692464,0.193253
0.159912,0.695117,0.369731E-01
0.160522,0.697770,0.143141
0.161133,0.700423,0.598452E-01
0.161743,0.703076,-0.166074
0.162354,0.705729,0.801081E-01
0.162964,0.708382,0.240798E-02
0.163574,0.711035,0.101903
0.164185,0.713689,0.477950
0.164795,0.716342,0.249621
0.165405,0.718995,-0.953914E-02
0.166016,0.721648,-0.592256E-01
0.166626,0.724301,0.136018
0.167236,0.726954,0.126239
0.167847,0.729607,-0.714977E-01
0.168457,0.732260,-0.576738E-01
0.169067,0.734914,-0.210611E-01
0.169678,0.737567,0.217128
0.170288,0.740220,0.148863
0.170898,0.742873,-0.582834E-02
0.171509,0.745526,-0.303728E-01
0.172119,0.748179,0.181559
0.172729,0.750832,0.542232
0.173340,0.753485,0.270781
0.173950,0.756138,0.312635
0.174561,0.758792,0.312497
0.175171,0.761445,-0.433276E-01
0.175781,0.764098,-0.118234
0.176392,0.766751,0.424108E-01
0.177002,0.769404,-0.162432E-02
0.177612,0.772057,-0.903780E-01
0.178223,0.774710,0.262027
0.178833,0.777363,0.257916
0.179443,0.780017,0.285925
0.180054,0.782670,0.103824
0.180664,0.785323,0.617916E-02
0.181274,0.787976,0.202140
0.181885,0.790629,-0.680304E-01
0.182495,0.793282,-0.176688
0.183105,0.795935,0.681499
0.183716,0.798588,-0.148103
0.184326,0.801241,0.334712E-02
0.184937,0.803895,-0.458023E-01
0.185547,0.806548,-0.496093E-01
0.186157,0.809201,0.341791E-01
0.186768,0.811854,-0.119126
0.187378,0.814507,0.573880E-01
0.187988,0.817160,0.220290
0.188599,0.819813,0.180616
0.189209,0.822466,0.132162
0.189819,0.825120,0.994658E-01
0.190430,0.827773,-0.243739E-01
0.191040,0.830426,-0.973468E-01
0.191650,0.833079,-0.510597E-01
0.192261,0.835732,-0.134809
0.192871,0.838385,0.153610
0.193481,0.841038,-0.190506
0.194092,0.843691,0.740223E-01
0.194702,0.846344,0.136449
0.195312,0.848998,-0.172620E-01
0.195923,0.851651,-0.229909
0.196533,0.854304,-0.260166E-01
0.197144,0.856957,-0.230378E-02
0.197754,0.859610,0.899894E-01
0.198364,0.862263,-0.757686E-02
0.198975,0.864916,0.659382E-02
0.199585,0.867569,0.411298
0.200195,0.870223,0.183867
0.200806,0.872876,0.171736
0.201416,0.875529,0.155380
0.202026,0.878182,-0.187158
0.202637,0.880835,0.331562E-01
0.203247,0.883488,0.232021
0.203857,0.886141,0.292323
0.204468,0.888794,-0.695404E-01
0.205078,0.891447,0.234464E-01
0.205688,0.894101,-0.173551E-01
0.206299,0.896754,-0.683541E-01
0.206909,0.899407,0.107847
0.207520,0.902060,-0.126534
0.208130,0.904713,0.472752
0.208740,0.907366,0.807258E-02
0.209351,0.910019,-0.156362E-01
0.209961,0.912672,0.235980
0.210571,0.915326,0.201252E-01
0.211182,0.917979,0.119621
0.211792,0.920632,-0.630776E-01
0.212402,0.923285,0.144901E-01
0.213013,0.925938,-0.462237E-01
0.213623,0.928591,0.592243E-01
0.214233,0.931244,0.116204
0.214844,0.933897,-0.821394E-02
0.215454,0.936550,-0.326975E-01
0.216064,0.939204,-0.627316E-01
0.216675,0.941857,0.109980
0.217285,0.944510,0.344487
0.217896,0.947163,-0.107204
0.218506,0.949816,-0.121930
0.219116,0.952469,-0.419069
0.219727,0.955122,-0.833237E-01
0.220337,0.957775,0.125019
0.220947,0.960428,0.103432E-01
0.221558,0.963082,0.133396
0.222168,0.965735,0.222393
0.222778,0.968388,-0.335156
0.223389,0.971041,0.532924E-01
0.223999,0.973694,0.747424E-01
0.224609,0.976347,0.844179E-02
0.225220,0.979000,0.358172E-01
0.225830,0.981653,-0.259227E-01
0.226440,0.984307,-0.108001E-01
0.227051,0.986960,-0.232100E-01
0.227661,0.989613,0.212153
0.228271,0.992266,-0.222604
0.228882,0.994919,0.160708
0.229492,0.997572,0.139135
0.230103,1.00023,-0.170670E-01
0.230713,1.00288,0.997908E-01
0.231323,1.00553,-0.101501
0.231934,1.00818,0.237371
0.232544,1.01084,-0.311648E-01
0.233154,1.01349,0.381743E-01
0.233765,1.01614,0.172729E-02
0.234375,1.01880,0.354598E-01
0.234985,1.02145,0.813086E-01
0.235596,1.02410,-0.938731E-01
0.236206,1.02676,0.201020
0.236816,1.02941,0.399450
0.237427,1.03206,0.914177E-02
0.238037,1.03472,0.332465
0.238647,1.03737,0.234691E-01
0.239258,1.04002,0.185104
0.239868,1.04268,-0.627954E-01
0.240479,1.04533,-0.620906E-03
0.241089,1.04798,-0.180915E-02
0.241699,1.05063,-0.143008
0.242310,1.05329,0.113625
0.242920,1.05594,-0.911539E-01
0.243530,1.05859,0.663018E-01
0.244141,1.06125,-0.874158E-02
0.244751,1.06390,0.231676
0.245361,1.06655,0.266714
0.245972,1.06921,0.313926E-01
0.246582,1.07186,0.140500E-01
0.247192,1.07451,-0.451071E-01
0.247803,1.07717,0.113095
0.248413,1.07982,-0.279935E-01
0.249023,1.08247,-0.122890E-01
0.249634,1.08513,0.203837
0.250244,1.08778,-0.799845E-01
0.250854,1.09043,0.122858
0.251465,1.09308,-0.662291E-02
0.252075,1.09574,0.609438E-01
0.252686,1.09839,-0.265222E-01
0.253296,1.10104,0.105127
0.253906,1.10370,-0.312273
0.254517,1.10635,-0.524709E-01
0.255127,1.10900,0.754321E-01
0.255737,1.11166,0.254712E-01
0.256348,1.11431,0.179734
0.256958,1.11696,0.290006
0.257568,1.11962,0.436305
0.258179,1.12227,0.194277
0.258789,1.12492,0.109183
0.259399,1.12757,0.351715E-01
0.260010,1.13023,0.101544
0.260620,1.13288,-0.215567E-01
0.261230,1.13553,-0.581389E-01
0.261841,1.13819,0.334600
0.262451,1.14084,0.332931E-01
0.263062,1.14349,-0.760057E-01
0.263672,1.14615,0.695160E-01
0.264282,1.14880,-0.644029E-01
0.264893,1.15145,-0.236762E-01
0.265503,1.15411,0.294222E-01
0.266113,1.15676,0.230270
0.266724,1.15941,0.220595
0.267334,1.16207,0.132636E-01
0.267944,1.16472,0.309380E-01
0.268555,1.16737,0.209221
0.269165,1.17002,0.215500
0.269775,1.17268,0.660080
0.270386,1.17533,0.296459
0.270996,1.17798,0.319805E-01
0.271606,1.18064,0.175763E-01
0.272217,1.18329,-0.969924E-01
0.272827,1.18594,0.303183
0.273438,1.18860,0.277726
0.274048,1.19125,0.396804E-01
0.274658,1.19390,0.747981E-01
0.275269,1.19656,-0.231521E-02
0.275879,1.19921,0.189766
0.276489,1.20186,0.161442E-02
0.277100,1.20452,0.107320
0.277710,1.20717,0.116864
0.278320,1.20982,-0.102918
0.278931,1.21247,0.106609E-01
0.279541,1.21513,0.143429
0.280151,1.21778,-0.195212E-01
0.280762,1.22043,-0.961165E-01
0.281372,1.22309,-0.557000E-01
0.281982,1.22574,0.289375
0.282593,1.22839,-0.643472E-02
0.283203,1.23105,0.513963E-01
0.283813,1.23370,0.373977
0.284424,1.23635,0.263020E-01
0.285034,1.23901,0.232214
0.285645,1.24166,0.335078
0.286255,1.24431,0.917934E-01
0.286865,1.24697,0.289145E-01
0.287476,1.24962,-0.297328E-01
0.288086,1.25227,-0.101988
0.288696,1.25492,0.478287E-01
0.289307,1.25758,-0.222006
0.289917,1.26023,0.119069
0.290527,1.26288,0.150714
0.291138,1.26554,0.386860E-02
0.291748,1.26819,-0.576604E-02
0.292358,1.27084,0.118643
0.292969,1.27350,-0.657060E-01
0.293579,1.27615,-0.149609E-02
0.294189,1.27880,0.126349E-02
0.294800,1.28146,-0.447317E-01
0.295410,1.28411,-0.790524E-01
0.296021,1.28676,0.238974
0.296631,1.28942,0.149618E-01
0.297241,1.29207,-0.316006E-01
0.297852,1.29472,-0.178986E-01
0.298462,1.29737,0.414443
0.299072,1.30003,0.862528E-01
0.299683,1.30268,0.101968
0.300293,1.30533,0.317189E-02
0.300903,1.30799,0.226326
0.301514,1.31064,0.933413E-01
0.302124,1.31329,0.423908
0.302734,1.31595,0.175581
0.303345,1.31860,0.342228
0.303955,1.32125,0.993002E-02
0.304565,1.32391,0.437125
0.305176,1.32656,0.221525
0.305786,1.32921,0.896364E-01
0.306396,1.33186,0.312455E-01
0.307007,1.33452,-0.478914E-01
0.307617,1.33717,0.179533
0.308228,1.33982,0.476645E-01
0.308838,1.34248,0.153269
0.309448,1.34513,-0.664916E-01
0.310059,1.34778,-0.813733E-01
0.310669,1.35044,0.386356E-01
0.311279,1.35309,-0.141350E-01
0.311890,1.35574,0.547560E-01
0.312500,1.35840,0.847647E-02
0.313110,1.36105,-0.423645E-01
0.313721,1.36370,0.181414
0.314331,1.36636,0.270761
0.314941,1.36901,0.775443E-01
0.315552,1.37166,0.104244
0.316162,1.37431,0.173682
0.316772,1.37697,0.141785
0.317383,1.37962,0.259669
0.317993,1.38227,0.450443E-01
0.318604,1.38493,0.750369E-02
0.319214,1.38758,-0.505417E-01
0.319824,1.39023,0.274809
0.320435,1.39289,0.317858E-01
0.321045,1.39554,0.996714E-01
0.321655,1.39819,0.334051E-01
0.322266,1.40085,-0.808015E-03
0.322876,1.40350,0.427057E-02
0.323486,1.40615,-0.556783E-01
0.324097,1.40881,0.208553E-01
0.324707,1.41146,-0.478083E-01
0.325317,1.41411,0.910323E-01
0.325928,1.41676,0.222750
0.326538,1.41942,0.186596
0.327148,1.42207,0.936242E-01
0.327759,1.42472,0.342475E-01
0.328369,1.42738,-0.940998E-01
0.328979,1.43003,-0.137945E-01
0.329590,1.43268,0.101955
0.330200,1.43534,0.596511E-01
0.330811,1.43799,-0.385639E-02
0.331421,1.44064,0.344499
0.332031,1.44330,-0.107026
0.332642,1.44595,-0.858110E-02
0.333252,1.44860,0.166007
0.333862,1.45126,0.369324
0.334473,1.45391,0.196425
0.335083,1.45656,0.332881
0.335693,1.45921,0.185631
0.336304,1.46187,-0.208686E-01
0.336914,1.46452,-0.861485E-01
0.337524,1.46717,0.710960E-01
0.338135,1.46983,-0.173540E-01
0.338745,1.47248,0.309356E-01
0.339355,1.47513,-0.364638E-01
0.339966,1.47779,0.229154
0.340576,1.48044,0.193319
0.341187,1.48309,0.518254E-02
0.341797,1.48575,0.454914E-02
0.342407,1.48840,-0.149804E-02
0.343018,1.49105,-0.120541E-01
0.343628,1.49371,0.117420
0.344238,1.49636,-0.194772E-01
0.344849,1.49901,-0.637670E-02
0.345459,1.50166,-0.878807E-01
0.346069,1.50432,-0.289559E-01
0.346680,1.50697,0.117075E-01
0.347290,1.50962,-0.253222E-01
0.347900,1.51228,0.100137
0.348511,1.51493,-0.202036E-01
0.349121,1.51758,-0.902299E-01
0.349731,1.52024,-0.621847E-01
0.350342,1.52289,0.705608E-01
0.350952,1.52554,0.777297E-01
0.351562,1.52820,-0.650110E-01
0.352173,1.53085,0.318862
0.352783,1.53350,0.123063
0.353394,1.53615,0.571568E-01
0.354004,1.53881,0.248475
0.354614,1.54146,0.147300
0.355225,1.54411,-0.173347
0.355835,1.54677,-0.365962E-01
0.356445,1.54942,-0.122734E-01
0.357056,1.55207,0.191028E-01
0.357666,1.55473,-0.984690E-01
0.358276,1.55738,0.102785
0.358887,1.56003,0.498833E-01
0.359497,1.56269,0.110699
0.360107,1.56534,0.673916E-01
0.360718,1.56799,-0.102048E-01
0.361328,1.57065,0.137296
0.361938,1.57330,-0.133956E-01
0.362549,1.57595,0.215428
0.363159,1.57860,-0.962734E-01
0.363770,1.58126,0.362655E-01
0.364380,1.58391,0.383627E-01
0.364990,1.58656,-0.291597E-01
0.365601,1.58922,0.398608E-01
0.366211,1.59187,0.558615E-01
0.366821,1.59452,0.399480E-01
0.367432,1.59718,-0.402447E-01
0.368042,1.59983,-0.606151E-01
0.368652,1.60248,-0.319038E-01
0.369263,1.60514,0.844744E-02
0.369873,1.60779,0.987046E-01
0.370483,1.61044,0.335697
0.371094,1.61310,0.632681E-01
0.371704,1.61575,0.310165
0.372314,1.61840,-0.196803
0.372925,1.62105,0.232309
0.373535,1.62371,0.324245
0.374146,1.62636,0.116356
0.374756,1.62901,-0.848663E-01
0.375366,1.63167,0.289564E-01
0.375977,1.63432,0.769619E-01
0.376587,1.63697,-0.488234E-01
0.377197,1.63963,0.140873E-01
0.377808,1.64228,0.159951
0.378418,1.64493,0.624144E-01
0.379028,1.64759,-0.479729E-01
0.379639,1.65024,0.675167E-01
0.380249,1.65289,0.388979E-01
0.380859,1.65555,0.128057E-02
0.381470,1.65820,0.140363
0.382080,1.66085,0.174203
0.382690,1.66350,0.217897
0.383301,1.66616,-0.958495E-03
0.383911,1.66881,-0.214146E-01
0.384521,1.67146,0.100485
0.385132,1.67412,0.784447E-01
0.385742,1.67677,-0.255397E-01
0.386353,1.67942,0.227627
0.386963,1.68208,0.785610E-01
0.387573,1.68473,0.170583
0.388184,1.68738,0.831536E-01
0.388794,1.69004,-0.138060
0.389404,1.69269,-0.104965E-01
0.390015,1.69534,0.475748E-01
0.390625,1.69800,0.165945
0.391235,1.70065,0.113967
0.391846,1.70330,-0.465326E-02
0.392456,1.70595,0.105646
0.393066,1.70861,-0.236279E-01
0.393677,1.71126,-0.311223E-01
0.394287,1.71391,0.150771
0.394897,1.71657,0.940849E-01
0.395508,1.71922,-0.377969E-01
0.396118,1.72187,0.511658E-01
0.396729,1.72453,0.186515
0.397339,1.72718,0.345101E-01
0.397949,1.72983,0.156384
0.398560,1.73249,0.315510E-01
0.399170,1.73514,0.647204E-02
0.399780,1.73779,0.208692
0.400391,1.74045,0.395904E-01
0.401001,1.74310,-0.291685E-02
0.401611,1.74575,-0.434946E-01
0.402222,1.74840,-0.420067E-01
0.402832,1.75106,0.413906
0.403442,1.75371,0.809717E-01
0.404053,1.75636,0.774939E-01
0.404663,1.75902,0.315956E-01
0.405273,1.76167,0.152858
0.405884,1.76432,-0.250179E-02
0.406494,1.76698,-0.180578E-01
0.407104,1.76963,0.334909E-01
0.407715,1.77228,0.189964
0.408325,1.77494,0.638500E-01
0.408936,1.77759,-0.522474E-01
0.409546,1.78024,-0.111427
0.410156,1.78289,0.511549
0.410767,1.78555,0.147707
0.411377,1.78820,-0.113085
0.411987,1.79085,0.667459E-01
0.412598,1.79351,-0.524457E-01
0.413208,1.79616,-0.777273E-01
0.413818,1.79881,0.201677E-01
0.414429,1.80147,0.990000E-01
0.415039,1.80412,-0.140719
0.415649,1.80677,0.638252E-01
0.416260,1.80943,0.483622
0.416870,1.81208,0.114648
0.417480,1.81473,0.205615
0.418091,1.81739,0.602275E-01
0.418701,1.82004,0.343645E-02
0.419312,1.82269,0.328669E-02
0.419922,1.82534,0.147198
0.420532,1.82800,0.171131E-01
0.421143,1.83065,0.124413
0.421753,1.83330,-0.485512E-01
0.422363,1.83596,0.198055E-01
0.422974,1.83861,0.173632
0.423584,1.84126,0.260349
0.424194,1.84392,0.581349
0.424805,1.84657,0.110879
0.425415,1.84922,0.300977
0.426025,1.85188,0.442215E-01
0.426636,1.85453,0.189511
0.427246,1.85718,0.405158E-01
0.427856,1.85984,-0.443214E-01
0.428467,1.86249,-0.130402
0.429077,1.86514,-0.165023
0.429688,1.86779,-0.381844E-01
0.430298,1.87045,0.117989
0.430908,1.87310,0.451970E-01
0.431519,1.87575,-0.424387E-01
0.432129,1.87841,0.583824E-01
0.432739,1.88106,0.380102E-01
0.433350,1.88371,-0.325885E-01
0.433960,1.88637,-0.428758E-01
0.434570,1.88902,0.137889
0.435181,1.89167,0.238993E-01
0.435791,1.89433,-0.493116E-01
0.436401,1.89698,0.135307E-01
0.437012,1.89963,-0.953194E-01
0.437622,1.90229,-0.740063E-02
0.438232,1.90494,0.491340E-01
0.438843,1.90759,0.117473
0.439453,1.91024,0.243017E-01
0.440063,1.91290,0.567068E-02
0.440674,1.91555,0.187440
0.441284,1.91820,0.185596
0.441895,1.92086,0.152910
0.442505,1.92351,0.580585E-01
0.443115,1.92616,-0.606450E-01
0.443726,1.92882,0.119876
0.444336,1.93147,0.312469E-01
0.444946,1.93412,0.511099E-01
0.445557,1.93678,0.614122E-01
0.446167,1.93943,-0.439811E-01
0.446777,1.94208,-0.226652
0.447388,1.94474,0.160606
0.447998,1.94739,0.150365E-02
0.448608,1.95004,-0.196036
0.449219,1.95269,0.286066
0.449829,1.95535,-0.565192E-01
0.450439,1.95800,0.379034E-01
0.451050,1.96065,-0.227520E-01
0.451660,1.96331,0.274097E-01
0.452271,1.96596,0.329085E-03
0.452881,1.96861,0.580678E-01
0.453491,1.97127,0.973810E-02
0.454102,1.97392,-0.434729E-01
0.454712,1.97657,-0.241470E-01
0.455322,1.97923,0.217887
0.455933,1.98188,-0.380802E-01
0.456543,1.98453,-0.877130E-01
0.457153,1.98718,-0.257938E-01
0.457764,1.98984,0.412530E-01
0.458374,1.99249,-0.139432
0.458984,1.99514,0.683713E-02
0.459595,1.99780,0.724411E-01
0.460205,2.00045,-0.100948
0.460815,2.00310,-0.252831E-01
0.461426,2.00576,0.184048E-01
0.462036,2.00841,0.423891E-01
0.462646,2.01106,-0.585298E-01
0.463257,2.01372,-0.275775E-01
0.463867,2.01637,0.633059E-02
0.464478,2.01902,-0.669667E-02
0.465088,2.02168,0.188124
0.465698,2.02433,-0.798645E-01
0.466309,2.02698,-0.155532E-01
0.466919,2.02963,-0.138858E-02
0.467529,2.03229,0.512238E-02
0.468140,2.03494,-0.338893E-01
0.468750,2.03759,0.794344E-01
0.469360,2.04025,-0.562699E-01
0.469971,2.04290,0.904811E-01
0.470581,2.04555,-0.539954E-01
0.471191,2.04821,0.827545E-01
0.471802,2.05086,0.741660E-01
0.472412,2.05351,0.670424E-01
0.473022,2.05617,0.168177E-02
0.473633,2.05882,0.320905E-01
0.474243,2.06147,0.114278
0.474854,2.06413,-0.206037E-01
0.475464,2.06678,0.349101E-01
0.476074,2.06943,-0.366672E-02
0.476685,2.07208,-0.143511E-01
0.477295,2.07474,-0.872940E-01
0.477905,2.07739,-0.335775E-01
0.478516,2.08004,0.652529E-01
0.479126,2.08270,0.221295E-01
0.479736,2.08535,0.121462
0.480347,2.08800,-0.988990E-02
0.480957,2.09066,0.251169
0.481567,2.09331,-0.958761E-01
0.482178,2.09596,-0.476910E-01
0.482788,2.09862,0.260853
0.483398,2.10127,0.208402E-01
0.484009,2.10392,0.388587E-01
0.484619,2.10658,0.143909
0.485229,2.10923,0.938534E-01
0.485840,2.11188,0.125419E-01
0.486450,2.11453,0.538488E-01
0.487061,2.11719,0.188469E-01
0.487671,2.11984,0.333282E-02
0.488281,2.12249,-0.586093E-01
0.488892,2.12515,0.711646E-02
0.489502,2.12780,0.997810E-02
0.490112,2.13045,-0.306392E-01
0.490723,2.13311,-0.300670E-01
0.491333,2.13576,0.998825E-01
0.491943,2.13841,0.794186E-01
0.492554,2.14107,0.849572E-01
0.493164,2.14372,0.203289E-01
0.493774,2.14637,0.160488
0.494385,2.14903,0.142057
0.494995,2.15168,-0.456798E-01
0.495605,2.15433,0.676549E-01
0.496216,2.15698,-0.126773
0.496826,2.15964,0.168327
0.497437,2.16229,0.108903
0.498047,2.16494,0.138887
0.498657,2.16760,0.233481E-01
0.499268,2.17025,-0.160274
0.499878,2.17290,0.112307
0.500488,2.17556,-0.210456
0.501099,2.17821,-0.831176E-01
0.501709,2.18086,-0.378235E-01
0.502319,2.18352,-0.117375
0.502930,2.18617,0.148520
0.503540,2.18882,0.694833E-01
0.504150,2.19147,0.541103E-01
0.504761,2.19413,-0.645495E-01
0.505371,2.19678,0.187313E-02
0.505981,2.19943,0.335423E-01
0.506592,2.20209,-0.885575E-01
0.507202,2.20474,0.608847E-01
0.507812,2.20739,0.710987E-01
0.508423,2.21005,0.878478E-01
0.509033,2.21270,-0.123012E-01
0.509644,2.21535,0.108223
0.510254,2.21801,-0.292584E-01
0.510864,2.22066,-0.956890E-02
0.511475,2.22331,0.761408E-01
0.512085,2.22597,0.109614
0.512695,2.22862,-0.155804E-01
0.513306,2.23127,0.219098E-02
0.513916,2.23392,0.300903E-01
0.514526,2.23658,-0.133423
0.515137,2.23923,-0.207466
0.515747,2.24188,-0.547622E-01
0.516357,2.24454,0.363638E-02
0.516968,2.24719,0.968421E-01
0.517578,2.24984,0.155177E-01
0.518188,2.25250,0.268596E-02
0.518799,2.25515,0.111573E-01
0.519409,2.25780,-0.143677
0.520020,2.26046,-0.948752E-02
0.520630,2.26311,0.102223
0.521240,2.26576,0.234661
0.521851,2.26842,0.107793
0.522461,2.27107,-0.152000
0.523071,2.27372,0.279110E-01
0.523682,2.27637,-0.136408E-01
0.524292,2.27903,0.115167
0.524902,2.28168,-0.309893E-01
0.525513,2.28433,0.180340
0.526123,2.28699,0.149845E-02
0.526733,2.28964,0.479544E-03
0.527344,2.29229,0.155976
0.527954,2.29495,0.415790E-01
0.528564,2.29760,0.198595E-01
0.529175,2.30025,0.477031E-01
0.529785,2.30291,-0.458737E-02
0.530396,2.30556,-0.742373E-01
0.531006,2.30821,0.711907E-01
0.531616,2.31087,0.535837E-01
0.532227,2.31352,0.305766E-01
0.532837,2.31617,0.141927E-01
0.533447,2.31882,-0.350199E-01
0.534058,2.32148,0.291132
0.534668,2.32413,0.102788
0.535278,2.32678,-0.126340
0.535889,2.32944,0.114277E-01
0.536499,2.33209,-0.145678E-01
0.537109,2.33474,-0.197598E-01
0.537720,2.33740,0.143342
0.538330,2.34005,0.187041
0.538940,2.34270,0.238935
0.539551,2.34536,-0.327771E-02
0.540161,2.34801,0.313894E-01
0.540771,2.35066,0.323912E-01
0.541382,2.35332,0.118468
0.541992,2.35597,0.336582E-01
0.542603,2.35862,-0.889365E-01
0.543213,2.36127,0.183515
0.543823,2.36393,-0.200813
0.544434,2.36658,-0.113733
0.545044,2.36923,0.184547
0.545654,2.37189,-0.591072E-01
0.546265,2.37454,0.438105E-01
0.546875,2.37719,0.208663E-01
0.547485,2.37985,-0.416721
0.548096,2.38250,0.394228E-02
0.548706,2.38515,0.197222
0.549316,2.38781,-0.805313E-02
0.549927,2.39046,-0.282591E-01
0.550537,2.39311,0.504039E-01
0.551147,2.39577,-0.107772E-01
0.551758,2.39842,0.514722
0.552368,2.40107,0.173377
0.552979,2.40372,0.124232
0.553589,2.40638,0.313399E-01
0.554199,2.40903,-0.313002E-02
0.554810,2.41168,-0.240996E-02
0.555420,2.41434,0.303579
0.556030,2.41699,0.586977E-01
0.556641,2.41964,-0.368173E-01
0.557251,2.42230,0.670543E-02
0.557861,2.42495,0.212410
0.558472,2.42760,-0.416729E-01
0.559082,2.43026,-0.179376
0.559692,2.43291,0.685628E-01
0.560303,2.43556,-0.505148E-01
0.560913,2.43821,-0.429888E-01
0.561523,2.44087,0.272748E-01
0.562134,2.44352,-0.291066
0.562744,2.44617,0.153031
0.563354,2.44883,0.803279E-01
0.563965,2.45148,0.143613
0.564575,2.45413,-0.713751E-01
0.565186,2.45679,-0.229780E-01
0.565796,2.45944,0.503334E-01
0.566406,2.46209,0.203005
0.567017,2.46475,0.514634E-01
0.567627,2.46740,0.118737E-01
0.568237,2.47005,0.491844E-01
0.568848,2.47271,-0.202086
0.569458,2.47536,-0.425789E-01
0.570068,2.47801,-0.412459E-01
0.570679,2.48066,0.972306E-01
0.571289,2.48332,-0.286132E-02
0.571899,2.48597,0.588346E-02
0.572510,2.48862,0.445084
0.573120,2.49128,0.950027E-02
0.573730,2.49393,0.131645
0.574341,2.49658,0.290738
0.574951,2.49924,-0.461676E-01
0.575562,2.50189,0.950997E-01
0.576172,2.50454,0.607212E-01
0.576782,2.50720,-0.769140E-01
0.577393,2.50985,0.887346E-01
0.578003,2.51250,0.604779E-01
0.578613,2.51516,-0.238596E-01
0.579224,2.51781,0.824877E-01
0.579834,2.52046,0.362193E-02
0.580444,2.52311,0.274576E-01
0.581055,2.52577,0.991463E-01
0.581665,2.52842,-0.194314E-01
0.582275,2.53107,-0.159717E-01
0.582886,2.53373,0.172848
0.583496,2.53638,0.172916E-01
0.584106,2.53903,0.670205E-01
0.584717,2.54169,-0.300488E-02
0.585327,2.54434,0.147670E-02
0.585938,2.54699,-0.122602
0.586548,2.54965,0.124044
0.587158,2.55230,0.400102E-01
0.587769,2.55495,-0.156767E-01
0.588379,2.55761,-0.114541E-01
0.588989,2.56026,-0.142398
0.589600,2.56291,0.109724
0.590210,2.56556,0.795488E-01
0.590820,2.56822,0.561021E-01
0.591431,2.57087,0.141571
0.592041,2.57352,0.979761E-02
0.592651,2.57618,0.166377E-01
0.593262,2.57883,0.100850E-01
0.593872,2.58148,0.913814E-01
0.594482,2.58414,-0.945143E-01
0.595093,2.58679,0.792692E-01
0.595703,2.58944,-0.459575E-01
0.596313,2.59210,0.548111E-01
0.596924,2.59475,-0.715649E-01
0.597534,2.59740,0.495211E-01
0.598145,2.60006,-0.735465E-02
0.598755,2.60271,0.355389E-01
0.599365,2.60536,-0.352106E-01
0.599976,2.60801,-0.684374E-01
0.600586,2.61067,-0.476965E-01
0.601196,2.61332,0.108599E-01
0.601807,2.61597,0.743832E-03
0.602417,2.61863,-0.421858E-01
0.603027,2.62128,0.259980E-01
0.603638,2.62393,0.743431E-02
0.604248,2.62659,-0.831199E-02
0.604858,2.62924,0.255745E-01
0.605469,2.63189,0.154419
0.606079,2.63455,0.219869
0.606689,2.63720,-0.918476E-01
0.607300,2.63985,0.310659E-01
0.607910,2.64250,0.114498
0.608521,2.64516,-0.745318E-02
0.609131,2.64781,-0.168184E-01
0.609741,2.65046,0.420628E-01
0.610352,2.65312,-0.862304E-02
0.610962,2.65577,-0.636121E-01
0.611572,2.65842,-0.437992E-01
0.612183,2.66108,0.273765
0.612793,2.66373,0.168406
0.613403,2.66638,0.207298
0.614014,2.66904,0.884399E-01
0.614624,2.67169,-0.126710
0.615234,2.67434,0.517161E-01
0.615845,2.67700,-0.147677E-01
0.616455,2.67965,0.239180
0.617065,2.68230,0.827962E-01
0.617676,2.68495,-0.176866E-01
0.618286,2.68761,-0.802865E-01
0.618896,2.69026,-0.165561E-01
0.619507,2.69291,-0.247298E-01
0.620117,2.69557,0.154202E-01
0.620728,2.69822,-0.245157E-01
0.621338,2.70087,-0.485167E-01
0.621948,2.70353,0.180312E-01
0.622559,2.70618,-0.215408E-02
0.623169,2.70883,0.347405E-01
0.623779,2.71149,-0.220197E-01
0.624390,2.71414,0.127117
0.625000,2.71679,0.181600E-01
0.625610,2.71945,-0.166712E-01
0.626221,2.72210,-0.275018E-01
0.626831,2.72475,0.159865E-01
0.627441,2.72740,0.120903
0.628052,2.73006,0.783155E-01
0.628662,2.73271,0.101665E-01
0.629272,2.73536,0.109322
0.629883,2.73802,0.139908E-01
0.630493,2.74067,0.810538E-01
0.631104,2.74332,0.245936E-01
0.631714,2.74598,-0.119819E-01
0.632324,2.74863,0.452766E-01
0.632935,2.75128,-0.365522E-02
0.633545,2.75394,0.295273E-01
0.634155,2.75659,-0.324585E-01
0.634766,2.75924,0.459649E-01
0.635376,2.76190,0.128451
0.635986,2.76455,-0.672747E-01
0.636597,2.76720,0.353416
0.637207,2.76985,0.168727E-01
0.637817,2.77251,0.116147E-01
0.638428,2.77516,-0.590547E-01
0.639038,2.77781,0.103742E-02
0.639648,2.78047,0.144699E-01
0.640259,2.78312,0.133603E-01
0.640869,2.78577,-0.175239E-01
0.641479,2.78843,-0.666800E-02
0.642090,2.79108,0.121035
0.642700,2.79373,-0.292744E-02
0.643311,2.79639,0.337578E-01
0.643921,2.79904,0.526988E-01
0.644531,2.80169,0.155835
0.645142,2.80435,-0.153680E-01
0.645752,2.80700,-0.900192E-01
0.646362,2.80965,0.134553
0.646973,2.81230,0.169505
0.647583,2.81496,0.343935E-02
0.648193,2.81761,0.119574
0.648804,2.82026,0.560816E-01
0.649414,2.82292,0.319589E-01
0.650024,2.82557,-0.213957
0.650635,2.82822,0.534464E-01
0.651245,2.83088,0.292247E-01
0.651855,2.83353,-0.167163E-01
0.652466,2.83618,-0.253114E-01
0.653076,2.83884,0.223270E-01
0.653687,2.84149,0.323099E-01
0.654297,2.84414,0.446815E-01
0.654907,2.84679,-0.137193E-01
0.655518,2.84945,-0.632930E-01
0.656128,2.85210,0.561274E-01
0.656738,2.85475,-0.149332E-01
0.657349,2.85741,0.973545E-01
0.657959,2.86006,-0.184667E-01
0.658569,2.86271,0.108763
0.659180,2.86537,0.112620
0.659790,2.86802,-0.107993
0.660400,2.87067,0.971129E-01
0.661011,2.87333,-0.114974
0.661621,2.87598,-0.431151E-01
0.662231,2.87863,0.880326E-01
0.662842,2.88129,-0.524727E-01
0.663452,2.88394,0.414218E-01
0.664062,2.88659,0.406560E-01
0.664673,2.88924,-0.234808E-01
0.665283,2.89190,0.308665E-01
0.665894,2.89455,0.254204E-02
0.666504,2.89720,0.126076E-03
0.667114,2.89986,-0.381161E-01
0.667725,2.90251,-0.257275
0.668335,2.90516,0.897166E-01
0.668945,2.90782,0.161921
0.669556,2.91047,0.426526E-03
0.670166,2.91312,0.111092E-01
0.670776,2.91578,-0.921168E-01
0.671387,2.91843,-0.181438
0.671997,2.92108,-0.575541E-01
0.672607,2.92374,0.342319E-01
0.673218,2.92639,0.706057E-02
0.673828,2.92904,-0.167009E-01
0.674438,2.93169,0.107654
0.675049,2.93435,0.645976E-01
0.675659,2.93700,0.136803E-01
0.676270,2.93965,0.331430
0.676880,2.94231,0.292729E-01
0.677490,2.94496,-0.364691E-01
0.678101,2.94761,-0.851466E-02
0.678711,2.95027,0.498544E-01
0.679321,2.95292,-0.140318
0.679932,2.95557,-0.552584E-02
0.680542,2.95823,-0.906624E-01
0.681152,2.96088,-0.117389
0.681763,2.96353,0.284191E-01
0.682373,2.96619,-0.256199E-01
0.682983,2.96884,-0.216855E-01
0.683594,2.97149,0.520030E-01
0.684204,2.97414,0.187856E-01
0.684814,2.97680,0.341866E-02
0.685425,2.97945,-0.882757E-02
0.686035,2.98210,-0.369729E-02
0.686646,2.98476,-0.162718E-01
0.687256,2.98741,0.173066
0.687866,2.99006,-0.274158E-01
0.688477,2.99272,-0.317291E-01
0.689087,2.99537,-0.874997E-01
0.689697,2.99802,0.634997E-02
0.690308,3.00068,-0.640756E-01
0.690918,3.00333,0.986761E-02
0.691528,3.00598,0.101604E-01
0.692139,3.00864,0.357876E-01
0.692749,3.01129,-0.120244
0.693359,3.01394,0.511717E-01
0.693970,3.01659,0.485134E-01
0.694580,3.01925,-0.624248E-02
0.695190,3.02190,-0.705751E-01
0.695801,3.02455,-0.169775E-02
0.696411,3.02721,-0.241852E-01
0.697021,3.02986,-0.111737E-01
0.697632,3.03251,-0.376095E-01
0.698242,3.03517,0.344587E-02
0.698853,3.03782,-0.110409
0.699463,3.04047,-0.103512
0.700073,3.04313,-0.207871E-01
0.700684,3.04578,0.463132E-01
0.701294,3.04843,-0.639479E-02
0.701904,3.05109,0.463174E-01
0.702515,3.05374,0.150018
0.703125,3.05639,-0.182232E-01
0.703735,3.05904,0.219964E-01
0.704346,3.06170,-0.187648E-01
0.704956,3.06435,-0.955417E-02
0.705566,3.06700,0.514905E-01
0.706177,3.06966,-0.369308E-01
0.706787,3.07231,0.521739E-01
0.707397,3.07496,0.474063E-02
0.708008,3.07762,0.293034E-01
0.708618,3.08027,0.124105
0.709229,3.08292,0.441517E-01
0.709839,3.08558,0.361480E-01
0.710449,3.08823,0.245410E-01
0.711060,3.09088,0.257642
0.711670,3.09353,-0.147131
0.712280,3.09619,-0.843087E-01
0.712891,3.09884,-0.605358E-01
0.713501,3.10149,0.111999E-01
0.714111,3.10415,0.805285E-01
0.714722,3.10680,0.717918E-01
0.715332,3.10945,0.346634E-01
0.715942,3.11211,-0.140806
0.716553,3.11476,0.763522E-03
0.717163,3.11741,0.222222
0.717773,3.12007,0.244045E-01
0.718384,3.12272,0.266811E-01
0.718994,3.12537,0.154830
0.719604,3.12803,0.728477E-02
0.720215,3.13068,-0.221458E-02
0.720825,3.13333,0.214213E-01
0.721436,3.13598,-0.303180E-01
0.722046,3.13864,-0.663348E-01
0.722656,3.14129,0.366897E-01
0.723267,3.14394,-0.638773E-01
0.723877,3.14660,-0.579357E-02
0.724487,3.14925,0.400344E-01
0.725098,3.15190,0.758249E-01
0.725708,3.15456,0.839087E-03
0.726318,3.15721,0.630428E-01
0.726929,3.15986,0.577169E-01
0.727539,3.16252,0.770741E-01
0.728149,3.16517,0.521366E-01
0.728760,3.16782,0.161497
0.729370,3.17048,0.345820E-01
0.729980,3.17313,0.350229
0.730591,3.17578,0.267083E-01
0.731201,3.17843,0.105571E-01
0.731812,3.18109,0.435351E-01
0.732422,3.18374,0.132424E-01
0.733032,3.18639,0.536721E-01
0.733643,3.18905,-0.211378E-01
0.734253,3.19170,0.985722E-01
0.734863,3.19435,-0.255448E-01
0.735474,3.19701,0.333530E-01
0.736084,3.19966,0.648362E-01
0.736694,3.20231,0.437928E-03
0.737305,3.20497,0.504525E-01
0.737915,3.20762,0.121056
0.738525,3.21027,0.240452E-01
0.739136,3.21293,0.678124E-01
0.739746,3.21558,0.121920
0.740356,3.21823,-0.488085E-02
0.740967,3.22088,0.174518
0.741577,3.22354,0.715519E-02
0.742188,3.22619,-0.245508E-01
0.742798,3.22884,-0.175211E-01
0.743408,3.23150,0.137207
0.744019,3.23415,0.273542
0.744629,3.23680,0.476730E-02
0.745239,3.23946,0.241186E-01
0.745850,3.24211,0.410183
0.746460,3.24476,-0.208996
0.747070,3.24742,-0.119435
0.747681,3.25007,0.195858E-01
0.748291,3.25272,-0.814893E-01
0.748901,3.25538,-0.177220
0.749512,3.25803,0.953510E-01
0.750122,3.26068,0.293369E-01
0.750732,3.26333,-0.178705E-01
0.751343,3.26599,-0.681147E-02
0.751953,3.26864,0.209473
0.752563,3.27129,0.128450E-01
0.753174,3.27395,0.144719
0.753784,3.27660,0.986638E-01
0.754395,3.27925,-0.144788
0.755005,3.28191,0.779175E-01
0.755615,3.28456,0.604047E-02
0.756226,3.28721,-0.121534
0.756836,3.28987,-0.569553E-02
0.757446,3.29252,-0.659483E-01
0.758057,3.29517,0.172169E-01
0.758667,3.29782,-0.315913E-01
0.759277,3.30048,0.257022
0.759888,3.30313,0.119977E-01
0.760498,3.30578,-0.247108E-01
0.761108,3.30844,-0.591879E-02
0.761719,3.31109,0.128118E-01
0.762329,3.31374,0.234061E-01
0.762939,3.31640,-0.109592
0.763550,3.31905,0.553550E-01
0.764160,3.32170,0.113755E-01
0.764771,3.32436,-0.254994E-01
0.765381,3.32701,0.158794E-02
0.765991,3.32966,-0.248026E-01
0.766602,3.33232,-0.147629E-01
0.767212,3.33497,0.115046
0.767822,3.33762,0.124486E-01
0.768433,3.34027,-0.668873E-01
0.769043,3.34293,0.102356E-01
0.769653,3.34558,0.366659E-01
0.770264,3.34823,-0.482848E-01
0.770874,3.35089,0.367904E-02
0.771484,3.35354,-0.317438E-01
0.772095,3.35619,0.830064E-01
0.772705,3.35885,0.608623E-01
0.773315,3.36150,0.528542E-01
0.773926,3.36415,-0.569650E-01
0.774536,3.36681,0.136114E-02
0.775146,3.36946,0.400561E-01
0.775757,3.37211,0.558828E-01
0.776367,3.37477,0.299395E-01
0.776978,3.37742,0.927153E-02
0.777588,3.38007,0.717094E-01
0.778198,3.38272,-0.116557E-01
0.778809,3.38538,0.351549E-02
0.779419,3.38803,-0.130353E-01
0.780029,3.39068,0.384879E-02
0.780640,3.39334,0.483586E-01
0.781250,3.39599,0.337471E-01
0.781860,3.39864,-0.231036E-01
0.782471,3.40130,-0.175778E-01
0.783081,3.40395,-0.103375
0.783691,3.40660,-0.135593E-01
0.784302,3.40926,0.750132E-01
0.784912,3.41191,-0.102346E-01
0.785522,3.41456,0.151366E-01
0.786133,3.41722,-0.239453E-02
0.786743,3.41987,-0.294467E-01
0.787354,3.42252,-0.397009E-01
0.787964,3.42517,0.360407E-01
0.788574,3.42783,-0.285993E-01
0.789185,3.43048,-0.642192E-01
0.789795,3.43313,0.137958
0.790405,3.43579,0.333934E-01
0.791016,3.43844,-0.983245E-01
0.791626,3.44109,-0.481694E-01
0.792236,3.44375,0.866825E-01
0.792847,3.44640,-0.819264E-03
0.793457,3.44905,-0.109929
0.794067,3.45171,-0.631523E-01
0.794678,3.45436,0.270651E-01
0.795288,3.45701,-0.451712E-01
0.795898,3.45967,0.918225E-01
0.796509,3.46232,0.334442E-01
0.797119,3.46497,0.114222
0.797729,3.46762,-0.679140E-02
0.798340,3.47028,-0.928800E-02
0.798950,3.47293,0.170221E-01
0.799561,3.47558,0.395982E-01
0.800171,3.47824,-0.159750
0.800781,3.48089,-0.564478E-01
0.801392,3.48354,0.189572
0.802002,3.48620,0.489826E-01
0.802612,3.48885,0.882823E-01
0.803223,3.49150,0.316859E-01
0.803833,3.49416,0.146122E-02
0.804443,3.49681,0.730121E-01
0.805054,3.49946,-0.120468
0.805664,3.50211,-0.350169E-01
0.806274,3.50477,0.337889E-01
0.806885,3.50742,0.336364E-01
0.807495,3.51007,-0.198728
0.808105,3.51273,0.180557
0.808716,3.51538,-0.136938E-01
0.809326,3.51803,0.388062E-01
0.809937,3.52069,0.251556E-01
0.810547,3.52334,0.419456E-01
0.811157,3.52599,-0.322799E-02
0.811768,3.52865,-0.435695E-01
0.812378,3.53130,0.250115E-01
0.812988,3.53395,0.591407E-03
0.813599,3.53661,-0.256393E-01
0.814209,3.53926,0.141296
0.814819,3.54191,0.999817E-01
0.815430,3.54456,-0.369173E-02
0.816040,3.54722,-0.293019E-01
0.816650,3.54987,-0.459360E-01
0.817261,3.55252,0.260796E-01
0.817871,3.55518,-0.467617E-01
0.818481,3.55783,0.185347E-01
0.819092,3.56048,0.244920E-02
0.819702,3.56314,-0.444432E-01
0.820312,3.56579,0.162212
0.820923,3.56844,0.980026E-01
0.821533,3.57110,-0.395627E-02
0.822144,3.57375,-0.508571E-03
0.822754,3.57640,0.103529E-02
0.823364,3.57906,0.939482E-02
0.823975,3.58171,0.772691E-01
0.824585,3.58436,-0.729108E-01
0.825195,3.58701,0.696472E-01
0.825806,3.58967,0.371552E-01
0.826416,3.59232,-0.619907E-01
0.827026,3.59497,0.184340
0.827637,3.59763,0.121495E-01
0.828247,3.60028,0.828273E-01
0.828857,3.60293,-0.355822E-02
0.829468,3.60559,0.245794E-01
0.830078,3.60824,0.792316E-01
0.830688,3.61089,-0.943775E-01
0.831299,3.61355,0.741620E-01
0.831909,3.61620,0.281328
0.832520,3.61885,0.471770E-02
0.833130,3.62151,0.458434E-01
0.833740,3.62416,0.919140E-01
0.834351,3.62681,0.711454E-01
0.834961,3.62946,-0.176467E-02
0.835571,3.63212,-0.857198E-01
0.836182,3.63477,-0.906506E-01
0.836792,3.63742,0.285886E-02
0.837402,3.64008,-0.349087E-01
0.838013,3.64273,0.213807E-01
0.838623,3.64538,0.261044E-01
0.839233,3.64804,-0.238929E-01
0.839844,3.65069,-0.452610E-01
0.840454,3.65334,0.315022
0.841064,3.65600,0.153037E-01
0.841675,3.65865,0.289398E-01
0.842285,3.66130,0.588698E-01
0.842896,3.66396,0.349231E-01
0.843506,3.66661,0.106601
0.844116,3.66926,0.554632E-01
0.844727,3.67191,0.401837E-01
0.845337,3.67457,-0.115427E-01
0.845947,3.67722,0.281762E-01
0.846558,3.67987,0.410559E-01
0.847168,3.68253,-0.341473E-01
0.847778,3.68518,-0.308061E-02
0.848389,3.68783,0.316344E-01
0.848999,3.69049,-0.372352E-01
0.849609,3.69314,0.194009E-01
0.850220,3.69579,-0.938356E-02
0.850830,3.69845,-0.773031E-01
0.851440,3.70110,0.752101E-02
0.852051,3.70375,-0.422580E-01
0.852661,3.70640,-0.841736E-01
0.853271,3.70906,0.142476
0.853882,3.71171,0.483585E-01
0.854492,3.71436,0.360542E-01
0.855103,3.71702,0.605847E-01
0.855713,3.71967,0.116618
0.856323,3.72232,-0.750949E-01
0.856934,3.72498,0.384493E-01
0.857544,3.72763,0.398189E-02
0.858154,3.73028,0.105000E-01
0.858765,3.73294,0.577010E-01
0.859375,3.73559,0.123131E-01
0.859985,3.73824,0.947316E-01
0.860596,3.74090,0.103567E-01
0.861206,3.74355,0.604708E-02
0.861816,3.74620,0.103310
0.862427,3.74885,0.286606
0.863037,3.75151,0.133281E-01
0.863647,3.75416,0.710233E-01
0.864258,3.75681,-0.814555E-02
0.864868,3.75947,0.140841
0.865479,3.76212,-0.642398E-01
0.866089,3.76477,0.389619E-01
0.866699,3.76743,-0.265392E-01
0.867310,3.77008,0.765633E-02
0.867920,3.77273,0.455622E-02
0.868530,3.77539,-0.667535E-01
0.869141,3.77804,-0.311183E-02
0.869751,3.78069,-0.198456
0.870361,3.78335,-0.974727E-02
0.870972,3.78600,-0.486476E-01
0.871582,3.78865,-0.270562E-01
0.872192,3.79130,-0.930919E-01
0.872803,3.79396,0.740666E-02
0.873413,3.79661,0.167112E-01
0.874023,3.79926,-0.117264
0.874634,3.80192,0.146432
0.875244,3.80457,-0.817820E-02
0.875854,3.80722,-0.496233E-01
0.876465,3.80988,-0.980306E-01
0.877075,3.81253,0.113706
0.877686,3.81518,-0.201687
0.878296,3.81784,-0.364284E-01
0.878906,3.82049,0.188360E-01
0.879517,3.82314,0.724359E-01
0.880127,3.82580,0.274430E-01
0.880737,3.82845,0.108380
0.881348,3.83110,-0.507035E-02
0.881958,3.83375,-0.293246E-01
0.882568,3.83641,0.493127E-01
0.883179,3.83906,0.184172E-01
0.883789,3.84171,0.180709
0.884399,3.84437,0.129076
0.885010,3.84702,-0.187343E-01
0.885620,3.84967,0.950272E-02
0.886230,3.85233,0.124299
0.886841,3.85498,-0.174516E-01
0.887451,3.85763,0.497783E-01
0.888062,3.86029,0.152740
0.888672,3.86294,-0.932440E-01
0.889282,3.86559,-0.185702E-02
0.889893,3.86825,0.864969E-01
0.890503,3.87090,-0.661483E-02
0.891113,3.87355,-0.527134E-01
0.891724,3.87620,0.596991E-01
0.892334,3.87886,0.478919E-02
0.892944,3.88151,0.379228E-01
0.893555,3.88416,-0.416572E-01
0.894165,3.88682,-0.935409E-01
0.894775,3.88947,0.959715E-01
0.895386,3.89212,0.197257E-01
0.895996,3.89478,0.162330E-01
0.896606,3.89743,-0.205424E-01
0.897217,3.90008,0.191427
0.897827,3.90274,0.138566
0.898438,3.90539,0.619261E-01
0.899048,3.90804,-0.965918E-01
0.899658,3.91070,0.185150
0.900269,3.91335,0.826136E-01
0.900879,3.91600,0.438641E-01
0.901489,3.91865,0.855091E-01
0.902100,3.92131,0.255761
0.902710,3.92396,0.585173E-01
0.903320,3.92661,-0.210762E-01
0.903931,3.92927,0.265296E-01
0.904541,3.93192,0.251390
0.905151,3.93457,0.391542E-01
0.905762,3.93723,0.103011E-01
0.906372,3.93988,-0.890488E-01
0.906982,3.94253,0.906785E-01
0.907593,3.94519,-0.809389E-03
0.908203,3.94784,0.418397E-02
0.908813,3.95049,-0.801404E-02
0.909424,3.95314,0.393524E-01
0.910034,3.95580,-0.312672E-01
0.910645,3.95845,-0.378950E-01
0.911255,3.96110,0.863423E-01
0.911865,3.96376,0.555743E-01
0.912476,3.96641,-0.111064
0.913086,3.96906,-0.243948E-01
0.913696,3.97172,0.734446E-01
0.914307,3.97437,0.186832E-01
0.914917,3.97702,-0.564691E-02
0.915527,3.97968,-0.247262E-02
0.916138,3.98233,0.311001E-01
0.916748,3.98498,0.508545E-03
0.917358,3.98764,-0.908921E-04
0.917969,3.99029,0.246206
0.918579,3.99294,-0.708047E-01
0.919189,3.99559,0.172528
0.919800,3.99825,0.255879
0.920410,4.00090,0.124460
0.921021,4.00355,0.103770
0.921631,4.00621,-0.522176E-02
0.922241,4.00886,-0.104225E-02
0.922852,4.01151,0.307814E-01
0.923462,4.01417,-0.272244E-01
0.924072,4.01682,0.227937E-01
0.924683,4.01947,0.526798E-01
0.925293,4.02213,0.126702
0.925903,4.02478,0.133506
0.926514,4.02743,0.577563E-01
0.927124,4.03009,0.685732E-03
0.927734,4.03274,0.332480E-01
0.928345,4.03539,0.133722
0.928955,4.03804,0.123389
0.929565,4.04070,0.220199E-01
0.930176,4.04335,0.139547E-01
0.930786,4.04600,0.177994
0.931396,4.04866,0.965975E-01
0.932007,4.05131,-0.545238E-01
0.932617,4.05396,0.147556E-01
0.933228,4.05662,0.133531
0.933838,4.05927,-0.488395E-01
0.934448,4.06192,0.591930E-02
0.935059,4.06458,0.493769E-01
0.935669,4.06723,-0.450074E-01
0.936279,4.06988,0.317564E-01
0.936890,4.07254,0.131047
0.937500,4.07519,0.575000E-01
0.938110,4.07784,0.282881E-01
0.938721,4.08049,0.303316
0.939331,4.08315,-0.857172E-01
0.939941,4.08580,-0.704627E-02
0.940552,4.08845,0.617818E-01
0.941162,4.09111,-0.695182E-01
0.941772,4.09376,-0.133674E-01
0.942383,4.09641,0.416269E-02
0.942993,4.09907,0.572596E-01
0.943604,4.10172,-0.829257E-01
0.944214,4.10437,0.839792E-01
0.944824,4.10703,0.230496
0.945435,4.10968,0.368191E-01
0.946045,4.11233,0.347586E-01
0.946655,4.11499,0.217453E-01
0.947266,4.11764,-0.539133E-01
0.947876,4.12029,0.165805E-01
0.948486,4.12294,0.163414
0.949097,4.12560,-0.117200
0.949707,4.12825,0.675746E-01
0.950317,4.13090,-0.633558E-01
0.950928,4.13356,0.194921E-01
0.951538,4.13621,-0.209137E-01
0.952148,4.13886,0.235447E-01
0.952759,4.14152,0.141760E-01
0.953369,4.14417,0.993116E-01
0.953979,4.14682,0.418825E-01
0.954590,4.14948,0.240552E-01
0.955200,4.15213,0.886910E-01
0.955811,4.15478,0.199826
0.956421,4.15743,-0.441255E-01
0.957031,4.16009,0.181378E-02
0.957642,4.16274,-0.845101E-01
0.958252,4.16539,0.573915E-01
0.958862,4.16805,-0.155474E-01
0.959473,4.17070,-0.124872E-01
0.960083,4.17335,0.402858E-01
0.960693,4.17601,-0.857018E-01
0.961304,4.17866,0.319543E-01
0.961914,4.18131,-0.289941E-01
0.962524,4.18397,-0.678178E-01
0.963135,4.18662,0.398287E-01
0.963745,4.18927,-0.352377E-02
0.964355,4.19193,-0.260960E-01
0.964966,4.19458,0.136225
0.965576,4.19723,-0.229542E-01
0.966187,4.19988,-0.160601E-02
0.966797,4.20254,-0.651856E-01
0.967407,4.20519,-0.290930E-01
0.968018,4.20784,-0.960398E-01
0.968628,4.21050,-0.602479E-01
0.969238,4.21315,-0.906493E-01
0.969849,4.21580,-0.216636E-01
0.970459,4.21846,0.576684E-01
0.971069,4.22111,0.271288E-02
0.971680,4.22376,-0.628794E-02
0.972290,4.22642,-0.794559E-02
0.972900,4.22907,0.198739E-01
0.973511,4.23172,0.495521E-01
0.974121,4.23438,0.243944
0.974731,4.23703,0.158725E-01
0.975342,4.23968,0.733675E-01
0.975952,4.24233,-0.250163E-01
0.976562,4.24499,-0.468507E-01
0.977173,4.24764,-0.629313E-01
0.977783,4.25029,0.114808
0.978394,4.25295,0.481063E-01
0.979004,4.25560,-0.121588E-01
0.979614,4.25825,0.124916
0.980225,4.26091,-0.409273E-01
0.980835,4.26356,0.297405E-01
0.981445,4.26621,-0.223786E-01
0.982056,4.26887,0.432191E-01
0.982666,4.27152,0.112701
0.983276,4.27417,0.555113E-02
0.983887,4.27683,0.122106E-01
0.984497,4.27948,-0.111984E-01
0.985107,4.28213,-0.611037E-01
0.985718,4.28478,-0.135186E-01
0.986328,4.28744,-0.641362E-01
0.986938,4.29009,-0.567245E-01
0.987549,4.29274,0.265529E-01
0.988159,4.29540,-0.542921E-02
0.988770,4.29805,-0.120353
0.989380,4.30070,0.169077
0.989990,4.30336,0.852355E-01
0.990601,4.30601,0.393456E-01
0.991211,4.30866,-0.381284E-01
0.991821,4.31132,-0.369080E-02
0.992432,4.31397,0.107540E-01
0.993042,4.31662,-0.885019E-01
0.993652,4.31928,-0.344108E-01
0.994263,4.32193,0.381721E-01
0.994873,4.32458,0.261647E-01
0.995483,4.32723,0.636349E-01
0.996094,4.32989,-0.895067E-01
0.996704,4.33254,0.162457E-01
0.997314,4.33519,0.499559E-01
0.997925,4.33785,-0.999505E-01
0.998535,4.34050,0.295307E-01
0.999146,4.34315,-0.180363E-01
0.999756,4.34581,0.184430
1.00037,4.34846,-0.924854E-01
1.00098,4.35111,0.932814E-01
1.00159,4.35377,-0.631438E-01
1.00220,4.35642,0.194782
1.00281,4.35907,0.550557E-01
1.00342,4.36172,0.691394E-01
1.00403,4.36438,-0.852110E-02
1.00464,4.36703,0.174987E-01
1.00525,4.36968,-0.229924E-01
1.00586,4.37234,0.105987
1.00647,4.37499,0.747439E-01
1.00708,4.37764,0.573651E-01
1.00769,4.38030,0.191227
1.00830,4.38295,-0.445879
1.00891,4.38560,0.257661E-01
1.00952,4.38826,0.522166E-01
1.01013,4.39091,0.862628E-01
1.01074,4.39356,0.101887
1.01135,4.39622,0.591230E-02
1.01196,4.39887,0.235536
1.01257,4.40152,0.419199E-01
1.01318,4.40417,0.122165
1.01379,4.40683,0.165104E-01
1.01440,4.40948,-0.130384
1.01501,4.41213,0.696508E-01
1.01562,4.41479,-0.460188E-01
1.01624,4.41744,-0.135201E-01
1.01685,4.42009,-0.104901E-01
1.01746,4.42275,0.563873E-01
1.01807,4.42540,0.439228E-01
1.01868,4.42805,0.583952E-03
1.01929,4.43071,-0.783795E-02
1.01990,4.43336,-0.173063E-01
1.02051,4.43601,0.442647E-01
1.02112,4.43867,0.424382E-01
1.02173,4.44132,-0.215694E-01
1.02234,4.44397,-0.275177E-01
1.02295,4.44662,0.240399E-01
1.02356,4.44928,-0.239715E-01
1.02417,4.45193,0.678909E-01
1.02478,4.45458,-0.938462E-02
1.02539,4.45724,0.221451
1.02600,4.45989,0.534436E-02
1.02661,4.46254,-0.608853E-01
1.02722,4.46520,-0.154132E-02
1.02783,4.46785,0.452882E-01
1.02844,4.47050,0.223091E-01
1.02905,4.47316,0.143146
1.02966,4.47581,0.108634E-01
1.03027,4.47846,-0.274821E-01
1.03088,4.48112,-0.870260E-01
1.03149,4.48377,0.763213E-01
1.03210,4.48642,-0.191736E-01
1.03271,4.48907,0.699836E-01
1.03333,4.49173,0.373502E-01
1.03394,4.49438,0.105364E-02
1.03455,4.49703,0.111365E-02
1.03516,4.49969,-0.137124E-01
1.03577,4.50234,-0.249123E-01
1.03638,4.50499,-0.240024E-01
1.03699,4.50765,0.130079
1.03760,4.51030,-0.141474E-01
1.03821,4.51295,0.863513E-02
1.03882,4.51561,-0.223440E-02
1.03943,4.51826,-0.434475E-01
1.04004,4.52091,0.182018
1.04065,4.52357,-0.374457E-02
1.04126,4.52622,0.154478E-01
1.04187,4.52887,0.173944
1.04248,4.53152,0.777616E-02
1.04309,4.53418,0.152543
1.04370,4.53683,-0.206057E-02
1.04431,4.53948,0.286467
1.04492,4.54214,-0.503863E-01
1.04553,4.54479,0.150962E-01
1.04614,4.54744,0.155186
1.04675,4.55010,0.504184E-01
1.04736,4.55275,-0.327426E-01
1.04797,4.55540,0.937602E-01
1.04858,4.55806,-0.324785E-01
1.04919,4.56071,0.281751E-01
1.04980,4.56336,-0.253792E-01
1.05042,4.56602,0.360130E-01
1.05103,4.56867,-0.220342E-01
1.05164,4.57132,0.795375E-02
1.05225,4.57397,-0.755036E-02
1.05286,4.57663,0.827225E-01
1.05347,4.57928,0.161748
1.05408,4.58193,0.473879E-01
1.05469,4.58459,0.362567E-01
1.05530,4.58724,-0.151174E-01
1.05591,4.58989,-0.166771E-01
1.05652,4.59255,0.438832E-01
1.05713,4.59520,-0.997714E-01
1.05774,4.59785,-0.418185E-01
1.05835,4.60051,0.846135E-03
1.05896,4.60316,0.732585E-02
1.05957,4.60581,-0.999513E-01
1.06018,4.60846,0.262894E-01
1.06079,4.61112,-0.377474E-01
1.06140,4.61377,0.660904E-01
1.06201,4.61642,-0.366376E-01
1.06262,4.61908,0.356361E-01
1.06323,4.62173,0.909843E-03
1.06384,4.62438,-0.461324E-01
1.06445,4.62704,-0.106880E-01
1.06506,4.62969,-0.360218E-01
1.06567,4.63234,0.540020E-01
1.06628,4.63500,0.579410E-01
1.06689,4.63765,-0.296323E-02
1.06750,4.64030,-0.986430E-01
1.06812,4.64296,0.152801E-01
1.06873,4.64561,0.168120E-02
1.06934,4.64826,0.475178E-01
1.06995,4.65091,0.381486E-01
1.07056,4.65357,0.319150E-01
1.07117,4.65622,0.419616E-02
1.07178,4.65887,0.122679
1.07239,4.66153,0.302605E-01
1.07300,4.66418,0.149996
1.07361,4.66683,-0.422112E-01
1.07422,4.66949,0.400938E-01
1.07483,4.67214,0.711853E-01
1.07544,4.67479,0.259807E-01
1.07605,4.67745,-0.496000E-01
1.07666,4.68010,-0.100295E-01
1.07727,4.68275,0.434135E-01
1.07788,4.68541,-0.972884E-03
1.07849,4.68806,0.543485E-01
1.07910,4.69071,0.128763E-01
1.07971,4.69336,0.239179
1.08032,4.69602,0.355938E-01
1.08093,4.69867,0.290925E-01
1.08154,4.70132,0.133301
1.08215,4.70398,0.146838E-01
1.08276,4.70663,0.323868E-01
1.08337,4.70928,-0.176045
1.08398,4.71194,-0.176563E-03
1.08459,4.71459,0.234129E-01
1.08521,4.71724,0.673464E-02
1.08582,4.71990,-0.211136E-01
1.08643,4.72255,0.597355E-02
1.08704,4.72520,0.343733E-01
1.08765,4.72786,-0.346548E-01
1.08826,4.73051,0.631663E-03
1.08887,4.73316,0.627496E-01
1.08948,4.73581,-0.508717E-01
1.09009,4.73847,-0.592240E-01
1.09070,4.74112,0.159314
1.09131,4.74377,-0.124953
1.09192,4.74643,-0.222715E-01
1.09253,4.74908,-0.365545E-02
1.09314,4.75173,-0.532945E-01
1.09375,4.75439,0.574127E-01
1.09436,4.75704,-0.191734E-01
1.09497,4.75969,0.913239E-01
1.09558,4.76235,-0.112635E-01
1.09619,4.76500,-0.534307E-01
1.09680,4.76765,0.572094E-01
1.09741,4.77031,0.505921E-01
1.09802,4.77296,0.112879
1.09863,4.77561,0.591351E-01
1.09924,4.77826,-0.692490E-02
1.09985,4.78092,0.248970E-01
1.10046,4.78357,-0.568654E-02
1.10107,4.78622,0.138169
1.10168,4.78888,-0.141753E-01
1.10229,4.79153,-0.833501E-02
1.10291,4.79418,0.739203E-01
1.10352,4.79684,-0.298502E-01
1.10413,4.79949,-0.547509E-01
1.10474,4.80214,0.519308E-01
1.10535,4.80480,0.174157E-01
1.10596,4.80745,-0.194490E-01
1.10657,4.81010,0.189525
1.10718,4.81275,-0.324683E-01
1.10779,4.81541,0.106888E-01
1.10840,4.81806,-0.753053E-01
1.10901,4.82071,-0.126675E-01
1.10962,4.82337,0.541089E-02
1.11023,4.82602,-0.182052E-01
1.11084,4.82867,0.640951E-02
1.11145,4.83133,-0.724586E-01
1.11206,4.83398,0.819145E-02
1.11267,4.83663,-0.185548E-01
1.11328,4.83929,0.473277E-02
1.11389,4.84194,-0.189105E-01
1.11450,4.84459,0.265610
1.11511,4.84725,-0.530933E-01
1.11572,4.84990,-0.809948E-02
1.11633,4.85255,-0.317683E-01
1.11694,4.85520,-0.211530E-01
1.11755,4.85786,0.517403E-01
1.11816,4.86051,-0.744333E-01
1.11877,4.86316,0.828217E-02
1.11938,4.86582,-0.396957E-01
1.12000,4.86847,-0.816797E-01
1.12061,4.87112,-0.201250E-01
1.12122,4.87378,0.144494
1.12183,4.87643,0.196383E-01
1.12244,4.87908,-0.195434E-01
1.12305,4.88174,0.190948
1.12366,4.88439,0.407057E-01
1.12427,4.88704,-0.117693E-01
1.12488,4.88970,-0.342935E-01
1.12549,4.89235,-0.423428E-01
1.12610,4.89500,0.330105E-01
1.12671,4.89765,0.134431
1.12732,4.90031,0.658051E-03
1.12793,4.90296,-0.291933E-01
1.12854,4.90561,-0.502997E-01
1.12915,4.90827,0.164608E-01
1.12976,4.91092,-0.708266E-01
1.13037,4.91357,0.221948
1.13098,4.91623,0.399278E-01
1.13159,4.91888,-0.319631E-01
1.13220,4.92153,-0.357645E-02
1.13281,4.92419,-0.485121E-01
1.13342,4.92684,0.148281
1.13403,4.92949,0.313389
1.13464,4.93215,0.212096
1.13525,4.93480,-0.816847E-01
1.13586,4.93745,-0.721536E-01
1.13647,4.94010,-0.132401
1.13708,4.94276,0.833081E-01
1.13770,4.94541,-0.323178E-01
1.13831,4.94806,-0.437480E-01
1.13892,4.95072,0.212376E-01
1.13953,4.95337,0.176124E-01
1.14014,4.95602,-0.224945E-01
1.14075,4.95868,0.192471
1.14136,4.96133,0.299170E-01
1.14197,4.96398,0.479755E-01
1.14258,4.96664,-0.267156
1.14319,4.96929,0.128855
1.14380,4.97194,-0.594250E-01
1.14441,4.97460,0.109539
1.14502,4.97725,0.184276
1.14563,4.97990,0.720319E-01
1.14624,4.98255,0.259548E-03
1.14685,4.98521,-0.100043
1.14746,4.98786,0.396484E-01
1.14807,4.99051,0.792467E-01
1.14868,4.99317,0.527420E-02
1.14929,4.99582,0.178335E-01
1.14990,4.99847,0.186293E-01
1.15051,5.00113,-0.508612E-01
1.15112,5.00378,0.313524E-01
1.15173,5.00643,0.109339
1.15234,5.00909,0.544471E-02
1.15295,5.01174,0.569222E-01
1.15356,5.01439,-0.126344E-01
1.15417,5.01704,-0.417827E-01
1.15479,5.01970,0.480622E-01
1.15540,5.02235,-0.713744E-01
1.15601,5.02500,0.310754
1.15662,5.02766,0.581981E-01
1.15723,5.03031,0.935861E-01
1.15784,5.03296,-0.313699E-01
1.15845,5.03562,0.114109
1.15906,5.03827,0.133605E-01
1.15967,5.04092,-0.584994E-01
1.16028,5.04358,-0.789916E-02
1.16089,5.04623,0.239587E-01
1.16150,5.04888,-0.290248E-02
1.16211,5.05154,0.110498E-01
1.16272,5.05419,-0.774497E-01
1.16333,5.05684,0.725424E-01
1.16394,5.05949,0.170323
1.16455,5.06215,0.141265
1.16516,5.06480,0.440685E-01
1.16577,5.06745,0.129149E-01
1.16638,5.07011,0.523907E-01
1.16699,5.07276,0.387391E-01
1.16760,5.07541,0.232546E-01
1.16821,5.07807,-0.809815E-01
1.16882,5.08072,-0.749987E-01
1.16943,5.08337,0.178577
1.17004,5.08603,0.783024E-02
1.17065,5.08868,-0.257348E-01
1.17126,5.09133,-0.218047E-01
1.17188,5.09399,0.354962E-01
1.17249,5.09664,0.442675E-01
1.17310,5.09929,-0.105043
1.17371,5.10194,0.313235E-02
1.17432,5.10460,0.412241E-01
1.17493,5.10725,0.134015
1.17554,5.10990,0.115366
1.17615,5.11256,0.178902E-01
1.17676,5.11521,0.166965
1.17737,5.11786,-0.930422E-01
1.17798,5.12052,0.178033E-01
1.17859,5.12317,-0.144775E-02
1.17920,5.12582,0.783948E-01
1.17981,5.12848,0.320442E-01
1.18042,5.13113,0.793390E-01
1.18103,5.13378,0.265887E-01
1.18164,5.13644,0.348703E-01
1.18225,5.13909,-0.359968E-01
1.18286,5.14174,-0.360213E-01
1.18347,5.14439,-0.598503E-01
1.18408,5.14705,0.654690E-01
1.18469,5.14970,-0.566110E-01
1.18530,5.15235,-0.182971E-01
1.18591,5.15501,0.158861
1.18652,5.15766,-0.278652E-01
1.18713,5.16031,0.113816E-01
1.18774,5.16297,0.529067E-01
1.18835,5.16562,0.261213E-02
1.18896,5.16827,0.276982E-01
1.18958,5.17093,0.574870E-01
1.19019,5.17358,-0.518406E-01
1.19080,5.17623,0.310379E-01
1.19141,5.17889,0.275459E-01
1.19202,5.18154,-0.197357
1.19263,5.18419,0.185275E-01
1.19324,5.18684,0.826091E-01
1.19385,5.18950,-0.182552E-02
1.19446,5.19215,-0.716221E-01
1.19507,5.19480,-0.148500E-01
1.19568,5.19746,-0.236642E-01
1.19629,5.20011,0.226961
1.19690,5.20276,0.944851E-02
1.19751,5.20542,0.648619E-01
1.19812,5.20807,-0.112587E-01
1.19873,5.21072,0.108754E-01
1.19934,5.21338,-0.235453E-01
1.19995,5.21603,0.405879E-01
1.20056,5.21868,0.383216E-01
1.20117,5.22134,0.564925E-01
1.20178,5.22399,0.174966
1.20239,5.22664,0.472505E-01
1.20300,5.22929,0.942089E-02
1.20361,5.23195,-0.610513E-02
1.20422,5.23460,-0.191237E-01
1.20483,5.23725,-0.393200E-01
1.20544,5.23991,0.353838E-01
1.20605,5.24256,0.870377E-01
1.20667,5.24521,-0.116382E-01
1.20728,5.24787,-0.109982E-01
1.20789,5.25052,0.219892
1.20850,5.25317,-0.101296
1.20911,5.25583,0.317575E-01
1.20972,5.25848,-0.748923E-02
1.21033,5.26113,-0.289859E-01
1.21094,5.26378,0.117123E-01
1.21155,5.26644,0.193402E-01
1.21216,5.26909,-0.167832E-01
1.21277,5.27174,0.238043E-01
1.21338,5.27440,0.286674E-01
1.21399,5.27705,0.164536E-01
1.21460,5.27970,0.138725
1.21521,5.28236,0.268150E-01
1.21582,5.28501,-0.224740E-01
1.21643,5.28766,-0.275496E-01
1.21704,5.29032,-0.668624E-03
1.21765,5.29297,0.506620E-01
1.21826,5.29562,0.353077E-02
1.21887,5.29828,-0.191388E-01
1.21948,5.30093,0.536119E-01
1.22009,5.30358,0.254976E-01
1.22070,5.30623,0.181052
1.22131,5.30889,0.607485E-01
1.22192,5.31154,0.195868E-01
1.22253,5.31419,0.998010E-01
1.22314,5.31685,-0.338098E-01
1.22375,5.31950,-0.237729E-02
1.22437,5.32215,-0.606495E-01
1.22498,5.32481,0.221471E-01
1.22559,5.32746,-0.478651E-01
1.22620,5.33011,-0.481262E-01
1.22681,5.33277,-0.418860E-01
1.22742,5.33542,-0.132281E-01
1.22803,5.33807,-0.810912E-01
1.22864,5.34073,0.146928
1.22925,5.34338,-0.566390E-01
1.22986,5.34603,-0.154710
1.23047,5.34868,0.515946E-01
1.23108,5.35134,0.162324E-01
1.23169,5.35399,0.426919E-02
1.23230,5.35664,-0.409815E-01
1.23291,5.35930,-0.802269E-01
1.23352,5.36195,-0.931975E-02
1.23413,5.36460,-0.273163E-02
1.23474,5.36726,0.110252E-01
1.23535,5.36991,0.799256E-02
1.23596,5.37256,0.550712E-01
1.23657,5.37522,0.158472E-01
1.23718,5.37787,0.254960E-02
1.23779,5.38052,0.135153E-01
1.23840,5.38318,0.139780
1.23901,5.38583,-0.233049E-01
1.23962,5.38848,-0.442709E-02
1.24023,5.39113,-0.595405E-01
1.24084,5.39379,-0.131323E-01
1.24146,5.39644,-0.101724E-01
1.24207,5.39909,-0.186285E-01
1.24268,5.40175,-0.857661E-01
1.24329,5.40440,-0.496476E-01
1.24390,5.40705,-0.481916E-01
1.24451,5.40971,0.440308E-01
1.24512,5.41236,0.144075
1.24573,5.41501,-0.202046E-01
1.24634,5.41767,0.136972E-01
1.24695,5.42032,-0.441121E-01
1.24756,5.42297,0.426196E-01
1.24817,5.42563,-0.777975E-02
1.24878,5.42828,-0.110642
1.24939,5.43093,-0.787476E-02
1.25000,5.43358,-0.261933E-01
1.25061,5.43624,-0.527063E-01
1.25122,5.43889,-0.119394E-01
1.25183,5.44154,0.898874E-01
1.25244,5.44420,0.502093E-01
1.25305,5.44685,-0.115110
1.25366,5.44950,-0.779807E-02
1.25427,5.45216,-0.865559E-01
1.25488,5.45481,0.698312E-01
1.25549,5.45746,-0.291641E-01
1.25610,5.46012,0.145592
1.25671,5.46277,-0.911381E-01
1.25732,5.46542,0.129213
1.25793,5.46807,0.767230E-01
1.25854,5.47073,-0.582101E-01
1.25916,5.47338,0.503706E-01
1.25977,5.47603,-0.108130E-01
1.26038,5.47869,0.121882
1.26099,5.48134,0.168336
1.26160,5.48399,0.591870E-01
1.26221,5.48665,0.522591E-02
1.26282,5.48930,0.121927
1.26343,5.49195,-0.538327E-01
1.26404,5.49461,0.542246E-02
1.26465,5.49726,-0.667452E-02
1.26526,5.49991,0.458560E-02
1.26587,5.50257,0.686084E-01
1.26648,5.50522,0.313466E-01
1.26709,5.50787,0.291433E-01
1.26770,5.51052,0.834164E-02
1.26831,5.51318,-0.587975E-01
1.26892,5.51583,-0.404093E-01
1.26953,5.51848,-0.114342E-01
1.27014,5.52114,-0.263447E-01
1.27075,5.52379,-0.139389E-01
1.27136,5.52644,-0.945454E-02
1.27197,5.52910,0.172824
1.27258,5.53175,-0.387296E-01
1.27319,5.53440,-0.166665E-01
1.27380,5.53706,-0.848615E-01
1.27441,5.53971,-0.675884E-01
1.27502,5.54236,0.122499
1.27563,5.54502,-0.203023E-01
1.27625,5.54767,-0.138871E-01
1.27686,5.55032,-0.783424E-02
1.27747,5.55297,0.233455E-01
1.27808,5.55563,-0.139941E-01
1.27869,5.55828,0.686996E-02
1.27930,5.56093,-0.591369E-01
1.27991,5.56359,-0.437319E-01
1.28052,5.56624,0.112787
1.28113,5.56889,-0.890639E-02
1.28174,5.57155,-0.221256E-02
1.28235,5.57420,0.802198E-01
1.28296,5.57685,0.355844E-01
1.28357,5.57951,0.285801E-01
1.28418,5.58216,-0.291252E-01
1.28479,5.58481,-0.278630E-01
1.28540,5.58747,0.188408E-01
1.28601,5.59012,0.189430
1.28662,5.59277,-0.631304E-01
1.28723,5.59542,-0.494814E-02
1.28784,5.59808,-0.387071E-02
1.28845,5.60073,-0.621469E-01
1.28906,5.60338,0.611235E-01
1.28967,5.60604,-0.270607E-02
1.29028,5.60869,0.357158E-01
1.29089,5.61134,0.973908E-02
1.29150,5.61400,0.244965E-01
1.29211,5.61665,-0.787990E-02
1.29272,5.61930,0.430236E-02
1.29333,5.62196,-0.287707E-01
1.29395,5.62461,-0.345351E-01
1.29456,5.62726,-0.526923E-02
1.29517,5.62992,-0.605479E-01
1.29578,5.63257,-0.541235E-02
1.29639,5.63522,0.148979E-01
1.29700,5.63787,0.487513E-01
1.29761,5.64053,-0.652331E-01
1.29822,5.64318,-0.297679E-01
1.29883,5.64583,-0.259338E-01
1.29944,5.64849,0.264826E-01
1.30005,5.65114,0.151203E-01
1.30066,5.65379,-0.440020E-01
1.30127,5.65645,-0.973644E-01
1.30188,5.65910,0.234218
1.30249,5.66175,0.713957E-01
1.30310,5.66441,0.993264E-01
1.30371,5.66706,0.158394E-01
1.30432,5.66971,-0.198229E-01
1.30493,5.67236,0.145287
1.30554,5.67502,0.460969E-01
1.30615,5.67767,0.774404E-01
1.30676,5.68032,-0.126217E-01
1.30737,5.68298,-0.182772E-01
1.30798,5.68563,-0.159166E-01
1.30859,5.68828,-0.388090E-01
1.30920,5.69094,0.317445E-01
1.30981,5.69359,0.479623E-02
1.31042,5.69624,-0.394079E-01
1.31104,5.69890,-0.455774E-01
1.31165,5.70155,-0.327452E-01
1.31226,5.70420,0.253637E-01
1.31287,5.70686,0.667333E-01
1.31348,5.70951,-0.268618E-01
1.31409,5.71216,-0.974423E-02
1.31470,5.71481,0.276832E-01
1.31531,5.71747,0.130936E-01
1.31592,5.72012,0.328512E-01
1.31653,5.72277,0.106520E-01
1.31714,5.72543,0.127918
1.31775,5.72808,0.114396
1.31836,5.73073,-0.374046E-01
1.31897,5.73339,-0.424018E-02
1.31958,5.73604,-0.328280E-01
1.32019,5.73869,-0.599083E-01
1.32080,5.74135,-0.434243E-01
1.32141,5.74400,0.126771
1.32202,5.74665,-0.557135E-01
1.32263,5.74931,0.103583E-01
1.32324,5.75196,0.786715E-01
1.32385,5.75461,0.311167E-01
1.32446,5.75726,-0.165739E-01
1.32507,5.75992,-0.143790E-01
1.32568,5.76257,0.335465E-01
1.32629,5.76522,-0.527945E-01
1.32690,5.76788,0.165035E-01
1.32751,5.77053,-0.188011E-01
1.32812,5.77318,-0.437466E-01
1.32874,5.77584,0.313685E-01
1.32935,5.77849,-0.620581E-01
1.32996,5.78114,0.403100E-01
1.33057,5.78380,-0.961528E-02
1.33118,5.78645,-0.168477E-01
1.33179,5.78910,-0.128908E-01
1.33240,5.79176,-0.144688E-01
1.33301,5.79441,0.738132E-01
1.33362,5.79706,0.109294
1.33423,5.79971,-0.133837
1.33484,5.80237,0.112221E-02
1.33545,5.80502,0.143373E-02
1.33606,5.80767,0.244435E-01
1.33667,5.81033,0.158939E-02
1.33728,5.81298,0.670542E-01
1.33789,5.81563,0.595467E-02
1.33850,5.81829,-0.824431E-01
1.33911,5.82094,0.350179E-01
1.33972,5.82359,0.888473E-01
1.34033,5.82625,-0.864808E-01
1.34094,5.82890,-0.346930E-01
1.34155,5.83155,-0.357629E-01
1.34216,5.83421,-0.458974E-02
1.34277,5.83686,0.189280E-01
1.34338,5.83951,0.852346E-02
1.34399,5.84216,-0.575598E-02
1.34460,5.84482,0.215015E-01
1.34521,5.84747,0.846037E-02
1.34583,5.85012,0.992338E-01
1.34644,5.85278,0.130129
1.34705,5.85543,-0.212558E-01
1.34766,5.85808,0.706542E-01
1.34827,5.86074,0.993393E-01
1.34888,5.86339,-0.417979E-01
1.34949,5.86604,-0.539750E-01
1.35010,5.86870,0.219291E-01
1.35071,5.87135,0.521151E-01
1.35132,5.87400,0.211175E-01
1.35193,5.87666,-0.819628E-02
1.35254,5.87931,-0.310328E-01
1.35315,5.88196,-0.293930E-01
1.35376,5.88461,-0.772666E-02
1.35437,5.88727,-0.492215E-02
1.35498,5.88992,-0.804953E-01
1.35559,5.89257,-0.405443E-01
1.35620,5.89523,0.417169E-01
1.35681,5.89788,0.486257E-01
1.35742,5.90053,0.258663E-01
1.35803,5.90319,0.164814E-01
1.35864,5.90584,0.182664E-01
1.35925,5.90849,-0.219039E-01
1.35986,5.91115,-0.897003E-02
1.36047,5.91380,-0.409454E-01
1.36108,5.91645,0.185399E-02
1.36169,5.91910,-0.248871E-02
1.36230,5.92176,0.156216E-01
1.36292,5.92441,-0.204286E-01
1.36353,5.92706,0.349136E-01
1.36414,5.92972,0.184992E-01
1.36475,5.93237,0.839698E-01
1.36536,5.93502,0.110241E-01
1.36597,5.93768,-0.219111E-02
1.36658,5.94033,0.130729
1.36719,5.94298,0.209367E-02
1.36780,5.94564,0.295840E-01
1.36841,5.94829,0.149965E-01
1.36902,5.95094,0.149235
1.36963,5.95360,-0.930302E-01
1.37024,5.95625,0.251648
1.37085,5.95890,0.104948
1.37146,5.96155,0.180419
1.37207,5.96421,-0.555820E-01
1.37268,5.96686,0.232370
1.37329,5.96951,0.390635E-02
1.37390,5.97217,0.850187E-02
1.37451,5.97482,0.373425E-01
1.37512,5.97747,0.536257E-01
1.37573,5.98013,-0.457077E-01
1.37634,5.98278,0.140512
1.37695,5.98543,0.196360E-01
1.37756,5.98809,0.101933E-01
1.37817,5.99074,-0.944975E-02
1.37878,5.99339,-0.130645E-02
1.37939,5.99605,0.169544E-01
1.38000,5.99870,0.786981E-01
1.38062,6.00135,0.622673E-02
1.38123,6.00400,-0.161099E-01
1.38184,6.00666,0.310821E-02
1.38245,6.00931,0.216520E-02
1.38306,6.01196,-0.174274E-01
1.38367,6.01462,0.626283E-03
1.38428,6.01727,-0.637941E-02
1.38489,6.01992,0.435213E-01
1.38550,6.02258,-0.553057E-02
1.38611,6.02523,-0.623961E-02
1.38672,6.02788,0.125030
1.38733,6.03054,0.331369E-01
1.38794,6.03319,-0.763271E-01
1.38855,6.03584,-0.255038E-01
1.38916,6.03850,0.177192E-01
1.38977,6.04115,0.537607E-01
1.39038,6.04380,0.253137E-01
1.39099,6.04645,-0.286844E-02
1.39160,6.04911,0.794167E-01
1.39221,6.05176,0.657104E-01
1.39282,6.05441,-0.527610E-01
1.39343,6.05707,0.844593E-02
1.39404,6.05972,0.263861E-01
1.39465,6.06237,0.134438
1.39526,6.06503,0.312278E-01
1.39587,6.06768,-0.364905E-01
1.39648,6.07033,0.129545E-01
1.39709,6.07299,0.515762E-02
1.39771,6.07564,-0.185804
1.39832,6.07829,-0.116568E-01
1.39893,6.08095,-0.166984E-01
1.39954,6.08360,0.372224E-02
1.40015,6.08625,0.235990E-01
1.40076,6.08890,-0.644737E-01
1.40137,6.09156,0.222633E-01
1.40198,6.09421,-0.421966E-01
1.40259,6.09686,0.453246E-01
1.40320,6.09952,-0.297172E-01
1.40381,6.10217,0.701827E-01
1.40442,6.10482,-0.745117E-02
1.40503,6.10748,0.905006E-01
1.40564,6.11013,0.294060E-01
1.40625,6.11278,-0.354627E-01
1.40686,6.11544,0.198990
1.40747,6.11809,0.254396E-02
1.40808,6.12074,0.482614E-01
1.40869,6.12339,0.702466E-02
1.40930,6.12605,0.421150E-01
1.40991,6.12870,0.982570E-02
1.41052,6.13135,-0.123162E-01
1.41113,6.13401,0.312848E-02
1.41174,6.13666,0.115635E-01
1.41235,6.13931,0.109392
1.41296,6.14197,-0.587765E-01
1.41357,6.14462,0.354215E-02
1.41418,6.14727,-0.306267E-01
1.41479,6.14993,0.991938E-01
1.41541,6.15258,-0.262740E-01
1.41602,6.15523,0.522408E-01
1.41663,6.15789,-0.385911E-02
1.41724,6.16054,-0.413318E-01
1.41785,6.16319,0.471770E-01
1.41846,6.16584,-0.368005E-01
1.41907,6.16850,0.202651E-01
1.41968,6.17115,-0.260933E-01
1.42029,6.17380,0.312106E-01
1.42090,6.17646,-0.822328E-03
1.42151,6.17911,0.371190E-01
1.42212,6.18176,0.614469E-01
1.42273,6.18442,0.569076E-02
1.42334,6.18707,0.259805E-01
1.42395,6.18972,-0.741404E-01
1.42456,6.19238,0.734031E-01
1.42517,6.19503,-0.259097E-01
1.42578,6.19768,-0.192699E-01
1.42639,6.20034,0.631014E-03
1.42700,6.20299,-0.186033E-01
1.42761,6.20564,-0.295656E-01
1.42822,6.20829,0.452206E-01
1.42883,6.21095,-0.404870E-02
1.42944,6.21360,0.299280E-01
1.43005,6.21625,0.416878E-01
1.43066,6.21891,0.324406E-02
1.43127,6.22156,0.142066
1.43188,6.22421,0.339644E-01
1.43250,6.22687,-0.168592E-01
1.43311,6.22952,0.117574E-01
1.43372,6.23217,0.450659E-01
1.43433,6.23483,-0.199569E-01
1.43494,6.23748,0.752559E-01
1.43555,6.24013,0.925395E-02
1.43616,6.24279,-0.578283E-01
1.43677,6.24544,-0.108154
1.43738,6.24809,-0.129358
1.43799,6.25074,0.233236E-01
1.43860,6.25340,0.343498E-01
1.43921,6.25605,-0.584671E-01
1.43982,6.25870,0.342737E-01
1.44043,6.26136,-0.621217E-01
1.44104,6.26401,-0.537464E-02
1.44165,6.26666,0.716495E-01
1.44226,6.26932,-0.342779E-01
1.44287,6.27197,-0.536724E-01
1.44348,6.27462,-0.202049E-01
1.44409,6.27728,0.334641E-01
1.44470,6.27993,-0.390917E-01
1.44531,6.28258,0.111560E-01
1.44592,6.28524,0.443825E-01
1.44653,6.28789,-0.710892E-01
1.44714,6.29054,-0.836937E-03
1.44775,6.29319,-0.600558E-01
1.44836,6.29585,0.239933E-01
1.44897,6.29850,-0.758256E-02
1.44958,6.30115,-0.196691E-01
1.45020,6.30381,0.905455E-02
1.45081,6.30646,0.481389E-01
1.45142,6.30911,-0.225003E-01
1.45203,6.31177,0.693964E-01
1.45264,6.31442,-0.215772E-01
1.45325,6.31707,0.807720E-01
1.45386,6.31973,-0.119580E-01
1.45447,6.32238,0.501509E-01
1.45508,6.32503,0.862133E-01
1.45569,6.32768,-0.137439E-01
1.45630,6.33034,-0.168190
1.45691,6.33299,-0.643471E-01
1.45752,6.33564,-0.728993E-01
1.45813,6.33830,-0.160984E-02
1.45874,6.34095,0.741320E-01
1.45935,6.34360,0.675478E-01
1.45996,6.34626,-0.154892E-02
1.46057,6.34891,-0.108367
1.46118,6.35156,0.101407
1.46179,6.35422,0.579575E-01
1.46240,6.35687,0.147804E-01
1.46301,6.35952,-0.704832E-01
1.46362,6.36218,0.916748E-01
1.46423,6.36483,0.154328
1.46484,6.36748,0.317522E-03
1.46545,6.37013,-0.331187E-01
1.46606,6.37279,0.323540E-01
1.46667,6.37544,-0.429313E-02
1.46729,6.37809,0.569221E-02
1.46790,6.38075,-0.594735E-01
1.46851,6.38340,0.713800E-02
1.46912,6.38605,0.496014E-02
1.46973,6.38871,0.318408E-01
1.47034,6.39136,0.200462
1.47095,6.39401,-0.106022
1.47156,6.39667,-0.550212E-03
1.47217,6.39932,-0.199665E-01
1.47278,6.40197,-0.326474E-01
1.47339,6.40463,0.333956E-01
1.47400,6.40728,0.347243E-02
1.47461,6.40993,-0.360752E-02
1.47522,6.41258,-0.838450E-03
1.47583,6.41524,-0.243306E-02
1.47644,6.41789,0.291271E-02
1.47705,6.42054,0.631317E-01
1.47766,6.42320,0.173038E-01
1.47827,6.42585,0.115179
1.47888,6.42850,0.137719
1.47949,6.43116,-0.788668E-01
1.48010,6.43381,0.132413
1.48071,6.43646,0.148728
1.48132,6.43912,0.538179E-02
1.48193,6.44177,-0.134389E-01
1.48254,6.44442,0.415698E-02
1.48315,6.44708,-0.366661E-01
1.48376,6.44973,-0.636363E-01
1.48438,6.45238,0.124254
1.48499,6.45503,-0.702271E-01
1.48560,6.45769,0.618943E-01
1.48621,6.46034,-0.249980E-01
1.48682,6.46299,0.925970E-01
1.48743,6.46565,-0.145611E-01
1.48804,6.46830,0.163365E-01
1.48865,6.47095,-0.163419E-01
1.48926,6.47361,0.781490E-01
1.48987,6.47626,0.800813E-01
1.49048,6.47891,-0.293201E-01
1.49109,6.48157,0.196091E-02
1.49170,6.48422,-0.370318E-02
1.49231,6.48687,0.536722E-02
1.49292,6.48953,0.502274E-01
1.49353,6.49218,0.103242
1.49414,6.49483,-0.245641E-01
1.49475,6.49748,0.126397E-02
1.49536,6.50014,0.235651E-01
1.49597,6.50279,0.403043E-01
1.49658,6.50544,-0.666016E-01
1.49719,6.50810,0.711784E-01
1.49780,6.51075,0.313505E-01
1.49841,6.51340,-0.319648E-01
1.49902,6.51606,0.792590E-01
1.49963,6.51871,0.474638E-02
1.50024,6.52136,-0.153206E-01
1.50085,6.52402,0.538744E-01
1.50146,6.52667,0.922424E-02
1.50208,6.52932,0.282273E-01
1.50269,6.53198,-0.357377E-01
1.50330,6.53463,-0.261242E-01
1.50391,6.53728,-0.208688E-01
1.50452,6.53993,0.605948E-02
1.50513,6.54259,-0.166536E-02
1.50574,6.54524,0.605311E-01
1.50635,6.54789,0.295759E-02
1.50696,6.55055,-0.107395
1.50757,6.55320,0.291780E-01
1.50818,6.55585,-0.111941E-02
1.50879,6.55851,0.259584E-01
1.50940,6.56116,-0.397996E-01
1.51001,6.56381,-0.344066E-02
1.51062,6.56647,0.201387E-01
1.51123,6.56912,0.614357E-01
1.51184,6.57177,0.222077E-01
1.51245,6.57442,-0.772606E-02
1.51306,6.57708,0.464107E-01
1.51367,6.57973,0.161091
1.51428,6.58238,0.327928E-02
1.51489,6.58504,0.476400E-01
1.51550,6.58769,-0.651548E-01
1.51611,6.59034,-0.170668E-01
1.51672,6.59300,-0.430710E-01
1.51733,6.59565,0.187907E-03
1.51794,6.59830,-0.906283E-02
1.51855,6.60096,0.390412E-02
1.51917,6.60361,0.418185E-02
1.51978,6.60626,-0.167498E-01
1.52039,6.60892,-0.645014E-01
1.52100,6.61157,-0.106514E-02
1.52161,6.61422,-0.629685E-01
1.52222,6.61687,-0.496087E-01
1.52283,6.61953,-0.368719E-01
1.52344,6.62218,-0.187654E-01
1.52405,6.62483,-0.495318E-01
1.52466,6.62749,0.109933
1.52527,6.63014,0.484631E-01
1.52588,6.63279,0.289850E-01
1.52649,6.63545,-0.457625E-02
1.52710,6.63810,-0.534375E-01
1.52771,6.64075,-0.714871E-01
1.52832,6.64341,0.203296E-02
1.52893,6.64606,-0.944637E-01
1.52954,6.64871,0.359842E-01
1.53015,6.65137,0.140446
1.53076,6.65402,-0.293269E-01
1.53137,6.65667,-0.422754E-01
1.53198,6.65932,-0.663709E-01
1.53259,6.66198,-0.241728E-01
1.53320,6.66463,0.450029E-01
1.53381,6.66728,-0.251154E-01
1.53442,6.66994,-0.132222
1.53503,6.67259,0.923352E-02
1.53564,6.67524,0.221587
1.53625,6.67790,-0.328445E-01
1.53687,6.68055,-0.667896E-02
1.53748,6.68320,0.138473E-02
1.53809,6.68586,0.969329E-01
1.53870,6.68851,0.997013E-02
1.53931,6.69116,-0.137405E-01
1.53992,6.69382,0.492631E-02
1.54053,6.69647,0.416340E-01
1.54114,6.69912,0.324069E-01
1.54175,6.70177,-0.540337E-01
1.54236,6.70443,0.481935E-01
1.54297,6.70708,-0.208262E-01
1.54358,6.70973,-0.320761E-03
1.54419,6.71239,0.652507E-01
1.54480,6.71504,0.263207E-01
1.54541,6.71769,0.860792E-02
1.54602,6.72035,-0.754724E-02
1.54663,6.72300,-0.279937E-01
1.54724,6.72565,-0.187982E-01
1.54785,6.72831,0.168597E-01
1.54846,6.73096,0.657337E-01
1.54907,6.73361,-0.201062E-01
1.54968,6.73627,0.495260E-01
1.55029,6.73892,-0.326151E-01
1.55090,6.74157,0.858741E-01
1.55151,6.74422,0.186515E-01
1.55212,6.74688,0.487499E-01
1.55273,6.74953,0.452987E-01
1.55334,6.75218,0.778193E-02
1.55396,6.75484,-0.642572E-01
1.55457,6.75749,0.125243E-01
1.55518,6.76014,-0.935224E-03
1.55579,6.76280,0.724020E-01
1.55640,6.76545,0.479058E-01
1.55701,6.76810,-0.176507E-01
1.55762,6.77076,-0.494791E-01
1.55823,6.77341,0.420035E-01
1.55884,6.77606,0.268351E-01
1.55945,6.77871,-0.133877E-01
1.56006,6.78137,-0.570366E-01
1.56067,6.78402,-0.771993E-02
1.56128,6.78667,-0.134110
1.56189,6.78933,0.296963E-01
1.56250,6.79198,0.174632E-01
1.56311,6.79463,0.121530
1.56372,6.79729,0.745980E-01
1.56433,6.79994,-0.112637E-01
1.56494,6.80259,0.771508E-01
1.56555,6.80525,-0.125381
1.56616,6.80790,-0.198815E-01
1.56677,6.81055,0.194192E-02
1.56738,6.81321,0.263588E-01
1.56799,6.81586,-0.487436E-01
1.56860,6.81851,0.398868E-02
1.56921,6.82116,0.571569E-02
1.56982,6.82382,0.179338E-01
1.57043,6.82647,0.372650
1.57104,6.82912,-0.450457E-01
1.57166,6.83178,-0.702185E-01
1.57227,6.83443,0.138824E-01
1.57288,6.83708,0.285255E-01
1.57349,6.83974,0.791004E-01
1.57410,6.84239,0.100986E-01
1.57471,6.84504,-0.209560E-01
1.57532,6.84770,0.360090E-01
1.57593,6.85035,0.366563E-01
1.57654,6.85300,-0.728184E-02
1.57715,6.85566,0.127078
1.57776,6.85831,-0.265546E-02
1.57837,6.86096,-0.117942E-01
1.57898,6.86361,0.895830E-01
1.57959,6.86627,-0.384104E-01
1.58020,6.86892,-0.223811E-01
1.58081,6.87157,0.146709E-01
1.58142,6.87423,-0.873955E-02
1.58203,6.87688,-0.635987E-01
1.58264,6.87953,0.570414E-01
1.58325,6.88219,0.308145E-01
1.58386,6.88484,0.902296E-02
1.58447,6.88749,-0.269487E-01
1.58508,6.89015,0.426298E-01
1.58569,6.89280,-0.194898E-01
1.58630,6.89545,-0.158096E-01
1.58691,6.89811,0.425615E-01
1.58752,6.90076,0.188172E-01
1.58813,6.90341,0.169536E-01
1.58875,6.90606,0.550813E-01
1.58936,6.90872,-0.187144E-02
1.58997,6.91137,-0.217340E-01
1.59058,6.91402,-0.326250E-01
1.59119,6.91668,0.161669E-01
1.59180,6.91933,0.736377E-01
1.59241,6.92198,0.710781E-01
1.59302,6.92464,-0.157151E-01
1.59363,6.92729,0.854632E-01
1.59424,6.92994,0.776619E-03
1.59485,6.93260,-0.112611E-01
1.59546,6.93525,0.964971E-02
1.59607,6.93790,-0.166735E-01
1.59668,6.94056,-0.471175E-01
1.59729,6.94321,0.360992E-01
1.59790,6.94586,-0.190551E-02
1.59851,6.94851,-0.173873E-03
1.59912,6.95117,0.599322E-01
1.59973,6.95382,-0.302808E-01
1.60034,6.95647,-0.120235E-01
1.60095,6.95913,0.662276E-02
1.60156,6.96178,0.122039E-01
1.60217,6.96443,-0.293272E-02
1.60278,6.96709,-0.455885E-01
1.60339,6.96974,-0.611093E-01
1.60400,6.97239,-0.246643E-02
1.60461,6.97505,-0.738056E-01
1.60522,6.97770,-0.649457E-01
1.60583,6.98035,0.551561E-03
1.60645,6.98300,-0.235162E-02
1.60706,6.98566,0.697877E-01
1.60767,6.98831,0.484563E-01
1.60828,6.99096,0.200028E-01
1.60889,6.99362,-0.520599E-01
1.60950,6.99627,0.716239E-01
1.61011,6.99892,0.307247E-01
1.61072,7.00158,0.952721E-01
1.61133,7.00423,0.108979E-01
1.61194,7.00688,0.946776E-01
1.61255,7.00954,0.830382E-01
1.61316,7.01219,0.449831E-02
1.61377,7.01484,-0.176218E-01
1.61438,7.01750,0.159429E-01
1.61499,7.02015,0.444812E-01
1.61560,7.02280,-0.184705E-01
1.61621,7.02545,-0.104413E-01
1.61682,7.02811,-0.724267E-01
1.61743,7.03076,-0.965972E-02
1.61804,7.03341,-0.169622E-01
1.61865,7.03607,-0.113427E-01
1.61926,7.03872,0.270511E-02
1.61987,7.04137,0.864659E-01
1.62048,7.04403,-0.153750E-01
1.62109,7.04668,0.103856E-02
1.62170,7.04933,0.183713E-02
1.62231,7.05199,0.258438E-01
1.62292,7.05464,-0.223797E-01
1.62354,7.05729,0.125943
1.62415,7.05995,-0.702142E-01
1.62476,7.06260,-0.634433E-01
1.62537,7.06525,0.483964E-01
1.62598,7.06790,0.242658E-01
1.62659,7.07056,0.409758E-01
1.62720,7.07321,0.134603E-01
1.62781,7.07586,0.907091E-01
1.62842,7.07852,0.468140E-01
1.62903,7.08117,0.181950E-01
1.62964,7.08382,-0.188513E-01
1.63025,7.08648,0.164927E-01
1.63086,7.08913,-0.372725E-02
1.63147,7.09178,0.222449E-01
1.63208,7.09444,0.259903E-01
1.63269,7.09709,0.619261E-01
1.63330,7.09974,-0.239999E-01
1.63391,7.10240,0.220944E-01
1.63452,7.10505,-0.208563E-01
1.63513,7.10770,0.103543E-01
1.63574,7.11035,-0.211782E-01
1.63635,7.11301,-0.481321E-03
1.63696,7.11566,0.326731E-01
1.63757,7.11831,0.192287E-01
1.63818,7.12097,0.197576E-01
1.63879,7.12362,0.317157E-01
1.63940,7.12627,-0.147051E-01
1.64001,7.12893,0.421046E-01
1.64062,7.13158,-0.901958E-02
1.64124,7.13423,0.702504E-01
1.64185,7.13689,0.284007E-01
1.64246,7.13954,0.108146
1.64307,7.14219,0.130068
1.64368,7.14485,0.171759E-01
1.64429,7.14750,0.774112E-01
1.64490,7.15015,-0.508049E-01
1.64551,7.15280,-0.437716E-01
1.64612,7.15546,0.214644E-01
1.64673,7.15811,0.298565E-01
1.64734,7.16076,0.405703E-01
1.64795,7.16342,0.309263E-02
1.64856,7.16607,-0.158830E-01
1.64917,7.16872,-0.870977E-02
1.64978,7.17138,0.291845E-01
1.65039,7.17403,-0.439502E-01
1.65100,7.17668,-0.288866E-01
1.65161,7.17934,0.371621E-01
1.65222,7.18199,0.666513E-01
1.65283,7.18464,-0.991394E-01
1.65344,7.18730,-0.954737E-02
1.65405,7.18995,0.113643E-01
1.65466,7.19260,0.316660E-01
1.65527,7.19525,0.850887E-01
1.65588,7.19791,-0.593941E-01
1.65649,7.20056,0.410976E-01
1.65710,7.20321,0.187084E-01
1.65771,7.20587,0.400484E-01
1.65833,7.20852,0.120813
1.65894,7.21117,-0.344583E-01
1.65955,7.21383,-0.382874E-01
1.66016,7.21648,0.609674E-03
1.66077,7.21913,-0.109694E-01
1.66138,7.22179,-0.105111
1.66199,7.22444,-0.455785E-02
1.66260,7.22709,-0.171669E-01
1.66321,7.22974,-0.858264E-01
1.66382,7.23240,0.119562
1.66443,7.23505,0.412024E-01
1.66504,7.23770,-0.145603
1.66565,7.24036,0.149058
1.66626,7.24301,-0.276035E-01
1.66687,7.24566,-0.638339E-01
1.66748,7.24832,-0.318384E-02
1.66809,7.25097,0.123937E-01
1.66870,7.25362,-0.495762E-02
1.66931,7.25628,0.157271E-01
1.66992,7.25893,-0.246341E-01
1.67053,7.26158,0.105422E-01
1.67114,7.26424,0.211890E-01
1.67175,7.26689,-0.155302E-02
1.67236,7.26954,0.370800E-02
1.67297,7.27219,0.353744E-01
1.67358,7.27485,0.145309
1.67419,7.27750,-0.890862E-01
1.67480,7.28015,0.189093
1.67542,7.28281,0.966787E-01
1.67603,7.28546,0.330853E-01
1.67664,7.28811,-0.477079E-02
1.67725,7.29077,0.576072E-02
1.67786,7.29342,-0.254505E-01
1.67847,7.29607,-0.952815E-02
1.67908,7.29873,-0.232272E-01
1.67969,7.30138,0.164410
1.68030,7.30403,-0.306162E-01
1.68091,7.30669,-0.298998E-01
1.68152,7.30934,-0.101402E-01
1.68213,7.31199,0.241539E-01
1.68274,7.31464,-0.278835E-01
1.68335,7.31730,0.622516E-01
1.68396,7.31995,-0.123228E-01
1.68457,7.32260,0.314849E-01
1.68518,7.32526,-0.317688E-01
1.68579,7.32791,0.154693E-01
1.68640,7.33056,0.101819
1.68701,7.33322,-0.113338E-02
1.68762,7.33587,0.562138E-02
1.68823,7.33852,-0.842155E-01
1.68884,7.34118,0.812049E-01
1.68945,7.34383,0.516851E-02
1.69006,7.34648,0.374999E-01
1.69067,7.34914,-0.496163E-01
1.69128,7.35179,0.868570E-02
1.69189,7.35444,-0.666223E-02
1.69250,7.35709,-0.270985E-01
1.69312,7.35975,0.641847E-01
1.69373,7.36240,-0.104864
1.69434,7.36505,-0.538962E-01
1.69495,7.36771,0.308101E-01
1.69556,7.37036,0.906307E-01
1.69617,7.37301,0.939857E-01
1.69678,7.37567,0.906389E-02
1.69739,7.37832,0.371389E-01
1.69800,7.38097,0.363728E-01
1.69861,7.38363,-0.389915E-02
1.69922,7.38628,0.565956E-01
1.69983,7.38893,0.172111E-01
1.70044,7.39159,-0.128951E-01
1.70105,7.39424,-0.863414E-01
1.70166,7.39689,-0.303145E-01
1.70227,7.39954,-0.326824E-01
1.70288,7.40220,-0.594334E-01
1.70349,7.40485,0.189578E-01
1.70410,7.40750,0.492843E-01
1.70471,7.41016,0.193294E-01
1.70532,7.41281,0.244982E-01
1.70593,7.41546,0.290603E-01
1.70654,7.41812,0.453742E-01
1.70715,7.42077,-0.152225E-01
1.70776,7.42342,0.444093E-01
1.70837,7.42608,0.757808E-01
1.70898,7.42873,-0.979399E-02
1.70959,7.43138,0.376628E-01
1.71021,7.43403,0.326212E-01
1.71082,7.43669,-0.362640E-01
1.71143,7.43934,0.303306E-02
1.71204,7.44199,0.166680E-02
1.71265,7.44465,-0.515534E-01
1.71326,7.44730,0.261359E-01
1.71387,7.44995,-0.980526E-01
1.71448,7.45261,0.156730E-01
1.71509,7.45526,-0.225906E-01
1.71570,7.45791,0.336867E-01
1.71631,7.46057,0.106802
1.71692,7.46322,0.865356E-02
1.71753,7.46587,0.675687E-02
1.71814,7.46853,-0.545741E-02
1.71875,7.47118,-0.451381E-01
1.71936,7.47383,0.831750E-01
1.71997,7.47648,-0.683456E-02
1.72058,7.47914,-0.874276E-01
1.72119,7.48179,0.111174E-01
1.72180,7.48444,0.648157E-01
1.72241,7.48710,0.310245E-01
1.72302,7.48975,0.190751E-02
1.72363,7.49240,-0.978156E-02
1.72424,7.49506,0.235225E-01
1.72485,7.49771,-0.204831E-01
1.72546,7.50036,-0.539980E-02
1.72607,7.50302,-0.316564E-01
1.72668,7.50567,0.822333E-02
1.72729,7.50832,0.693933E-01
1.72791,7.51098,-0.143165E-02
1.72852,7.51363,0.389105E-01
1.72913,7.51628,0.572171E-01
1.72974,7.51893,0.890550E-02
1.73035,7.52159,0.172842
1.73096,7.52424,-0.297097E-01
1.73157,7.52689,-0.261517E-02
1.73218,7.52955,-0.438275E-01
1.73279,7.53220,0.176730E-01
1.73340,7.53485,-0.555115E-01
1.73401,7.53751,0.108778E-04
1.73462,7.54016,-0.300234E-01
1.73523,7.54281,0.604093E-01
1.73584,7.54547,0.310035E-01
1.73645,7.54812,-0.242577E-03
1.73706,7.55077,-0.315866E-01
1.73767,7.55343,0.454678E-01
1.73828,7.55608,0.984274E-02
1.73889,7.55873,0.191018E-01
1.73950,7.56138,-0.533608E-02
1.74011,7.56404,0.302335E-01
1.74072,7.56669,-0.870848E-02
1.74133,7.56934,-0.907319E-03
1.74194,7.57200,0.932965E-02
1.74255,7.57465,-0.116972E-01
1.74316,7.57730,0.277304E-01
1.74377,7.57996,0.420206E-01
1.74438,7.58261,0.380881E-01
1.74500,7.58526,-0.173580E-01
1.74561,7.58792,-0.135530E-01
1.74622,7.59057,-0.577073E-01
1.74683,7.59322,-0.905981E-01
1.74744,7.59588,0.254364E-01
1.74805,7.59853,0.435140E-01
1.74866,7.60118,0.335293E-01
1.74927,7.60383,-0.706307E-02
1.74988,7.60649,0.275828E-01
1.75049,7.60914,-0.144432E-01
1.75110,7.61179,0.136746E-01
1.75171,7.61445,0.103143
1.75232,7.61710,-0.107464E-01
1.75293,7.61975,0.147826
1.75354,7.62241,-0.366155E-02
1.75415,7.62506,0.595082E-01
1.75476,7.62771,0.216697E-01
1.75537,7.63037,0.255851
1.75598,7.63302,0.213373E-01
1.75659,7.63567,-0.116070E-01
1.75720,7.63832,0.129470
1.75781,7.64098,0.281798E-01
1.75842,7.64363,-0.269790E-01
1.75903,7.64628,-0.227279E-04
1.75964,7.64894,0.912778E-02
1.76025,7.65159,0.755156E-01
1.76086,7.65424,0.224813E-02
1.76147,7.65690,-0.866598E-02
1.76208,7.65955,0.371698E-01
1.76270,7.66220,-0.640860E-02
1.76331,7.66486,-0.215876E-02
1.76392,7.66751,-0.201081E-01
1.76453,7.67016,0.224478E-01
1.76514,7.67282,-0.148047E-02
1.76575,7.67547,0.427849E-01
1.76636,7.67812,-0.832326E-02
1.76697,7.68077,-0.151688E-01
1.76758,7.68343,-0.802697E-01
1.76819,7.68608,-0.635029E-01
1.76880,7.68873,-0.156031E-01
1.76941,7.69139,-0.653820E-01
1.77002,7.69404,0.668577E-01
1.77063,7.69669,0.983295E-02
1.77124,7.69935,-0.157436
1.77185,7.70200,0.119625
1.77246,7.70465,-0.486026E-01
1.77307,7.70731,-0.488451E-01
1.77368,7.70996,-0.206611E-01
1.77429,7.71261,-0.943663E-02
1.77490,7.71527,0.680536E-01
1.77551,7.71792,0.646974E-01
1.77612,7.72057,-0.398848E-01
1.77673,7.72322,-0.206160E-01
1.77734,7.72588,0.127762
1.77795,7.72853,-0.545844E-01
1.77856,7.73118,0.552416E-01
1.77917,7.73384,-0.255532E-01
1.77979,7.73649,-0.232039E-01
1.78040,7.73914,0.243985E-01
1.78101,7.74180,0.561687E-01
1.78162,7.74445,0.331527E-01
1.78223,7.74710,-0.243229E-01
1.78284,7.74976,0.508898E-01
1.78345,7.75241,0.108916E-01
1.78406,7.75506,0.777455E-02
1.78467,7.75772,-0.374147E-01
1.78528,7.76037,-0.208794E-01
1.78589,7.76302,0.316350E-01
1.78650,7.76567,0.178669E-02
1.78711,7.76833,0.125872
1.78772,7.77098,0.631755E-02
1.78833,7.77363,-0.302212E-01
1.78894,7.77629,0.263020E-01
1.78955,7.77894,-0.400827E-02
1.79016,7.78159,0.171537E-01
1.79077,7.78425,-0.316748E-02
1.79138,7.78690,0.128506
1.79199,7.78955,0.142112E-01
1.79260,7.79221,0.128169E-01
1.79321,7.79486,0.381306E-01
1.79382,7.79751,0.292609E-01
1.79443,7.80017,0.509357E-01
1.79504,7.80282,0.394681E-01
1.79565,7.80547,0.140528E-01
1.79626,7.80812,-0.171041E-01
1.79688,7.81078,-0.131482
1.79749,7.81343,0.481082E-01
1.79810,7.81608,0.103668
1.79871,7.81874,-0.143877E-01
1.79932,7.82139,-0.190187E-02
1.79993,7.82404,-0.158988E-01
1.80054,7.82670,-0.533281E-02
1.80115,7.82935,0.363858E-01
1.80176,7.83200,0.531061E-01
1.80237,7.83466,0.101813
1.80298,7.83731,-0.142582E-01
1.80359,7.83996,-0.243095E-02
1.80420,7.84262,-0.794730E-02
1.80481,7.84527,-0.560094E-03
1.80542,7.84792,-0.266513E-01
1.80603,7.85057,0.596465E-01
1.80664,7.85323,0.446403E-01
1.80725,7.85588,0.446649E-01
1.80786,7.85853,-0.994448E-02
1.80847,7.86119,0.590286E-01
1.80908,7.86384,0.634862E-01
1.80969,7.86649,0.339908E-01
1.81030,7.86915,-0.113038E-01
1.81091,7.87180,0.203874E-01
1.81152,7.87445,-0.571834E-01
1.81213,7.87711,-0.206829E-01
1.81274,7.87976,-0.262839E-02
1.81335,7.88241,-0.203246E-01
1.81396,7.88506,-0.590101E-02
1.81458,7.88772,0.615574E-03
1.81519,7.89037,0.124494E-01
1.81580,7.89302,-0.474908E-01
1.81641,7.89568,-0.209870E-02
1.81702,7.89833,0.254930E-01
1.81763,7.90098,0.291763E-01
1.81824,7.90364,-0.300289E-01
1.81885,7.90629,-0.674956E-03
1.81946,7.90894,0.501297E-01
1.82007,7.91160,0.118098E-01
1.82068,7.91425,0.590662E-02
1.82129,7.91690,-0.752416E-02
1.82190,7.91956,-0.991723E-03
1.82251,7.92221,0.913652E-02
1.82312,7.92486,0.894234E-01
1.82373,7.92751,0.105015
1.82434,7.93017,-0.480129E-01
1.82495,7.93282,-0.712568E-01
1.82556,7.93547,-0.101573E-01
1.82617,7.93813,0.552226E-01
1.82678,7.94078,-0.485601E-01
1.82739,7.94343,0.509699E-01
1.82800,7.94609,0.215623E-01
1.82861,7.94874,0.103660E-01
1.82922,7.95139,0.108300E-01
1.82983,7.95405,0.197535
1.83044,7.95670,-0.618460E-02
1.83105,7.95935,-0.125051E-01
1.83167,7.96201,0.181628E-01
1.83228,7.96466,0.320792E-01
1.83289,7.96731,0.514309E-01
1.83350,7.96996,0.859914E-01
1.83411,7.97262,0.361190E-01
1.83472,7.97527,0.426092E-02
1.83533,7.97792,0.848665E-02
1.83594,7.98058,0.273088E-01
1.83655,7.98323,-0.297547E-01
1.83716,7.98588,0.181509E-01
1.83777,7.98854,-0.901832E-03
1.83838,7.99119,-0.428442E-02
1.83899,7.99384,-0.127409
1.83960,7.99650,0.398696E-01
1.84021,7.99915,-0.376519E-02
1.84082,8.00180,-0.210992E-01
1.84143,8.00446,-0.179907E-01
1.84204,8.00711,-0.332790E-01
1.84265,8.00976,0.313976E-01
1.84326,8.01241,-0.352499E-01
1.84387,8.01507,-0.568587E-03
1.84448,8.01772,-0.176623E-01
1.84509,8.02037,0.133713E-01
1.84570,8.02303,0.577773E-01
1.84631,8.02568,0.781348E-01
1.84692,8.02833,-0.751096E-03
1.84753,8.03099,0.204405E-01
1.84814,8.03364,0.199336E-01
1.84875,8.03629,0.882391E-02
1.84937,8.03895,-0.415320E-01
1.84998,8.04160,0.875524E-01
1.85059,8.04425,0.677462E-01
1.85120,8.04691,0.717513E-01
1.85181,8.04956,-0.354739E-01
1.85242,8.05221,0.302978E-01
1.85303,8.05486,-0.173986E-01
1.85364,8.05752,-0.509032E-02
1.85425,8.06017,-0.247069E-01
1.85486,8.06282,0.605732E-01
1.85547,8.06548,0.651711E-03
1.85608,8.06813,0.521083E-01
1.85669,8.07078,-0.810237E-01
1.85730,8.07344,0.177907E-01
1.85791,8.07609,0.344617E-01
1.85852,8.07874,-0.190272
1.85913,8.08140,0.246104E-01
1.85974,8.08405,0.134234
1.86035,8.08670,-0.418029E-01
1.86096,8.08935,-0.700027E-02
1.86157,8.09201,0.105632
1.86218,8.09466,0.120884E-02
1.86279,8.09731,-0.661981E-01
1.86340,8.09997,-0.597872E-02
1.86401,8.10262,-0.535715E-01
1.86462,8.10527,0.479164E-01
1.86523,8.10793,-0.614124E-02
1.86584,8.11058,0.175116E-01
1.86646,8.11323,-0.125313
1.86707,8.11589,0.105493
1.86768,8.11854,-0.494241E-02
1.86829,8.12119,-0.126504E-01
1.86890,8.12385,-0.189246E-01
1.86951,8.12650,0.643730E-03
1.87012,8.12915,-0.279619E-01
1.87073,8.13180,0.588044E-01
1.87134,8.13446,-0.148009E-01
1.87195,8.13711,0.589735E-01
1.87256,8.13976,0.123739
1.87317,8.14242,-0.911452E-01
1.87378,8.14507,-0.273827E-01
1.87439,8.14772,0.167374E-01
1.87500,8.15038,-0.164472E-01
1.87561,8.15303,0.891913E-02
1.87622,8.15568,-0.173388E-01
1.87683,8.15834,0.583036E-01
1.87744,8.16099,0.519263E-01
1.87805,8.16364,0.758130E-02
1.87866,8.16630,0.549742E-02
1.87927,8.16895,0.150786E-01
1.87988,8.17160,-0.281567E-01
1.88049,8.17425,0.341741E-01
1.88110,8.17691,-0.286436E-01
1.88171,8.17956,0.274599E-01
1.88232,8.18221,0.493331E-01
1.88293,8.18487,0.509198E-01
1.88354,8.18752,0.260955E-01
1.88416,8.19017,-0.944712E-01
1.88477,8.19283,0.148595E-03
1.88538,8.19548,0.559266E-02
1.88599,8.19813,0.221665E-01
1.88660,8.20079,0.372429E-01
1.88721,8.20344,0.578634E-01
1.88782,8.20609,-0.269987E-01
1.88843,8.20875,0.858057E-01
1.88904,8.21140,0.547800E-01
1.88965,8.21405,0.587384E-02
1.89026,8.21670,-0.270463E-01
1.89087,8.21936,-0.107829E-01
1.89148,8.22201,-0.234643E-01
1.89209,8.22466,0.123134
1.89270,8.22732,-0.347957E-01
1.89331,8.22997,0.765667E-02
1.89392,8.23262,0.240092E-01
1.89453,8.23528,0.283724E-01
1.89514,8.23793,-0.141485E-01
1.89575,8.24058,0.365362E-02
1.89636,8.24324,-0.246099E-01
1.89697,8.24589,0.407894E-01
1.89758,8.24854,-0.435584E-01
1.89819,8.25120,0.557220E-01
1.89880,8.25385,-0.121919
1.89941,8.25650,0.262662E-01
1.90002,8.25915,0.257986E-01
1.90063,8.26181,-0.317347
1.90125,8.26446,0.397624E-01
1.90186,8.26711,-0.960798E-01
1.90247,8.26977,0.131563E-02
1.90308,8.27242,0.843003E-03
1.90369,8.27507,-0.677045E-01
1.90430,8.27773,0.284296E-01
1.90491,8.28038,-0.611967E-02
1.90552,8.28303,0.899609E-02
1.90613,8.28569,0.204885
1.90674,8.28834,0.786836E-01
1.90735,8.29099,0.149962E-01
1.90796,8.29364,0.762611E-01
1.90857,8.29630,0.401360E-01
1.90918,8.29895,0.160843E-01
1.90979,8.30160,-0.376283E-01
1.91040,8.30426,0.331169E-01
1.91101,8.30691,0.263192E-01
1.91162,8.30956,0.736132E-02
1.91223,8.31222,-0.554977E-03
1.91284,8.31487,0.239982E-01
1.91345,8.31752,0.197543E-02
1.91406,8.32018,0.295956E-01
1.91467,8.32283,-0.244988E-01
1.91528,8.32548,0.294500E-01
1.91589,8.32814,-0.213931E-01
1.91650,8.33079,0.263460E-01
1.91711,8.33344,0.910040E-01
1.91772,8.33609,-0.190363E-01
1.91833,8.33875,0.439655E-02
1.91895,8.34140,0.261202E-01
1.91956,8.34405,-0.489754E-01
1.92017,8.34671,0.236640E-02
1.92078,8.34936,0.533144E-02
1.92139,8.35201,0.774824E-02
1.92200,8.35467,0.103952E-01
1.92261,8.35732,0.539055E-02
1.92322,8.35997,-0.511300E-01
1.92383,8.36263,-0.685990E-01
1.92444,8.36528,-0.187848E-01
1.92505,8.36793,-0.111668E-01
1.92566,8.37059,0.126821E-01
1.92627,8.37324,0.303596E-01
1.92688,8.37589,0.323046E-01
1.92749,8.37854,-0.651715E-02
1.92810,8.38120,0.685997E-01
1.92871,8.38385,0.443266E-01
1.92932,8.38650,-0.247520E-01
1.92993,8.38916,-0.172612
1.93054,8.39181,0.864501E-01
1.93115,8.39446,-0.368862E-01
1.93176,8.39712,-0.606972E-01
1.93237,8.39977,0.157652E-01
1.93298,8.40242,0.218047
1.93359,8.40508,0.773086E-01
1.93420,8.40773,-0.180425
1.93481,8.41038,-0.419200E-01
1.93542,8.41304,0.266220E-01
1.93604,8.41569,-0.398218E-02
1.93665,8.41834,-0.693121E-02
1.93726,8.42099,0.257894E-01
1.93787,8.42365,0.183183E-01
1.93848,8.42630,0.567994E-01
1.93909,8.42895,0.671716E-02
1.93970,8.43161,-0.660648E-01
1.94031,8.43426,-0.443433E-01
1.94092,8.43691,-0.135375E-01
1.94153,8.43957,-0.364244E-01
1.94214,8.44222,0.317464E-01
1.94275,8.44487,0.402070E-02
1.94336,8.44753,-0.325442E-01
1.94397,8.45018,0.196714E-01
1.94458,8.45283,0.366137E-01
1.94519,8.45549,-0.454404E-02
1.94580,8.45814,0.223253E-01
1.94641,8.46079,0.124747E-01
1.94702,8.46344,0.791832E-01
1.94763,8.46610,-0.174690E-01
1.94824,8.46875,-0.743445E-02
1.94885,8.47140,0.279437E-01
1.94946,8.47406,-0.251909E-01
1.95007,8.47671,0.669622E-01
1.95068,8.47936,-0.168109E-01
1.95129,8.48202,-0.259269E-01
1.95190,8.48467,-0.472695E-03
1.95251,8.48732,-0.967370E-01
1.95312,8.48998,0.389053E-01
1.95374,8.49263,-0.213246E-01
1.95435,8.49528,-0.193917E-01
1.95496,8.49794,-0.540406E-02
1.95557,8.50059,-0.413739E-02
1.95618,8.50324,-0.517860E-01
1.95679,8.50589,0.770337E-01
1.95740,8.50855,-0.424168E-01
1.95801,8.51120,0.203501E-01
1.95862,8.51385,0.279292
1.95923,8.51651,-0.436860E-01
1.95984,8.51916,-0.852130E-02
1.96045,8.52181,-0.729427E-01
1.96106,8.52447,-0.253277E-02
1.96167,8.52712,0.218474E-01
1.96228,8.52977,0.947945E-01
1.96289,8.53243,0.293140E-01
1.96350,8.53508,-0.978875E-02
1.96411,8.53773,-0.955565E-02
1.96472,8.54038,-0.307315E-01
1.96533,8.54304,-0.898197E-03
1.96594,8.54569,0.952255E-02
1.96655,8.54834,-0.747876E-02
1.96716,8.55100,0.139829
1.96777,8.55365,0.116954
1.96838,8.55630,-0.413181E-01
1.96899,8.55896,-0.267222E-02
1.96960,8.56161,0.608362E-01
1.97021,8.56426,0.292389E-01
1.97083,8.56692,-0.267350E-03
1.97144,8.56957,-0.952410E-01
1.97205,8.57222,-0.490986E-02
1.97266,8.57488,0.365430E-01
1.97327,8.57753,-0.185548E-01
1.97388,8.58018,-0.563257E-02
1.97449,8.58283,0.226357E-01
1.97510,8.58549,-0.395701E-01
1.97571,8.58814,0.757151E-02
1.97632,8.59079,0.178046E-01
1.97693,8.59345,-0.344348E-01
1.97754,8.59610,0.574284E-01
1.97815,8.59875,0.622686E-01
1.97876,8.60141,0.125598E-01
1.97937,8.60406,0.168999
1.97998,8.60671,-0.287109E-02
1.98059,8.60937,-0.370366E-01
1.98120,8.61202,0.369123E-01
1.98181,8.61467,-0.270623E-01
1.98242,8.61733,0.682186E-02
1.98303,8.61998,0.930071E-01
1.98364,8.62263,0.202164
1.98425,8.62528,-0.374041E-01
1.98486,8.62794,0.166024E-01
1.98547,8.63059,-0.151705E-01
1.98608,8.63324,0.223756E-01
1.98669,8.63590,0.261591
1.98730,8.63855,0.382514E-01
1.98792,8.64120,-0.342111E-01
1.98853,8.64386,0.451561E-01
1.98914,8.64651,-0.871288E-02
1.98975,8.64916,-0.174086E-01
1.99036,8.65182,0.192586E-01
1.99097,8.65447,-0.123427
1.99158,8.65712,-0.509302E-01
1.99219,8.65978,0.295598E-01
1.99280,8.66243,-0.250286E-01
1.99341,8.66508,0.490558E-02
1.99402,8.66773,-0.435709E-01
1.99463,8.67039,-0.123250E-01
1.99524,8.67304,0.568657E-01
1.99585,8.67569,-0.146443E-01
1.99646,8.67835,-0.231800E-01
1.99707,8.68100,-0.987125E-01
1.99768,8.68365,0.470122E-01
1.99829,8.68631,-0.178570E-01
1.99890,8.68896,0.901883E-02
1.99951,8.69161,-0.123612E-03
2.00012,8.69427,0.175145E-01
2.00073,8.69692,0.205001E-01
2.00134,8.69957,-0.534320E-01
2.00195,8.70223,0.550500E-01
2.00256,8.70488,0.677303E-01
2.00317,8.70753,0.177153E-01
2.00378,8.71018,-0.589297E-02
2.00439,8.71284,-0.299700E-01
2.00500,8.71549,-0.127964
2.00562,8.71814,-0.611877E-02
2.00623,8.72080,0.134994E-02
2.00684,8.72345,0.162361
2.00745,8.72610,0.531339E-01
2.00806,8.72876,-0.592340E-01
2.00867,8.73141,0.777381E-01
2.00928,8.73406,0.213919E-01
2.00989,8.73672,0.359872E-01
2.01050,8.73937,-0.180860E-01
2.01111,8.74202,-0.120342
2.01172,8.74467,0.294750E-02
2.01233,8.74733,-0.183554E-02
2.01294,8.74998,-0.206250
2.01355,8.75263,0.154493E-01
2.01416,8.75529,-0.222372E-01
2.01477,8.75794,-0.700649E-01
2.01538,8.76059,0.161502E-01
2.01599,8.76325,0.249649E-02
2.01660,8.76590,-0.183899E-01
2.01721,8.76855,0.181278
2.01782,8.77121,0.483505E-01
2.01843,8.77386,-0.403448E-01
2.01904,8.77651,0.295636E-01
2.01965,8.77917,-0.208344E-01
2.02026,8.78182,0.412689E-02
2.02087,8.78447,-0.219720E-01
2.02148,8.78712,-0.753181E-01
2.02209,8.78978,-0.281326E-01
2.02271,8.79243,0.326838E-01
2.02332,8.79508,-0.518278E-02
2.02393,8.79774,0.118483E-01
2.02454,8.80039,-0.411879E-01
2.02515,8.80304,-0.587067E-02
2.02576,8.80570,0.580064E-01
2.02637,8.80835,-0.479238E-02
2.02698,8.81100,0.547598E-01
2.02759,8.81366,0.346228E-01
2.02820,8.81631,-0.318888E-01
2.02881,8.81896,0.376260E-01
2.02942,8.82162,-0.229876E-01
2.03003,8.82427,0.125078E-01
2.03064,8.82692,0.242274E-01
2.03125,8.82957,-0.558091E-01
2.03186,8.83223,0.322722E-01
2.03247,8.83488,-0.855625E-02
2.03308,8.83753,-0.717409E-01
2.03369,8.84019,0.102372
2.03430,8.84284,-0.237437E-01
2.03491,8.84549,-0.870532E-03
2.03552,8.84815,-0.177464E-02
2.03613,8.85080,0.917622E-01
2.03674,8.85345,-0.762834E-01
2.03735,8.85611,-0.793901E-01
2.03796,8.85876,0.175909E-01
2.03857,8.86141,0.762427E-01
2.03918,8.86407,-0.446607E-01
2.03979,8.86672,0.231817E-02
2.04041,8.86937,-0.161873E-01
2.04102,8.87202,-0.362753E-01
2.04163,8.87468,-0.288323E-01
2.04224,8.87733,0.280053E-01
2.04285,8.87998,-0.810526E-01
2.04346,8.88264,0.116446E-01
2.04407,8.88529,0.177504E-01
2.04468,8.88794,-0.173371E-01
2.04529,8.89060,0.372988E-02
2.04590,8.89325,-0.435827E-01
2.04651,8.89590,0.831283E-01
2.04712,8.89856,0.230483E-01
2.04773,8.90121,-0.435736E-02
2.04834,8.90386,0.854161E-01
2.04895,8.90652,0.463997E-01
2.04956,8.90917,0.242395E-01
2.05017,8.91182,-0.544747E-01
2.05078,8.91447,0.107531E-01
2.05139,8.91713,-0.152242E-01
2.05200,8.91978,-0.220893E-01
2.05261,8.92243,-0.731276E-01
2.05322,8.92509,-0.380665E-01
2.05383,8.92774,-0.168288E-01
2.05444,8.93039,-0.231932E-01
2.05505,8.93305,-0.618505E-01
2.05566,8.93570,0.206808E-01
2.05627,8.93835,0.339341E-02
2.05688,8.94101,0.149247E-01
2.05750,8.94366,-0.160772E-01
2.05811,8.94631,-0.122669E-01
2.05872,8.94896,0.395735E-01
2.05933,8.95162,-0.526362E-01
2.05994,8.95427,0.495113E-01
2.06055,8.95692,0.208305E-01
2.06116,8.95958,-0.738096E-01
2.06177,8.96223,0.132298E-01
2.06238,8.96488,-0.297957E-01
2.06299,8.96754,-0.249655E-02
2.06360,8.97019,-0.484687E-01
2.06421,8.97284,0.729652E-01
2.06482,8.97550,-0.689553E-01
2.06543,8.97815,-0.257569E-01
2.06604,8.98080,0.317085E-01
2.06665,8.98346,0.817959E-01
2.06726,8.98611,0.118856
2.06787,8.98876,-0.886157E-02
2.06848,8.99141,-0.454641E-01
2.06909,8.99407,-0.796040E-02
2.06970,8.99672,-0.268829E-02
2.07031,8.99937,-0.333242E-01
2.07092,9.00203,0.146341E-01
2.07153,9.00468,-0.157246E-01
2.07214,9.00733,-0.428740E-01
2.07275,9.00999,-0.426794E-01
2.07336,9.01264,-0.508614E-02
2.07397,9.01529,-0.146648E-01
2.07458,9.01795,0.476220E-03
2.07520,9.02060,-0.660391E-01
2.07581,9.02325,-0.121697E-01
2.07642,9.02591,0.101207E-01
2.07703,9.02856,0.148220E-01
2.07764,9.03121,0.104829E-02
2.07825,9.03386,-0.124504E-01
2.07886,9.03652,-0.488356E-02
2.07947,9.03917,-0.184968E-01
2.08008,9.04182,0.120061
2.08069,9.04448,-0.135949E-01
2.08130,9.04713,0.480795E-01
2.08191,9.04978,-0.180760E-02
2.08252,9.05244,0.882900E-01
2.08313,9.05509,0.277609E-01
2.08374,9.05774,0.823222E-01
2.08435,9.06040,-0.292710E-01
2.08496,9.06305,0.250714E-02
2.08557,9.06570,-0.538141E-02
2.08618,9.06836,0.979443E-02
2.08679,9.07101,0.150061
2.08740,9.07366,-0.149673E-01
2.08801,9.07631,-0.357476E-01
2.08862,9.07897,-0.404216E-01
2.08923,9.08162,-0.865810E-03
2.08984,9.08427,-0.268861E-01
2.09045,9.08693,-0.152064E-01
2.09106,9.08958,0.383968E-01
2.09167,9.09223,0.646734E-01
2.09229,9.09489,0.102621E-01
2.09290,9.09754,0.361521E-01
2.09351,9.10019,0.739381E-01
2.09412,9.10285,0.179315E-01
2.09473,9.10550,-0.269174E-01
2.09534,9.10815,-0.815312E-01
2.09595,9.11081,0.317682E-01
2.09656,9.11346,-0.125478E-01
2.09717,9.11611,0.148814E-01
2.09778,9.11876,0.173893E-01
2.09839,9.12142,0.161849E-01
2.09900,9.12407,-0.870368E-01
2.09961,9.12672,-0.119406
2.10022,9.12938,0.140556
2.10083,9.13203,0.532171E-01
2.10144,9.13468,-0.122893E-02
2.10205,9.13734,-0.827373E-02
2.10266,9.13999,-0.460068E-01
2.10327,9.14264,-0.353293E-02
2.10388,9.14530,-0.140273E-01
2.10449,9.14795,0.474287E-01
2.10510,9.15060,0.143740E-01
2.10571,9.15326,0.182738E-01
2.10632,9.15591,0.133530
2.10693,9.15856,0.121994E-01
2.10754,9.16121,-0.425899E-01
2.10815,9.16387,-0.301449E-01
2.10876,9.16652,-0.164519E-01
2.10938,9.16917,0.118546E-01
2.10999,9.17183,-0.430173E-01
2.11060,9.17448,0.200809E-01
2.11121,9.17713,-0.160305E-02
2.11182,9.17979,-0.290262E-01
2.11243,9.18244,0.429822E-01
2.11304,9.18509,0.321802E-01
2.11365,9.18775,-0.189705E-01
2.11426,9.19040,-0.140655E-01
2.11487,9.19305,-0.124834E-01
2.11548,9.19570,-0.818169E-01
2.11609,9.19836,0.665440E-01
2.11670,9.20101,-0.537490E-01
2.11731,9.20366,0.143546E-01
2.11792,9.20632,-0.209829E-02
2.11853,9.20897,-0.418449E-01
2.11914,9.21162,-0.578733E-01
2.11975,9.21428,-0.947944E-01
2.12036,9.21693,0.857261E-01
2.12097,9.21958,-0.246914E-01
2.12158,9.22224,0.138753E-02
2.12219,9.22489,-0.223688E-01
2.12280,9.22754,-0.254176E-01
2.12341,9.23020,0.260082E-02
2.12402,9.23285,-0.442010E-01
2.12463,9.23550,0.267626E-01
2.12524,9.23815,0.126366E-01
2.12585,9.24081,0.117490E-01
2.12646,9.24346,-0.233227E-02
2.12708,9.24611,0.831054E-03
2.12769,9.24877,0.316584E-01
2.12830,9.25142,0.131550E-02
2.12891,9.25407,0.430867E-01
2.12952,9.25673,-0.378798E-01
2.13013,9.25938,-0.187242E-02
2.13074,9.26203,0.154311E-01
2.13135,9.26469,-0.338499E-01
2.13196,9.26734,-0.111915E-01
2.13257,9.26999,-0.262133E-01
2.13318,9.27265,-0.222711E-02
2.13379,9.27530,0.183827E-01
2.13440,9.27795,0.138232E-01
2.13501,9.28060,0.834749E-02
2.13562,9.28326,0.482878E-01
2.13623,9.28591,0.593241E-02
2.13684,9.28856,0.676757E-01
2.13745,9.29122,0.159508E-01
2.13806,9.29387,-0.152688E-04
2.13867,9.29652,0.134856E-01
2.13928,9.29918,0.658363E-01
2.13989,9.30183,0.133271E-01
2.14050,9.30448,-0.498683E-01
2.14111,9.30714,-0.231689E-01
2.14172,9.30979,-0.781127E-03
2.14233,9.31244,0.275403E-01
2.14294,9.31510,0.247118E-02
2.14355,9.31775,0.759049E-01
2.14417,9.32040,-0.675316E-02
2.14478,9.32305,-0.661881E-02
2.14539,9.32571,0.257937E-01
2.14600,9.32836,-0.319281E-02
2.14661,9.33101,-0.151187E-01
2.14722,9.33367,0.693346E-01
2.14783,9.33632,-0.127378E-01
2.14844,9.33897,-0.211692E-01
2.14905,9.34163,0.549537E-01
2.14966,9.34428,0.300148E-03
2.15027,9.34693,-0.173298E-01
2.15088,9.34959,0.151922
2.15149,9.35224,-0.839386E-02
2.15210,9.35489,-0.835828E-01
2.15271,9.35755,0.921947E-02
2.15332,9.36020,0.205464E-01
2.15393,9.36285,0.534565E-01
2.15454,9.36550,-0.539965E-02
2.15515,9.36816,-0.987919E-01
2.15576,9.37081,0.304870E-02
2.15637,9.37346,0.274910E-01
2.15698,9.37612,0.819873E-01
2.15759,9.37877,-0.133476E-02
2.15820,9.38142,0.215638E-01
2.15881,9.38408,0.136458
2.15942,9.38673,-0.211584E-01
2.16003,9.38938,0.416043E-01
2.16064,9.39204,0.142563E-01
2.16125,9.39469,-0.168171E-01
2.16187,9.39734,0.221536E-01
2.16248,9.39999,0.194957E-01
2.16309,9.40265,0.273714E-01
2.16370,9.40530,-0.691394E-01
2.16431,9.40795,0.904974E-02
2.16492,9.41061,0.150752
2.16553,9.41326,-0.252305E-01
2.16614,9.41591,-0.187679E-01
2.16675,9.41857,-0.894680E-02
2.16736,9.42122,-0.735246E-02
2.16797,9.42387,0.466981E-02
2.16858,9.42653,0.402275E-03
2.16919,9.42918,0.927468E-01
2.16980,9.43183,-0.698370E-01
2.17041,9.43449,-0.389660E-01
2.17102,9.43714,-0.136552E-01
2.17163,9.43979,-0.503037E-01
2.17224,9.44244,0.285770E-01
2.17285,9.44510,-0.204501E-01
2.17346,9.44775,-0.245147E-02
2.17407,9.45040,-0.736558E-01
2.17468,9.45306,-0.193067E-01
2.17529,9.45571,0.261493E-01
2.17590,9.45836,0.125308E-01
2.17651,9.46102,-0.112338E-01
2.17712,9.46367,0.165754E-01
2.17773,9.46632,-0.192061E-01
2.17834,9.46898,0.188163E-02
2.17896,9.47163,0.170704E-01
2.17957,9.47428,0.202745E-02
2.18018,9.47694,0.126424
2.18079,9.47959,0.204714E-01
2.18140,9.48224,-0.134560
2.18201,9.48489,0.744944E-01
2.18262,9.48755,-0.117688E-02
2.18323,9.49020,0.492088E-01
2.18384,9.49285,-0.147951E-02
2.18445,9.49551,0.648238E-02
2.18506,9.49816,0.347357E-01
2.18567,9.50081,0.439514E-02
2.18628,9.50347,0.487082E-01
2.18689,9.50612,-0.734198E-01
2.18750,9.50877,0.697733E-03
2.18811,9.51143,0.328925E-01
2.18872,9.51408,-0.276624E-01
2.18933,9.51673,0.612049E-01
2.18994,9.51939,0.391429E-02
2.19055,9.52204,0.791780E-02
2.19116,9.52469,0.730542E-02
2.19177,9.52734,-0.523622E-01
2.19238,9.53000,0.974654E-01
2.19299,9.53265,-0.889226E-02
2.19360,9.53530,0.729674E-01
2.19421,9.53796,-0.321264E-02
2.19482,9.54061,0.244335E-01
2.19543,9.54326,0.455850E-01
2.19604,9.54592,-0.312583E-01
2.19666,9.54857,0.885348E-01
2.19727,9.55122,0.309154E-01
2.19788,9.55388,-0.193048E-01
2.19849,9.55653,-0.350773E-01
2.19910,9.55918,-0.101081
2.19971,9.56184,-0.270580E-03
2.20032,9.56449,0.276966E-01
2.20093,9.56714,0.111701E-01
2.20154,9.56979,-0.237641E-01
2.20215,9.57245,0.138698E-02
2.20276,9.57510,-0.468773E-01
2.20337,9.57775,0.425476E-02
2.20398,9.58041,-0.369703E-01
2.20459,9.58306,-0.238885E-01
2.20520,9.58571,0.242456E-01
2.20581,9.58837,0.656690E-01
2.20642,9.59102,-0.267291E-01
2.20703,9.59367,-0.212070E-01
2.20764,9.59633,-0.126946E-01
2.20825,9.59898,-0.429665E-01
2.20886,9.60163,0.130289E-01
2.20947,9.60428,0.471489E-01
2.21008,9.60694,0.251099E-01
2.21069,9.60959,0.629422E-01
2.21130,9.61224,0.735537E-02
2.21191,9.61490,-0.184149E-01
2.21252,9.61755,0.159662E-01
2.21313,9.62020,-0.356737E-02
2.21375,9.62286,-0.137041E-01
2.21436,9.62551,0.720184E-01
2.21497,9.62816,-0.159796E-01
2.21558,9.63082,-0.161312E-01
2.21619,9.63347,0.752132E-01
2.21680,9.63612,0.706208E-01
2.21741,9.63878,0.983094E-02
2.21802,9.64143,0.565045E-01
2.21863,9.64408,0.163164E-01
2.21924,9.64673,-0.498407E-01
2.21985,9.64939,0.255773E-01
2.22046,9.65204,0.351580E-02
2.22107,9.65469,0.257984E-01
2.22168,9.65735,-0.224650E-02
2.22229,9.66000,0.473411E-01
2.22290,9.66265,0.490121E-01
2.22351,9.66531,0.479841E-01
2.22412,9.66796,-0.130717E-02
2.22473,9.67061,0.117743E-01
2.22534,9.67327,0.375749E-02
2.22595,9.67592,0.151216E-01
2.22656,9.67857,-0.252230E-01
2.22717,9.68123,-0.246693E-01
2.22778,9.68388,-0.191673E-01
2.22839,9.68653,-0.813253E-02
2.22900,9.68918,-0.735330E-02
2.22961,9.69184,-0.103936E-01
2.23022,9.69449,-0.165810E-01
2.23083,9.69714,0.592512E-01
2.23145,9.69980,-0.375940E-01
2.23206,9.70245,0.388090E-02
2.23267,9.70510,-0.501886E-01
2.23328,9.70776,0.385842E-01
2.23389,9.71041,0.681687E-02
2.23450,9.71306,0.183087E-01
2.23511,9.71572,-0.150783E-01
2.23572,9.71837,0.223086
2.23633,9.72102,0.104887E-01
2.23694,9.72368,-0.493885E-01
2.23755,9.72633,0.810193E-01
2.23816,9.72898,0.531539E-01
2.23877,9.73163,-0.458903E-03
2.23938,9.73429,-0.336194E-01
2.23999,9.73694,0.687240E-02
2.24060,9.73959,-0.299343E-01
2.24121,9.74225,0.618895E-02
2.24182,9.74490,-0.174334E-01
2.24243,9.74755,-0.676962E-01
2.24304,9.75021,0.313222E-03
2.24365,9.75286,0.194499E-01
2.24426,9.75551,-0.152163E-01
2.24487,9.75817,0.236281E-01
2.24548,9.76082,-0.126955E-02
2.24609,9.76347,-0.267314E-02
2.24670,9.76613,0.945552E-01
2.24731,9.76878,-0.889146E-02
2.24792,9.77143,0.371288E-01
2.24854,9.77408,0.142598
2.24915,9.77674,0.337891E-01
2.24976,9.77939,-0.118021E-02
2.25037,9.78204,-0.109992E-01
2.25098,9.78470,0.110461E-01
2.25159,9.78735,0.526367E-02
2.25220,9.79000,-0.570450E-03
2.25281,9.79266,-0.891290E-01
2.25342,9.79531,-0.972010E-02
2.25403,9.79796,0.155407E-01
2.25464,9.80062,-0.233003E-01
2.25525,9.80327,0.114710
2.25586,9.80592,0.778889E-01
2.25647,9.80858,-0.706602E-01
2.25708,9.81123,0.452905E-01
2.25769,9.81388,-0.192557E-01
2.25830,9.81653,-0.405080E-03
2.25891,9.81919,0.185924E-01
2.25952,9.82184,-0.242578E-01
2.26013,9.82449,0.148858E-01
2.26074,9.82715,-0.463617E-01
2.26135,9.82980,0.159569E-01
2.26196,9.83245,-0.114378
2.26257,9.83511,0.250043E-01
2.26318,9.83776,0.109151E-01
2.26379,9.84041,0.400783E-01
2.26440,9.84307,0.507486E-02
2.26501,9.84572,-0.108138
2.26562,9.84837,0.421058E-01
2.26624,9.85102,0.130728
2.26685,9.85368,0.653363E-02
2.26746,9.85633,0.443337E-01
2.26807,9.85898,0.400823E-03
2.26868,9.86164,-0.433920E-02
2.26929,9.86429,-0.351532E-01
2.26990,9.86694,-0.420571E-01
2.27051,9.86960,0.669536E-01
2.27112,9.87225,0.876699E-02
2.27173,9.87490,0.586673E-01
2.27234,9.87756,0.430878E-01
2.27295,9.88021,0.107332E-01
2.27356,9.88286,0.177732E-02
2.27417,9.88552,0.270969E-01
2.27478,9.88817,0.321543E-01
2.27539,9.89082,0.664963E-02
2.27600,9.89347,0.733117E-03
2.27661,9.89613,-0.154519E-01
2.27722,9.89878,-0.415983E-01
2.27783,9.90143,0.643378E-02
2.27844,9.90409,-0.836472E-02
2.27905,9.90674,-0.415420E-01
2.27966,9.90939,-0.184251E-01
2.28027,9.91205,0.312826E-01
2.28088,9.91470,-0.101778E-01
2.28149,9.91735,0.153894E-01
2.28210,9.92001,0.299273E-01
2.28271,9.92266,0.649485E-01
2.28333,9.92531,0.376144E-02
2.28394,9.92797,0.257911E-02
2.28455,9.93062,0.250031E-01
2.28516,9.93327,-0.850238E-02
2.28577,9.93592,0.107819
2.28638,9.93858,-0.186292E-02
2.28699,9.94123,0.121918E-01
2.28760,9.94388,0.512808E-01
2.28821,9.94654,0.291437E-01
2.28882,9.94919,-0.351736E-01
2.28943,9.95184,0.295131E-01
2.29004,9.95450,-0.110536
2.29065,9.95715,-0.250730E-02
2.29126,9.95980,-0.967122E-02
2.29187,9.96246,0.773349E-02
2.29248,9.96511,-0.150349E-02
2.29309,9.96776,0.244589E-01
2.29370,9.97042,0.984783E-03
2.29431,9.97307,0.491161E-01
2.29492,9.97572,-0.315675E-01
2.29553,9.97837,-0.122207E-01
2.29614,9.98103,0.105984E-01
2.29675,9.98368,0.757576E-01
2.29736,9.98633,0.153153
2.29797,9.98899,-0.141372E-01
2.29858,9.99164,-0.540060E-02
2.29919,9.99429,0.803510E-02
2.29980,9.99695,-0.129433
2.30042,9.99960,0.632186E-01
2.30103,10.0023,0.272703E-01
2.30164,10.0049,-0.508092E-02
2.30225,10.0076,-0.641276E-02
2.30286,10.0102,0.135654E-01
2.30347,10.0129,0.117118E-01
2.30408,10.0155,0.104780E-01
2.30469,10.0182,0.434426E-01
2.30530,10.0208,-0.644698E-01
2.30591,10.0235,0.100416
2.30652,10.0261,-0.890496E-02
2.30713,10.0288,-0.292820E-03
2.30774,10.0314,-0.120393E-01
2.30835,10.0341,-0.262512E-01
2.30896,10.0367,-0.252004E-01
2.30957,10.0394,0.652879E-01
2.31018,10.0420,0.863015E-01
2.31079,10.0447,0.198168E-01
2.31140,10.0474,-0.339766E-01
2.31201,10.0500,-0.412326E-01
2.31262,10.0527,0.206090E-01
2.31323,10.0553,-0.196752E-01
2.31384,10.0580,0.175980E-01
2.31445,10.0606,-0.621256E-01
2.31506,10.0633,0.521921E-01
2.31567,10.0659,0.960611E-03
2.31628,10.0686,0.677957E-01
2.31689,10.0712,-0.339551E-01
2.31750,10.0739,0.362347E-02
2.31812,10.0765,-0.197830E-01
2.31873,10.0792,0.275178E-01
2.31934,10.0818,0.178488E-01
2.31995,10.0845,0.676071E-02
2.32056,10.0872,0.351961E-01
2.32117,10.0898,-0.857862E-01
2.32178,10.0925,0.607092E-02
2.32239,10.0951,-0.504274E-02
2.32300,10.0978,0.562506E-01
2.32361,10.1004,-0.320556E-01
2.32422,10.1031,0.133365E-01
2.32483,10.1057,0.319829E-03
2.32544,10.1084,0.184431E-02
2.32605,10.1110,-0.567933E-01
2.32666,10.1137,-0.269888E-03
2.32727,10.1163,-0.543102E-01
2.32788,10.1190,0.278076E-01
2.32849,10.1216,0.111315
2.32910,10.1243,0.152282E-01
2.32971,10.1269,0.887731E-01
2.33032,10.1296,-0.891810E-02
2.33093,10.1323,0.124354
2.33154,10.1349,0.834633E-01
2.33215,10.1376,0.928973E-01
2.33276,10.1402,0.573488E-01
2.33337,10.1429,0.147154E-01
2.33398,10.1455,-0.248347E-01
2.33459,10.1482,0.920578E-03
2.33521,10.1508,-0.234989E-01
2.33582,10.1535,-0.482602E-02
2.33643,10.1561,-0.680266E-03
2.33704,10.1588,-0.724431E-02
2.33765,10.1614,0.101269E-01
2.33826,10.1641,-0.662306E-01
2.33887,10.1667,-0.118702E-01
2.33948,10.1694,0.771629E-02
2.34009,10.1721,0.977008E-02
2.34070,10.1747,0.941463E-01
2.34131,10.1774,-0.562304E-01
2.34192,10.1800,-0.461301E-01
2.34253,10.1827,0.135768
2.34314,10.1853,0.669507E-01
2.34375,10.1880,-0.709711E-01
2.34436,10.1906,0.289513E-01
2.34497,10.1933,0.113379E-01
2.34558,10.1959,0.312119E-01
2.34619,10.1986,0.301421E-01
2.34680,10.2012,-0.579371E-01
2.34741,10.2039,-0.105550E-01
2.34802,10.2065,-0.160132
2.34863,10.2092,0.217569E-01
2.34924,10.2118,0.168682E-01
2.34985,10.2145,0.395892E-01
2.35046,10.2172,0.502437E-01
2.35107,10.2198,-0.167404E-01
2.35168,10.2225,0.925876E-02
2.35229,10.2251,-0.169716E-02
2.35291,10.2278,0.333102E-01
2.35352,10.2304,-0.448843E-01
2.35413,10.2331,0.103926
2.35474,10.2357,-0.215495E-02
2.35535,10.2384,-0.196575E-01
2.35596,10.2410,-0.361999E-03
2.35657,10.2437,-0.219475E-01
2.35718,10.2463,-0.119069E-02
2.35779,10.2490,-0.364772E-01
2.35840,10.2516,0.460120E-01
2.35901,10.2543,0.267039E-01
2.35962,10.2570,-0.211170E-01
2.36023,10.2596,0.415204E-01
2.36084,10.2623,0.283091E-01
2.36145,10.2649,0.209909
2.36206,10.2676,0.478198E-01
2.36267,10.2702,0.892553E-01
2.36328,10.2729,-0.239577E-03
2.36389,10.2755,-0.704211E-01
2.36450,10.2782,0.194336E-02
2.36511,10.2808,-0.136726E-03
2.36572,10.2835,0.217213E-01
2.36633,10.2861,0.174519E-02
2.36694,10.2888,-0.109529E-01
2.36755,10.2914,0.781324E-02
2.36816,10.2941,0.818608E-01
2.36877,10.2967,-0.631477E-01
2.36938,10.2994,0.243685E-01
2.37000,10.3021,0.333141E-01
2.37061,10.3047,0.689244E-02
2.37122,10.3074,0.346388E-01
2.37183,10.3100,0.859791E-01
2.37244,10.3127,-0.263322E-01
2.37305,10.3153,-0.334921E-01
2.37366,10.3180,-0.224701E-01
2.37427,10.3206,0.623969E-01
2.37488,10.3233,-0.942320E-01
2.37549,10.3259,-0.282526E-01
2.37610,10.3286,0.881474E-02
2.37671,10.3312,0.579943E-01
2.37732,10.3339,0.697407E-01
2.37793,10.3365,-0.369752E-02
2.37854,10.3392,0.733471E-01
2.37915,10.3419,0.813877E-01
2.37976,10.3445,0.391466E-01
2.38037,10.3472,0.148655E-01
2.38098,10.3498,0.475311E-03
2.38159,10.3525,-0.240859E-01
2.38220,10.3551,0.966382E-03
2.38281,10.3578,0.230484E-01
2.38342,10.3604,-0.239075E-01
2.38403,10.3631,0.659690E-01
2.38464,10.3657,0.239094E-01
2.38525,10.3684,0.149946E-01
2.38586,10.3710,0.237820E-02
2.38647,10.3737,0.153140E-02
2.38708,10.3763,0.472592E-01
2.38770,10.3790,-0.807181E-01
2.38831,10.3816,0.206494E-01
2.38892,10.3843,0.303132E-01
2.38953,10.3870,0.425249E-01
2.39014,10.3896,-0.628184E-01
2.39075,10.3923,-0.339427E-02
2.39136,10.3949,0.430044E-01
2.39197,10.3976,-0.314240E-02
2.39258,10.4002,0.571061E-01
2.39319,10.4029,0.206415E-01
2.39380,10.4055,0.295782E-01
2.39441,10.4082,-0.244308E-01
2.39502,10.4108,-0.870613E-01
2.39563,10.4135,0.180301E-01
2.39624,10.4161,-0.414705E-02
2.39685,10.4188,0.149863E-01
2.39746,10.4214,0.122533
2.39807,10.4241,-0.439555E-01
2.39868,10.4268,0.307035E-02
2.39929,10.4294,0.477076E-01
2.39990,10.4321,-0.690041E-02
2.40051,10.4347,-0.233277E-02
2.40112,10.4374,0.155102E-01
2.40173,10.4400,-0.973931E-01
2.40234,10.4427,0.213704E-02
2.40295,10.4453,0.203505E-01
2.40356,10.4480,-0.201419E-01
2.40417,10.4506,-0.952625E-02
2.40479,10.4533,0.409869E-01
2.40540,10.4559,0.455989E-01
2.40601,10.4586,0.441373E-01
2.40662,10.4612,0.869767E-01
2.40723,10.4639,-0.224895E-02
2.40784,10.4665,-0.653602E-03
2.40845,10.4692,-0.416517E-01
2.40906,10.4719,-0.163600E-01
2.40967,10.4745,0.760273E-01
2.41028,10.4772,0.245192E-02
2.41089,10.4798,0.623849E-01
2.41150,10.4825,0.379016E-01
2.41211,10.4851,0.116762E-01
2.41272,10.4878,0.670930E-01
2.41333,10.4904,0.610988E-01
2.41394,10.4931,0.348313E-01
2.41455,10.4957,-0.238609E-01
2.41516,10.4984,0.674312E-02
2.41577,10.5010,-0.439820E-01
2.41638,10.5037,0.228917E-01
2.41699,10.5063,0.356105E-01
2.41760,10.5090,-0.116345E-01
2.41821,10.5117,0.548602E-02
2.41882,10.5143,0.201468E-01
2.41943,10.5170,-0.167859E-01
2.42004,10.5196,0.847737E-02
2.42065,10.5223,-0.253638E-02
2.42126,10.5249,-0.442443E-01
2.42188,10.5276,-0.155721E-01
2.42249,10.5302,0.553158E-03
2.42310,10.5329,-0.351261E-01
2.42371,10.5355,-0.187312E-01
2.42432,10.5382,-0.370441E-01
2.42493,10.5408,-0.318894E-01
2.42554,10.5435,-0.264932E-01
2.42615,10.5461,0.229387E-01
2.42676,10.5488,-0.136338E-01
2.42737,10.5514,0.809311E-02
2.42798,10.5541,-0.874796E-01
2.42859,10.5568,-0.183997E-01
2.42920,10.5594,-0.169539E-01
2.42981,10.5621,0.455206E-01
2.43042,10.5647,-0.357614E-02
2.43103,10.5674,0.161446
2.43164,10.5700,0.103378E-01
2.43225,10.5727,0.212902E-01
2.43286,10.5753,-0.290510E-01
2.43347,10.5780,-0.672693E-02
2.43408,10.5806,0.303482E-02
2.43469,10.5833,0.857616E-03
2.43530,10.5859,0.151824E-01
2.43591,10.5886,-0.234918E-01
2.43652,10.5912,-0.176639E-02
2.43713,10.5939,-0.126796E-01
2.43774,10.5966,0.186450E-01
2.43835,10.5992,0.224434E-01
2.43896,10.6019,0.900993E-02
2.43958,10.6045,0.129556E-01
2.44019,10.6072,-0.715434E-01
2.44080,10.6098,0.372739E-01
2.44141,10.6125,0.338546E-01
2.44202,10.6151,0.938492E-02
2.44263,10.6178,-0.517250E-01
2.44324,10.6204,0.137565E-01
2.44385,10.6231,0.473997E-01
2.44446,10.6257,-0.141873E-01
2.44507,10.6284,-0.111376
2.44568,10.6310,0.648474E-01
2.44629,10.6337,-0.194953E-02
2.44690,10.6363,0.246698E-01
2.44751,10.6390,0.363817E-02
2.44812,10.6417,0.128618E-01
2.44873,10.6443,-0.108087E-01
2.44934,10.6470,-0.121007
2.44995,10.6496,0.151283E-01
2.45056,10.6523,-0.698181E-01
2.45117,10.6549,0.174824E-02
2.45178,10.6576,0.687273E-02
2.45239,10.6602,0.236392E-01
2.45300,10.6629,0.112493E-01
2.45361,10.6655,0.308480E-02
2.45422,10.6682,-0.281503E-01
2.45483,10.6708,-0.457533E-01
2.45544,10.6735,0.585652E-02
2.45605,10.6761,0.519024E-01
2.45667,10.6788,-0.256991E-01
2.45728,10.6815,-0.550671E-01
2.45789,10.6841,0.227887E-01
2.45850,10.6868,0.182536E-01
2.45911,10.6894,0.198342E-01
2.45972,10.6921,-0.408357E-01
2.46033,10.6947,0.119114
2.46094,10.6974,-0.792832E-01
2.46155,10.7000,-0.111275
2.46216,10.7027,0.258152E-01
2.46277,10.7053,0.973412E-01
2.46338,10.7080,-0.110554E-01
2.46399,10.7106,0.373525E-01
2.46460,10.7133,-0.472959E-01
2.46521,10.7159,-0.792577E-03
2.46582,10.7186,-0.228229E-01
2.46643,10.7212,0.342469E-01
2.46704,10.7239,-0.103136E-01
2.46765,10.7266,0.163085E-01
2.46826,10.7292,-0.328051E-03
2.46887,10.7319,0.696489E-02
2.46948,10.7345,0.272456E-01
2.47009,10.7372,-0.226479E-01
2.47070,10.7398,-0.620327E-01
2.47131,10.7425,-0.121599E-01
2.47192,10.7451,-0.325847E-01
2.47253,10.7478,0.709375E-01
2.47314,10.7504,-0.547822E-03
2.47375,10.7531,-0.477366E-01
2.47437,10.7557,0.876735E-01
2.47498,10.7584,-0.569374E-01
2.47559,10.7610,0.294578E-02
2.47620,10.7637,-0.253574E-01
2.47681,10.7664,0.105510E-02
2.47742,10.7690,-0.488132E-02
2.47803,10.7717,0.346673E-01
2.47864,10.7743,-0.769293E-02
2.47925,10.7770,0.107182E-01
2.47986,10.7796,0.891492E-01
2.48047,10.7823,0.898282E-01
2.48108,10.7849,0.127660E-01
2.48169,10.7876,0.406594E-01
2.48230,10.7902,0.278631E-01
2.48291,10.7929,-0.120292
2.48352,10.7955,0.386347E-01
2.48413,10.7982,0.602403E-02
2.48474,10.8008,-0.259201E-01
2.48535,10.8035,0.993818E-02
2.48596,10.8061,0.130784
2.48657,10.8088,0.294154E-02
2.48718,10.8115,-0.240157E-01
2.48779,10.8141,0.930908E-02
2.48840,10.8168,0.128345E-01
2.48901,10.8194,-0.140224E-01
2.48962,10.8221,-0.293235E-02
2.49023,10.8247,0.190282E-01
2.49084,10.8274,0.131140E-01
2.49146,10.8300,0.152037E-01
2.49207,10.8327,0.480406E-02
2.49268,10.8353,-0.431427E-02
2.49329,10.8380,0.198538E-01
2.49390,10.8406,-0.372963E-02
2.49451,10.8433,0.176160E-01
2.49512,10.8459,0.495869E-01
2.49573,10.8486,0.829104E-03
2.49634,10.8513,0.822058E-01
2.49695,10.8539,0.258872E-01
2.49756,10.8566,0.683885E-02
2.49817,10.8592,0.226000E-01
2.49878,10.8619,-0.100181E-01
2.49939,10.8645,0.139322E-01
2.50000,10.8672,0.157045E-01
2.50061,10.8698,0.108464
2.50122,10.8725,0.562991E-01
2.50183,10.8751,-0.526623E-03
2.50244,10.8778,-0.296955E-01
2.50305,10.8804,-0.969903E-01
2.50366,10.8831,0.203625E-01
2.50427,10.8857,0.429402E-01
2.50488,10.8884,-0.662558E-01
2.50549,10.8910,-0.449791E-02
2.50610,10.8937,0.248540E-01
2.50671,10.8964,-0.213000E-01
2.50732,10.8990,0.366665E-02
2.50793,10.9017,-0.325846E-01
2.50854,10.9043,0.570767E-01
2.50916,10.9070,0.773247E-02
2.50977,10.9096,0.103059E-01
2.51038,10.9123,0.616766E-01
2.51099,10.9149,0.185013E-01
2.51160,10.9176,0.295383E-02
2.51221,10.9202,0.575327E-01
2.51282,10.9229,-0.281612E-01
2.51343,10.9255,0.113328E-01
2.51404,10.9282,0.550963E-02
2.51465,10.9308,0.855507E-01
2.51526,10.9335,0.174490E-01
2.51587,10.9361,-0.288819E-01
2.51648,10.9388,-0.923375E-03
2.51709,10.9415,-0.152715
2.51770,10.9441,0.175422E-01
2.51831,10.9468,-0.596285E-01
2.51892,10.9494,0.134614E-02
2.51953,10.9521,0.692077E-02
2.52014,10.9547,0.123853E-01
2.52075,10.9574,-0.142542E-01
2.52136,10.9600,0.101441E-01
2.52197,10.9627,-0.776826E-01
2.52258,10.9653,0.147337E-01
2.52319,10.9680,0.387621E-02
2.52380,10.9706,-0.124660E-02
2.52441,10.9733,0.142624E-01
2.52502,10.9759,0.569819E-01
2.52563,10.9786,-0.510252E-01
2.52625,10.9813,0.782830E-02
2.52686,10.9839,0.172530
2.52747,10.9866,0.176431E-02
2.52808,10.9892,0.915794E-02
2.52869,10.9919,0.696577E-02
2.52930,10.9945,0.137791E-01
2.52991,10.9972,0.528440E-02
2.53052,10.9998,-0.162994E-01
2.53113,11.0025,0.350460E-01
2.53174,11.0051,0.163770E-01
2.53235,11.0078,0.101000E-01
2.53296,11.0104,0.200287E-02
2.53357,11.0131,0.450208E-02
2.53418,11.0157,-0.325663E-02
2.53479,11.0184,-0.644185E-01
2.53540,11.0210,0.204212E-01
2.53601,11.0237,-0.209247E-01
2.53662,11.0264,0.813188E-02
2.53723,11.0290,-0.267663E-01
2.53784,11.0317,0.876744E-01
2.53845,11.0343,-0.113088E-01
2.53906,11.0370,0.582890E-01
2.53967,11.0396,0.300200E-01
2.54028,11.0423,-0.967275E-01
2.54089,11.0449,-0.785418E-02
2.54150,11.0476,-0.148493E-03
2.54211,11.0502,0.226839E-01
2.54272,11.0529,-0.386227E-02
2.54333,11.0555,0.897723E-01
2.54395,11.0582,-0.407384E-01
2.54456,11.0608,-0.386943E-01
2.54517,11.0635,-0.931645E-02
2.54578,11.0662,-0.161759E-01
2.54639,11.0688,0.625818E-01
2.54700,11.0715,0.167000E-02
2.54761,11.0741,0.638799E-02
2.54822,11.0768,0.413606E-01
2.54883,11.0794,0.107735E-02
2.54944,11.0821,0.368116E-01
2.55005,11.0847,0.146957E-01
2.55066,11.0874,0.629952E-01
2.55127,11.0900,-0.783349E-01
2.55188,11.0927,0.174951E-02
2.55249,11.0953,0.205687E-01
2.55310,11.0980,0.165080E-01
2.55371,11.1006,0.857485E-01
2.55432,11.1033,-0.264003E-01
2.55493,11.1059,0.445775E-01
2.55554,11.1086,-0.374262E-02
2.55615,11.1113,-0.245062E-01
2.55676,11.1139,0.165793E-01
2.55737,11.1166,-0.280065E-01
2.55798,11.1192,-0.982767E-02
2.55859,11.1219,-0.584322E-01
2.55920,11.1245,-0.842749E-02
2.55981,11.1272,0.444001E-01
2.56042,11.1298,-0.992981E-01
2.56104,11.1325,0.107765E-01
2.56165,11.1351,0.125138E-01
2.56226,11.1378,0.227623E-01
2.56287,11.1404,0.415216E-01
2.56348,11.1431,0.194201E-02
2.56409,11.1457,0.981347E-02
2.56470,11.1484,-0.355939E-01
2.56531,11.1511,0.967594E-01
2.56592,11.1537,-0.102519E-01
2.56653,11.1564,-0.182051E-01
2.56714,11.1590,-0.916724E-01
2.56775,11.1617,-0.316313E-01
2.56836,11.1643,0.139722E-01
2.56897,11.1670,0.732176E-02
2.56958,11.1696,0.407391E-01
2.57019,11.1723,-0.507775E-01
2.57080,11.1749,0.145107E-01
2.57141,11.1776,-0.967004E-02
2.57202,11.1802,-0.386050E-01
2.57263,11.1829,0.513307E-01
2.57324,11.1855,0.383265E-01
2.57385,11.1882,-0.147936E-01
2.57446,11.1908,-0.298307E-01
2.57507,11.1935,0.663014E-01
2.57568,11.1962,0.193250E-01
2.57629,11.1988,-0.834054E-02
2.57690,11.2015,-0.166713E-01
2.57751,11.2041,-0.893895E-02
2.57812,11.2068,-0.417803E-02
2.57874,11.2094,0.685826E-02
2.57935,11.2121,-0.312050E-02
2.57996,11.2147,0.670244E-01
2.58057,11.2174,-0.703160E-02
2.58118,11.2200,0.396368E-01
2.58179,11.2227,0.654683E-02
2.58240,11.2253,-0.399643E-03
2.58301,11.2280,0.222885
2.58362,11.2306,0.443840E-01
2.58423,11.2333,0.487073E-01
2.58484,11.2360,0.668971E-01
2.58545,11.2386,0.143793
2.58606,11.2413,0.110397
2.58667,11.2439,0.298881E-03
2.58728,11.2466,0.430897E-01
2.58789,11.2492,0.705857E-02
2.58850,11.2519,0.681332E-01
2.58911,11.2545,-0.651659E-02
2.58972,11.2572,0.586505E-02
2.59033,11.2598,-0.692135E-02
2.59094,11.2625,-0.754315E-02
2.59155,11.2651,0.230333E-01
2.59216,11.2678,0.295455E-01
2.59277,11.2704,0.528112E-01
2.59338,11.2731,-0.993828E-02
2.59399,11.2757,0.139665
2.59460,11.2784,0.812897E-02
2.59521,11.2811,0.353884E-02
2.59583,11.2837,-0.870734E-02
2.59644,11.2864,0.786245E-01
2.59705,11.2890,0.391276E-01
2.59766,11.2917,-0.296736E-01
2.59827,11.2943,-0.230944E-01
2.59888,11.2970,-0.320604E-01
2.59949,11.2996,-0.536227E-01
2.60010,11.3023,-0.261475E-01
2.60071,11.3049,0.651813E-01
2.60132,11.3076,0.206232E-01
2.60193,11.3102,-0.175180E-01
2.60254,11.3129,0.475280E-01
2.60315,11.3155,0.154752E-02
2.60376,11.3182,-0.109504E-02
2.60437,11.3209,-0.891670E-02
2.60498,11.3235,-0.455122E-02
2.60559,11.3262,-0.398179E-01
2.60620,11.3288,0.213043E-01
2.60681,11.3315,-0.217169E-03
2.60742,11.3341,-0.222028E-02
2.60803,11.3368,-0.952920E-01
2.60864,11.3394,-0.421482E-01
2.60925,11.3421,-0.396660E-01
2.60986,11.3447,-0.750772E-02
2.61047,11.3474,-0.861010E-02
2.61108,11.3500,-0.103925E-01
2.61169,11.3527,-0.192830E-01
2.61230,11.3553,-0.146980E-02
2.61292,11.3580,-0.357847E-01
2.61353,11.3606,0.430936E-01
2.61414,11.3633,0.194190E-02
2.61475,11.3660,-0.237787E-01
2.61536,11.3686,0.682432E-01
2.61597,11.3713,0.556088E-01
2.61658,11.3739,-0.453456E-01
2.61719,11.3766,0.499915E-02
2.61780,11.3792,-0.255073E-01
2.61841,11.3819,0.127505E-01
2.61902,11.3845,-0.268561E-02
2.61963,11.3872,-0.523573E-01
2.62024,11.3898,0.221342E-01
2.62085,11.3925,-0.259600E-01
2.62146,11.3951,0.532508E-01
2.62207,11.3978,0.729978E-01
2.62268,11.4004,-0.195562E-01
2.62329,11.4031,-0.638804E-02
2.62390,11.4058,-0.253626E-01
2.62451,11.4084,0.175286E-01
2.62512,11.4111,0.497567E-01
2.62573,11.4137,0.200266E-02
2.62634,11.4164,-0.124858E-01
2.62695,11.4190,0.870520E-02
2.62756,11.4217,0.155664E-01
2.62817,11.4243,-0.453255E-01
2.62878,11.4270,-0.999870E-02
2.62939,11.4296,0.302279E-02
2.63000,11.4323,-0.155706E-01
2.63062,11.4349,0.417339E-01
2.63123,11.4376,-0.570092E-02
2.63184,11.4402,0.272178E-01
2.63245,11.4429,-0.137145E-01
2.63306,11.4455,-0.249255E-01
2.63367,11.4482,0.262661E-01
2.63428,11.4509,0.204335E-01
2.63489,11.4535,-0.538529E-01
2.63550,11.4562,0.392445E-02
2.63611,11.4588,0.444393E-01
2.63672,11.4615,0.287853E-01
2.63733,11.4641,0.320769E-01
2.63794,11.4668,-0.133328E-01
2.63855,11.4694,0.359858E-01
2.63916,11.4721,0.392394E-01
2.63977,11.4747,-0.631094E-02
2.64038,11.4774,0.125613E-01
2.64099,11.4800,0.416557E-01
2.64160,11.4827,-0.904015E-02
2.64221,11.4853,-0.579832E-01
2.64282,11.4880,0.430712E-01
2.64343,11.4907,-0.511456E-01
2.64404,11.4933,0.718036E-02
2.64465,11.4960,0.272441E-01
2.64526,11.4986,-0.104666E-01
2.64587,11.5013,0.974086E-01
2.64648,11.5039,0.111681
2.64709,11.5066,-0.422142E-01
2.64771,11.5092,0.168655E-01
2.64832,11.5119,-0.171459E-01
2.64893,11.5145,-0.279788E-01
2.64954,11.5172,-0.319989E-01
2.65015,11.5198,-0.376251E-01
2.65076,11.5225,0.112661E-02
2.65137,11.5251,0.180134E-01
2.65198,11.5278,-0.370110E-01
2.65259,11.5304,-0.240169E-01
2.65320,11.5331,-0.528740E-02
2.65381,11.5358,0.575291E-02
2.65442,11.5384,0.354013E-01
2.65503,11.5411,0.186269E-02
2.65564,11.5437,-0.191498E-01
2.65625,11.5464,-0.265988E-02
2.65686,11.5490,0.182081E-01
2.65747,11.5517,-0.443994E-01
2.65808,11.5543,0.808098E-02
2.65869,11.5570,0.919229E-01
2.65930,11.5596,0.607314E-01
2.65991,11.5623,0.554771E-02
2.66052,11.5649,0.213986E-01
2.66113,11.5676,-0.339804E-02
2.66174,11.5702,-0.765797E-01
2.66235,11.5729,0.297444E-01
2.66296,11.5756,0.251603E-01
2.66357,11.5782,-0.968773E-02
2.66418,11.5809,-0.297461E-01
2.66479,11.5835,0.751377E-02
2.66541,11.5862,-0.247602E-01
2.66602,11.5888,0.313874E-02
2.66663,11.5915,-0.872057E-02
2.66724,11.5941,0.253153E-01
2.66785,11.5968,-0.248903E-01
2.66846,11.5994,0.497151E-01
2.66907,11.6021,0.221858E-01
2.66968,11.6047,0.782952E-02
2.67029,11.6074,-0.152813E-01
2.67090,11.6100,-0.477982E-01
2.67151,11.6127,0.925150E-02
2.67212,11.6153,0.296725E-01
2.67273,11.6180,-0.307819E-01
2.67334,11.6207,-0.122391E-01
2.67395,11.6233,-0.238364E-01
2.67456,11.6260,0.397950E-01
2.67517,11.6286,0.206338E-01
2.67578,11.6313,0.320093E-01
2.67639,11.6339,0.272492E-02
2.67700,11.6366,0.487072E-01
2.67761,11.6392,-0.105422E-01
2.67822,11.6419,-0.775201E-01
2.67883,11.6445,0.303767E-02
2.67944,11.6472,0.193825E-01
2.68005,11.6498,0.533441E-01
2.68066,11.6525,-0.398497E-01
2.68127,11.6551,-0.201099E-02
2.68188,11.6578,-0.171406E-01
2.68250,11.6605,0.161757E-01
2.68311,11.6631,0.134405E-01
2.68372,11.6658,-0.160089E-01
2.68433,11.6684,0.184308E-01
2.68494,11.6711,-0.372981E-02
2.68555,11.6737,0.401344E-01
2.68616,11.6764,0.572855E-01
2.68677,11.6790,-0.529675E-02
2.68738,11.6817,-0.254147E-01
2.68799,11.6843,-0.530034E-01
2.68860,11.6870,0.584163E-02
2.68921,11.6896,-0.474451E-02
2.68982,11.6923,0.133606E-01
2.69043,11.6949,0.945803E-01
2.69104,11.6976,0.549949E-01
2.69165,11.7002,0.496091E-01
2.69226,11.7029,-0.101550E-01
2.69287,11.7056,0.381018E-01
2.69348,11.7082,-0.498735E-01
2.69409,11.7109,-0.413157E-02
2.69470,11.7135,0.150367E-01
2.69531,11.7162,0.859029E-02
2.69592,11.7188,-0.409321E-01
2.69653,11.7215,0.547498E-01
2.69714,11.7241,0.393302E-01
2.69775,11.7268,0.372543E-01
2.69836,11.7294,0.183889E-01
2.69897,11.7321,0.651272E-01
2.69958,11.7347,0.257089E-01
2.70020,11.7374,0.508204E-02
2.70081,11.7400,0.417368E-02
2.70142,11.7427,-0.619837E-01
2.70203,11.7454,0.122906
2.70264,11.7480,-0.147630E-01
2.70325,11.7507,0.240850E-01
2.70386,11.7533,0.276181E-01
2.70447,11.7560,0.730275E-01
2.70508,11.7586,-0.228953E-01
2.70569,11.7613,0.133457E-01
2.70630,11.7639,0.280008E-01
2.70691,11.7666,0.391720E-02
2.70752,11.7692,0.448322E-01
2.70813,11.7719,-0.242498E-02
2.70874,11.7745,0.183954E-02
2.70935,11.7772,0.478278E-01
2.70996,11.7798,0.169017E-01
2.71057,11.7825,-0.124850E-01
2.71118,11.7851,0.850974E-02
2.71179,11.7878,0.232374E-01
2.71240,11.7905,0.341189E-02
2.71301,11.7931,-0.176765E-01
2.71362,11.7958,-0.306412E-01
2.71423,11.7984,0.590612E-01
2.71484,11.8011,-0.574867E-01
2.71545,11.8037,-0.150471E-01
2.71606,11.8064,-0.408648E-01
2.71667,11.8090,0.987111E-02
2.71729,11.8117,0.407207E-02
2.71790,11.8143,0.123769
2.71851,11.8170,0.181663E-02
2.71912,11.8196,-0.162873E-01
2.71973,11.8223,0.656769E-01
2.72034,11.8249,-0.341200E-01
2.72095,11.8276,0.142651E-01
2.72156,11.8303,-0.114139E-01
2.72217,11.8329,-0.184699E-01
2.72278,11.8356,-0.234363E-01
2.72339,11.8382,-0.194881E-01
2.72400,11.8409,-0.860312E-03
2.72461,11.8435,-0.355393E-01
2.72522,11.8462,-0.816092E-03
2.72583,11.8488,0.111075E-01
2.72644,11.8515,-0.381194E-01
2.72705,11.8541,0.657435E-01
2.72766,11.8568,0.495916E-01
2.72827,11.8594,-0.673110E-01
2.72888,11.8621,0.189661E-01
2.72949,11.8647,-0.125017E-01
2.73010,11.8674,0.408711E-01
2.73071,11.8700,-0.104750E-01
2.73132,11.8727,-0.205790E-01
2.73193,11.8754,0.254819E-02
2.73254,11.8780,-0.169743E-01
2.73315,11.8807,0.257283E-01
2.73376,11.8833,0.240514E-02
2.73438,11.8860,0.663630E-01
2.73499,11.8886,-0.102816E-01
2.73560,11.8913,0.442111E-01
2.73621,11.8939,0.275399E-01
2.73682,11.8966,0.255669E-01
2.73743,11.8992,-0.109833E-01
2.73804,11.9019,0.431788E-01
2.73865,11.9045,-0.146132E-01
2.73926,11.9072,-0.147095E-02
2.73987,11.9098,0.322836E-03
2.74048,11.9125,-0.670190E-02
2.74109,11.9152,0.233178E-01
2.74170,11.9178,0.919976E-02
2.74231,11.9205,0.135907E-01
2.74292,11.9231,0.390745E-02
2.74353,11.9258,0.116576E-01
2.74414,11.9284,0.283990E-01
2.74475,11.9311,0.130727E-01
2.74536,11.9337,-0.333977E-01
2.74597,11.9364,-0.959033E-03
2.74658,11.9390,0.187887E-01
2.74719,11.9417,-0.559852E-02
2.74780,11.9443,-0.309276E-01
2.74841,11.9470,0.114283E-01
2.74902,11.9496,0.514941E-01
2.74963,11.9523,0.234128E-02
2.75024,11.9549,-0.247482E-01
2.75085,11.9576,-0.571237E-01
2.75146,11.9603,0.141178E-01
2.75208,11.9629,0.431589E-02
2.75269,11.9656,-0.109814E-01
2.75330,11.9682,0.251394E-01
2.75391,11.9709,0.215652E-01
2.75452,11.9735,0.539667E-02
2.75513,11.9762,0.183545E-01
2.75574,11.9788,-0.196330E-01
2.75635,11.9815,-0.220576E-01
2.75696,11.9841,0.195142
2.75757,11.9868,-0.254330E-01
2.75818,11.9894,0.189914E-01
2.75879,11.9921,0.187922E-01
2.75940,11.9947,0.387665E-01
2.76001,11.9974,-0.772847E-02
2.76062,12.0000,0.103652E-01
2.76123,12.0027,0.839101E-02
2.76184,12.0054,0.693281E-01
2.76245,12.0080,0.803937E-01
2.76306,12.0107,0.455488E-01
2.76367,12.0133,0.167149E-01
2.76428,12.0160,-0.276686E-01
2.76489,12.0186,0.816976E-02
2.76550,12.0213,0.380636E-01
2.76611,12.0239,-0.285853E-01
2.76672,12.0266,0.124559E-02
2.76733,12.0292,-0.176115E-01
2.76794,12.0319,-0.131000E-01
2.76855,12.0345,-0.891166E-02
2.76917,12.0372,0.124668E-01
2.76978,12.0398,0.233686E-01
2.77039,12.0425,-0.804315E-02
2.77100,12.0452,0.490574E-01
2.77161,12.0478,-0.197104E-01
2.77222,12.0505,-0.720476E-01
2.77283,12.0531,0.356288E-01
2.77344,12.0558,-0.689414E-01
2.77405,12.0584,0.296998E-01
2.77466,12.0611,-0.597751E-01
2.77527,12.0637,-0.646111E-02
2.77588,12.0664,0.212101E-01
2.77649,12.0690,0.103167E-01
2.77710,12.0717,-0.121009
2.77771,12.0743,-0.200447E-01
2.77832,12.0770,0.217158E-03
2.77893,12.0796,-0.395873E-01
2.77954,12.0823,0.480370E-01
2.78015,12.0849,0.909932E-01
2.78076,12.0876,0.109128E-01
2.78137,12.0903,0.585187E-01
2.78198,12.0929,-0.862024E-01
2.78259,12.0956,0.580163E-01
2.78320,12.0982,0.204097E-01
2.78381,12.1009,0.604081E-03
2.78442,12.1035,0.782313E-03
2.78503,12.1062,0.260294E-01
2.78564,12.1088,-0.541305E-02
2.78625,12.1115,-0.210700E-01
2.78687,12.1141,-0.258525E-02
2.78748,12.1168,-0.886071E-02
2.78809,12.1194,0.407676E-01
2.78870,12.1221,0.596663E-01
2.78931,12.1247,0.449285E-04
2.78992,12.1274,0.744010E-01
2.79053,12.1301,-0.142706E-02
2.79114,12.1327,-0.405567E-01
2.79175,12.1354,0.110303E-01
2.79236,12.1380,0.417167E-02
2.79297,12.1407,0.274485E-01
2.79358,12.1433,-0.548190E-01
2.79419,12.1460,-0.705569E-03
2.79480,12.1486,-0.388959E-03
2.79541,12.1513,-0.187297E-01
2.79602,12.1539,0.704177E-02
2.79663,12.1566,0.502495E-01
2.79724,12.1592,-0.289443E-01
2.79785,12.1619,0.225635E-01
2.79846,12.1645,0.152072E-01
2.79907,12.1672,0.465055E-01
2.79968,12.1698,-0.689370E-03
2.80029,12.1725,0.219576E-01
2.80090,12.1752,0.824455E-01
2.80151,12.1778,0.926526E-01
2.80212,12.1805,0.676697E-02
2.80273,12.1831,0.328897E-01
2.80334,12.1858,0.199096E-01
2.80396,12.1884,-0.269893E-01
2.80457,12.1911,0.619555E-02
2.80518,12.1937,0.229366E-02
2.80579,12.1964,0.545542E-03
2.80640,12.1990,-0.496951E-01
2.80701,12.2017,0.283428E-01
2.80762,12.2043,0.455487E-02
2.80823,12.2070,-0.232966E-01
2.80884,12.2096,0.555749E-01
2.80945,12.2123,-0.466836E-01
2.81006,12.2150,0.147367E-01
2.81067,12.2176,-0.628002E-01
2.81128,12.2203,-0.159199E-01
2.81189,12.2229,-0.135945
2.81250,12.2256,0.229327E-01
2.81311,12.2282,0.349237E-01
2.81372,12.2309,0.462786E-01
2.81433,12.2335,-0.348030E-01
2.81494,12.2362,0.153251E-01
2.81555,12.2388,0.582116E-01
2.81616,12.2415,0.555318E-01
2.81677,12.2441,-0.303079E-01
2.81738,12.2468,-0.463179E-01
2.81799,12.2494,-0.851556E-01
2.81860,12.2521,-0.678587E-02
2.81921,12.2547,-0.120177
2.81982,12.2574,0.574934E-01
2.82043,12.2601,0.117090
2.82104,12.2627,0.465875E-02
2.82166,12.2654,-0.611282E-02
2.82227,12.2680,0.602720E-01
2.82288,12.2707,0.225302E-01
2.82349,12.2733,0.388563E-01
2.82410,12.2760,0.419469E-01
2.82471,12.2786,0.197998E-01
2.82532,12.2813,-0.134085E-01
2.82593,12.2839,0.150475E-01
2.82654,12.2866,-0.359503E-01
2.82715,12.2892,0.577589E-02
2.82776,12.2919,-0.160876E-01
2.82837,12.2945,-0.403753E-01
2.82898,12.2972,-0.808917E-01
2.82959,12.2999,-0.394720E-02
2.83020,12.3025,0.641893E-01
2.83081,12.3052,0.232827E-02
2.83142,12.3078,0.386505E-01
2.83203,12.3105,0.106907E-01
2.83264,12.3131,-0.479848E-01
2.83325,12.3158,0.142805E-01
2.83386,12.3184,0.192294E-01
2.83447,12.3211,-0.349292E-01
2.83508,12.3237,-0.196911E-01
2.83569,12.3264,-0.206056E-01
2.83630,12.3290,-0.938934E-02
2.83691,12.3317,0.116441E-01
2.83752,12.3343,0.210383E-01
2.83813,12.3370,0.380705E-01
2.83875,12.3396,-0.106431E-01
2.83936,12.3423,-0.124719
2.83997,12.3450,0.330827E-01
2.84058,12.3476,0.672847E-01
2.84119,12.3503,-0.210254E-01
2.84180,12.3529,0.286582E-02
2.84241,12.3556,-0.460226E-03
2.84302,12.3582,-0.163803E-01
2.84363,12.3609,0.192596E-01
2.84424,12.3635,-0.177047E-01
2.84485,12.3662,0.111705E-01
2.84546,12.3688,-0.748788E-02
2.84607,12.3715,0.139802E-01
2.84668,12.3741,0.161804
2.84729,12.3768,-0.354821E-01
2.84790,12.3794,0.127399E-01
2.84851,12.3821,0.154471E-01
2.84912,12.3848,0.424763E-01
2.84973,12.3874,0.136557E-01
2.85034,12.3901,-0.186110E-01
2.85095,12.3927,-0.809835E-01
2.85156,12.3954,-0.893414E-04
2.85217,12.3980,-0.242012E-01
2.85278,12.4007,0.876451E-02
2.85339,12.4033,0.515086E-01
2.85400,12.4060,0.290494E-01
2.85461,12.4086,0.160062E-01
2.85522,12.4113,-0.509865E-01
2.85583,12.4139,0.525833E-01
2.85645,12.4166,-0.342984E-02
2.85706,12.4192,-0.183302E-01
2.85767,12.4219,0.431766E-01
2.85828,12.4245,-0.425829E-02
2.85889,12.4272,0.258110E-01
2.85950,12.4299,0.119247E-01
2.86011,12.4325,0.310147E-01
2.86072,12.4352,-0.352393E-01
2.86133,12.4378,-0.451988E-01
2.86194,12.4405,-0.100516
2.86255,12.4431,0.298797E-01
2.86316,12.4458,-0.112359E-01
2.86377,12.4484,-0.625014E-01
2.86438,12.4511,-0.536691E-01
2.86499,12.4537,0.276750E-01
2.86560,12.4564,-0.256286E-01
2.86621,12.4590,-0.569809E-01
2.86682,12.4617,-0.398747E-01
2.86743,12.4643,0.755274E-01
2.86804,12.4670,-0.455173E-02
2.86865,12.4697,-0.126820E-01
2.86926,12.4723,-0.168522E-01
2.86987,12.4750,0.115408E-01
2.87048,12.4776,0.407690E-01
2.87109,12.4803,-0.700066E-04
2.87170,12.4829,-0.335411E-01
2.87231,12.4856,0.129106E-01
2.87292,12.4882,-0.497795E-02
2.87354,12.4909,0.138202E-02
2.87415,12.4935,-0.131290E-01
2.87476,12.4962,-0.300979E-01
2.87537,12.4988,0.154296E-01
2.87598,12.5015,0.725495E-01
2.87659,12.5041,0.502276E-01
2.87720,12.5068,-0.231459E-01
2.87781,12.5094,-0.549723E-01
2.87842,12.5121,0.389656E-02
2.87903,12.5148,-0.224142E-01
2.87964,12.5174,-0.113263E-01
2.88025,12.5201,0.138222E-01
2.88086,12.5227,0.606457E-01
2.88147,12.5254,0.864480E-01
2.88208,12.5280,0.396977E-01
2.88269,12.5307,0.536837E-01
2.88330,12.5333,-0.112437E-01
2.88391,12.5360,-0.932196E-01
2.88452,12.5386,0.138075E-01
2.88513,12.5413,0.950287E-04
2.88574,12.5439,-0.333063E-02
2.88635,12.5466,0.844515E-01
2.88696,12.5492,-0.395144E-01
2.88757,12.5519,-0.488378E-02
2.88818,12.5546,-0.750572E-01
2.88879,12.5572,0.596966E-01
2.88940,12.5599,0.653166E-02
2.89001,12.5625,0.543781E-01
2.89062,12.5652,0.250579E-01
2.89124,12.5678,0.612665E-01
2.89185,12.5705,0.179692E-01
2.89246,12.5731,-0.110066E-01
2.89307,12.5758,0.603083E-03
2.89368,12.5784,-0.388521E-02
2.89429,12.5811,0.118707
2.89490,12.5837,0.699071E-01
2.89551,12.5864,-0.967938E-03
2.89612,12.5890,-0.210086E-01
2.89673,12.5917,-0.234880E-01
2.89734,12.5943,-0.743537E-01
2.89795,12.5970,0.354679E-03
2.89856,12.5997,0.156825E-01
2.89917,12.6023,0.204402E-01
2.89978,12.6050,0.557894E-01
2.90039,12.6076,-0.687334E-02
2.90100,12.6103,0.647365E-01
2.90161,12.6129,-0.491940E-01
2.90222,12.6156,-0.288092E-01
2.90283,12.6182,0.107336E-02
2.90344,12.6209,0.361304E-02
2.90405,12.6235,0.104208
2.90466,12.6262,-0.344856E-01
2.90527,12.6288,0.758442E-03
2.90588,12.6315,-0.488981E-01
2.90649,12.6341,0.253316E-01
2.90710,12.6368,-0.103548E-01
2.90771,12.6395,-0.417511E-02
2.90833,12.6421,0.176582E-01
2.90894,12.6448,0.104592
2.90955,12.6474,0.398207E-02
2.91016,12.6501,-0.120178E-01
2.91077,12.6527,0.461034E-02
2.91138,12.6554,0.241185E-01
2.91199,12.6580,0.241349E-01
2.91260,12.6607,0.206924E-01
2.91321,12.6633,0.580568E-01
2.91382,12.6660,-0.453220E-02
2.91443,12.6686,0.509183E-01
2.91504,12.6713,-0.143964E-02
2.91565,12.6739,0.101839E-01
2.91626,12.6766,-0.203269E-01
2.91687,12.6792,0.436452E-01
2.91748,12.6819,0.335947E-01
2.91809,12.6846,-0.235497E-02
2.91870,12.6872,0.364026E-02
2.91931,12.6899,0.267208E-01
2.91992,12.6925,-0.484520E-01
2.92053,12.6952,-0.898082E-02
2.92114,12.6978,0.250187E-01
2.92175,12.7005,-0.459331E-02
2.92236,12.7031,0.528256E-01
2.92297,12.7058,0.912884E-02
2.92358,12.7084,-0.190583E-01
2.92419,12.7111,0.193383E-02
2.92480,12.7137,0.139162E-01
2.92542,12.7164,0.725720E-02
2.92603,12.7190,0.586130E-01
2.92664,12.7217,-0.115454E-01
2.92725,12.7244,0.238870E-01
2.92786,12.7270,0.403937E-02
2.92847,12.7297,0.877628E-02
2.92908,12.7323,-0.289422E-01
2.92969,12.7350,0.462143E-01
2.93030,12.7376,-0.144599E-01
2.93091,12.7403,-0.307002E-02
2.93152,12.7429,-0.145779E-01
2.93213,12.7456,0.193995E-02
2.93274,12.7482,-0.208456E-01
2.93335,12.7509,0.483654E-03
2.93396,12.7535,0.721433E-02
2.93457,12.7562,0.835795E-02
2.93518,12.7588,-0.268241E-01
2.93579,12.7615,0.204419E-02
2.93640,12.7641,-0.482288E-02
2.93701,12.7668,0.249369E-02
2.93762,12.7695,0.288108E-02
2.93823,12.7721,0.302259E-01
2.93884,12.7748,-0.111295
2.93945,12.7774,-0.448289E-01
2.94006,12.7801,0.346743E-01
2.94067,12.7827,0.794868E-02
2.94128,12.7854,-0.207320E-01
2.94189,12.7880,0.295076E-02
2.94250,12.7907,0.272457E-01
2.94312,12.7933,0.836093E-01
2.94373,12.7960,0.499366E-02
2.94434,12.7986,0.502580E-01
2.94495,12.8013,0.156347E-02
2.94556,12.8039,-0.494654E-02
2.94617,12.8066,0.255154
2.94678,12.8093,-0.750467E-01
2.94739,12.8119,0.576317E-03
2.94800,12.8146,0.271333E-01
2.94861,12.8172,0.490565E-02
2.94922,12.8199,0.230149E-01
2.94983,12.8225,0.141006E-01
2.95044,12.8252,0.613840E-02
2.95105,12.8278,0.129212E-01
2.95166,12.8305,-0.165354E-01
2.95227,12.8331,-0.139599E-01
2.95288,12.8358,-0.440061E-01
2.95349,12.8384,0.245325E-01
2.95410,12.8411,0.164933E-01
2.95471,12.8437,-0.330136E-01
2.95532,12.8464,-0.699231E-01
2.95593,12.8490,0.604465E-01
2.95654,12.8517,-0.217189E-02
2.95715,12.8544,-0.197067E-01
2.95776,12.8570,0.625892E-01
2.95837,12.8597,0.836167E-01
2.95898,12.8623,0.333982E-01
2.95959,12.8650,0.115499E-02
2.96021,12.8676,-0.283942E-02
2.96082,12.8703,0.142860
2.96143,12.8729,-0.100852E-02
2.96204,12.8756,0.106802E-01
2.96265,12.8782,0.924931E-02
2.96326,12.8809,-0.351640E-01
2.96387,12.8835,-0.197764E-02
2.96448,12.8862,0.169601E-01
2.96509,12.8888,-0.125336E-01
2.96570,12.8915,0.141663E-02
2.96631,12.8942,-0.125876E-01
2.96692,12.8968,0.514241E-01
2.96753,12.8995,-0.476362E-02
2.96814,12.9021,0.583539E-02
2.96875,12.9048,0.152187E-01
2.96936,12.9074,0.469390E-02
2.96997,12.9101,0.118009E-01
2.97058,12.9127,0.166590E-01
2.97119,12.9154,0.129151E-01
2.97180,12.9180,-0.632088E-01
2.97241,12.9207,0.651479E-02
2.97302,12.9233,-0.773217E-02
2.97363,12.9260,0.405738E-02
2.97424,12.9286,-0.906048E-02
2.97485,12.9313,0.104719
2.97546,12.9339,0.452004E-02
2.97607,12.9366,-0.110035E-01
2.97668,12.9393,-0.506208E-01
2.97729,12.9419,-0.103695E-01
2.97791,12.9446,-0.827963E-02
2.97852,12.9472,0.112777E-01
2.97913,12.9499,-0.139966E-01
2.97974,12.9525,0.841410E-01
2.98035,12.9552,-0.711463E-02
2.98096,12.9578,0.138453E-01
2.98157,12.9605,0.436750E-01
2.98218,12.9631,-0.122855E-01
2.98279,12.9658,-0.612155E-02
2.98340,12.9684,0.107668E-01
2.98401,12.9711,0.150210E-01
2.98462,12.9737,0.795005E-01
2.98523,12.9764,-0.531919E-03
2.98584,12.9791,0.602773E-01
2.98645,12.9817,0.120852E-01
2.98706,12.9844,-0.110325
2.98767,12.9870,-0.185144E-01
2.98828,12.9897,0.786453E-03
2.98889,12.9923,-0.561934E-02
2.98950,12.9950,-0.517978E-01
2.99011,12.9976,0.244935E-01
2.99072,13.0003,0.651231E-01
2.99133,13.0029,0.383630E-01
2.99194,13.0056,0.491668E-01
2.99255,13.0082,-0.130801E-01
2.99316,13.0109,0.495689E-01
2.99377,13.0135,-0.130557E-02
2.99438,13.0162,0.105526
2.99500,13.0188,-0.144981E-01
2.99561,13.0215,0.338493E-01
2.99622,13.0242,0.656172E-01
2.99683,13.0268,-0.204479E-01
2.99744,13.0295,0.222242E-01
2.99805,13.0321,-0.570560E-02
2.99866,13.0348,-0.835882E-01
2.99927,13.0374,0.663901E-01
2.99988,13.0401,0.788734E-03
3.00049,13.0427,-0.457524E-02
3.00110,13.0454,-0.119417E-02
3.00171,13.0480,-0.109024E-01
3.00232,13.0507,0.866621E-01
3.00293,13.0533,-0.703746E-02
3.00354,13.0560,0.190269E-02
3.00415,13.0586,0.203695E-01
3.00476,13.0613,0.237874E-01
3.00537,13.0640,0.237996E-02
3.00598,13.0666,-0.561691E-02
3.00659,13.0693,-0.891088E-02
3.00720,13.0719,0.214806E-01
3.00781,13.0746,0.126299E-01
3.00842,13.0772,-0.637025E-02
3.00903,13.0799,-0.202893E-01
3.00964,13.0825,-0.228907E-01
3.01025,13.0852,0.923304E-02
3.01086,13.0878,0.126389E-01
3.01147,13.0905,-0.141075E-01
3.01208,13.0931,-0.155013E-02
3.01270,13.0958,-0.140578E-01
3.01331,13.0984,0.384263E-02
3.01392,13.1011,-0.161630E-01
3.01453,13.1037,-0.419608E-02
3.01514,13.1064,-0.263240E-01
3.01575,13.1091,0.943681E-03
3.01636,13.1117,-0.251496E-01
3.01697,13.1144,-0.644210E-01
3.01758,13.1170,0.311968E-01
3.01819,13.1197,0.255778E-01
3.01880,13.1223,0.155248E-02
3.01941,13.1250,-0.439171E-01
3.02002,13.1276,0.245751E-01
3.02063,13.1303,-0.248317E-01
3.02124,13.1329,-0.658972E-02
3.02185,13.1356,0.204597E-01
3.02246,13.1382,-0.342928E-01
3.02307,13.1409,-0.240996E-01
3.02368,13.1435,0.627602E-02
3.02429,13.1462,0.707948E-01
3.02490,13.1488,-0.167897E-01
3.02551,13.1515,0.148412E-01
3.02612,13.1542,0.589362E-02
3.02673,13.1568,0.404250E-03
3.02734,13.1595,0.529120E-01
3.02795,13.1621,0.766748E-01
3.02856,13.1648,-0.129791E-01
3.02917,13.1674,0.117681E-01
3.02979,13.1701,0.954054E-03
3.03040,13.1727,-0.433969E-01
3.03101,13.1754,-0.706473E-01
3.03162,13.1780,-0.899944E-02
3.03223,13.1807,-0.456762E-02
3.03284,13.1833,0.362503E-02
3.03345,13.1860,-0.320025E-03
3.03406,13.1886,0.138281
3.03467,13.1913,-0.166291E-02
3.03528,13.1940,0.270572E-01
3.03589,13.1966,0.130308E-01
3.03650,13.1993,-0.995493E-02
3.03711,13.2019,0.978460E-01
3.03772,13.2046,-0.206468E-01
3.03833,13.2072,0.503041E-01
3.03894,13.2099,-0.954542E-02
3.03955,13.2125,-0.341755E-01
3.04016,13.2152,0.121073E-01
3.04077,13.2178,0.414044E-01
3.04138,13.2205,0.471376E-01
3.04199,13.2231,0.387030E-01
3.04260,13.2258,0.318352E-01
3.04321,13.2284,-0.466095E-02
3.04382,13.2311,0.259438E-01
3.04443,13.2337,0.284367E-01
3.04504,13.2364,0.102318E-01
3.04565,13.2391,-0.428899E-02
3.04626,13.2417,-0.348898E-01
3.04688,13.2444,-0.313630E-01
3.04749,13.2470,-0.542436E-01
3.04810,13.2497,-0.248422E-02
3.04871,13.2523,0.480096E-02
3.04932,13.2550,0.410121E-01
3.04993,13.2576,-0.437853E-01
3.05054,13.2603,-0.187678E-02
3.05115,13.2629,0.284546E-01
3.05176,13.2656,-0.268248E-01
3.05237,13.2682,-0.111318
3.05298,13.2709,0.477269E-01
3.05359,13.2735,0.522669E-01
3.05420,13.2762,0.385847E-01
3.05481,13.2789,-0.270773E-01
3.05542,13.2815,0.564001E-02
3.05603,13.2842,0.648424E-01
3.05664,13.2868,-0.502266E-01
3.05725,13.2895,0.203480E-01
3.05786,13.2921,0.892894E-02
3.05847,13.2948,-0.736273E-02
3.05908,13.2974,0.292302E-01
3.05969,13.3001,0.540486E-02
3.06030,13.3027,0.125014E-01
3.06091,13.3054,-0.104935E-01
3.06152,13.3080,0.324411E-01
3.06213,13.3107,0.189426E-01
3.06274,13.3133,-0.520821E-01
3.06335,13.3160,0.314713E-01
3.06396,13.3186,0.117563E-01
3.06458,13.3213,0.128710E-01
3.06519,13.3240,0.253613E-01
3.06580,13.3266,0.270911E-02
3.06641,13.3293,0.569324E-01
3.06702,13.3319,0.104729E-01
3.06763,13.3346,0.593070E-01
3.06824,13.3372,-0.742850E-02
3.06885,13.3399,0.400188E-02
3.06946,13.3425,0.405906E-01
3.07007,13.3452,0.450794E-01
3.07068,13.3478,-0.607040E-02
3.07129,13.3505,-0.856734E-02
3.07190,13.3531,-0.671268E-02
3.07251,13.3558,-0.515077E-02
3.07312,13.3584,0.915586E-04
3.07373,13.3611,0.560603E-01
3.07434,13.3638,0.582673E-01
3.07495,13.3664,0.338239E-01
3.07556,13.3691,0.115480E-01
3.07617,13.3717,-0.139960E-01
3.07678,13.3744,-0.821947E-01
3.07739,13.3770,0.328775E-02
3.07800,13.3797,-0.443776E-01
3.07861,13.3823,0.347725E-01
3.07922,13.3850,-0.318707E-01
3.07983,13.3876,0.335698E-01
3.08044,13.3903,-0.342555E-01
3.08105,13.3929,-0.251721E-01
3.08167,13.3956,0.530622E-01
3.08228,13.3982,0.215065E-01
3.08289,13.4009,-0.874950E-02
3.08350,13.4035,-0.207628E-01
3.08411,13.4062,-0.276552E-01
3.08472,13.4089,0.267723E-01
3.08533,13.4115,-0.216555E-02
3.08594,13.4142,-0.851333E-01
3.08655,13.4168,-0.582422E-01
3.08716,13.4195,0.276409E-01
3.08777,13.4221,-0.364523E-01
3.08838,13.4248,0.673601E-01
3.08899,13.4274,0.207926E-01
3.08960,13.4301,0.757308E-02
3.09021,13.4327,0.138203E-01
3.09082,13.4354,-0.365713E-01
3.09143,13.4380,0.135782E-01
3.09204,13.4407,0.206618E-01
3.09265,13.4433,0.324694E-01
3.09326,13.4460,-0.909964E-03
3.09387,13.4487,0.156243E-01
3.09448,13.4513,-0.125482E-01
3.09509,13.4540,0.502580E-01
3.09570,13.4566,0.145530E-02
3.09631,13.4593,-0.260970E-01
3.09692,13.4619,0.687089E-02
3.09753,13.4646,0.492424E-02
3.09814,13.4672,0.181649E-03
3.09875,13.4699,-0.482897E-01
3.09937,13.4725,-0.970808E-02
3.09998,13.4752,-0.403649E-01
3.10059,13.4778,0.195260E-01
3.10120,13.4805,0.144034E-01
3.10181,13.4831,-0.557045E-02
3.10242,13.4858,0.629488E-01
3.10303,13.4884,-0.124871
3.10364,13.4911,-0.169883E-01
3.10425,13.4938,-0.674136E-01
3.10486,13.4964,-0.199185E-02
3.10547,13.4991,-0.531732E-02
3.10608,13.5017,0.172931E-03
3.10669,13.5044,-0.106545E-01
3.10730,13.5070,-0.108581E-01
3.10791,13.5097,-0.333966E-01
3.10852,13.5123,0.190799E-01
3.10913,13.5150,-0.547598E-01
3.10974,13.5176,0.380225E-02
3.11035,13.5203,-0.238036E-01
3.11096,13.5229,0.325162E-01
3.11157,13.5256,0.133485E-01
3.11218,13.5282,0.760752E-01
3.11279,13.5309,-0.208650E-02
3.11340,13.5336,0.512292E-01
3.11401,13.5362,0.214669E-01
3.11462,13.5389,-0.561069E-02
3.11523,13.5415,0.224200E-02
3.11584,13.5442,-0.343254E-01
3.11646,13.5468,-0.982780E-01
3.11707,13.5495,0.258973E-03
3.11768,13.5521,0.126236E-02
3.11829,13.5548,0.931712E-02
3.11890,13.5574,-0.173741E-01
3.11951,13.5601,0.154806E-01
3.12012,13.5627,0.560010E-02
3.12073,13.5654,-0.565382E-03
3.12134,13.5680,0.527833E-03
3.12195,13.5707,-0.614412E-01
3.12256,13.5733,0.613638E-01
3.12317,13.5760,0.332218E-04
3.12378,13.5787,-0.160050E-01
3.12439,13.5813,0.197679E-01
3.12500,13.5840,-0.403619E-02
3.12561,13.5866,-0.827184E-01
3.12622,13.5893,0.970907E-02
3.12683,13.5919,0.248820E-01
3.12744,13.5946,0.415282E-02
3.12805,13.5972,0.431840E-01
3.12866,13.5999,0.409282E-02
3.12927,13.6025,0.499502E-01
3.12988,13.6052,-0.366322E-01
3.13049,13.6078,-0.103972E-01
3.13110,13.6105,0.987373E-01
3.13171,13.6131,0.166054E-01
3.13232,13.6158,0.664303E-02
3.13293,13.6185,0.283188E-01
3.13354,13.6211,0.425496E-01
3.13416,13.6238,0.130681
3.13477,13.6264,0.218269E-01
3.13538,13.6291,-0.143024
3.13599,13.6317,-0.135312E-01
3.13660,13.6344,-0.345545E-02
3.13721,13.6370,0.627501E-01
3.13782,13.6397,-0.240709E-01
3.13843,13.6423,-0.160741E-01
3.13904,13.6450,-0.774355E-03
3.13965,13.6476,0.136704E-01
3.14026,13.6503,0.127930E-01
3.14087,13.6529,-0.279687E-01
3.14148,13.6556,-0.179043E-01
3.14209,13.6582,-0.196496E-01
3.14270,13.6609,0.324194E-02
3.14331,13.6636,0.278003E-01
3.14392,13.6662,0.312590E-01
3.14453,13.6689,-0.274528E-02
3.14514,13.6715,0.340953E-01
3.14575,13.6742,-0.186576E-01
3.14636,13.6768,-0.272575E-01
3.14697,13.6795,0.208565E-01
3.14758,13.6821,0.159210E-01
3.14819,13.6848,-0.334893E-01
3.14880,13.6874,0.215213E-01
3.14941,13.6901,-0.183960E-01
3.15002,13.6927,0.592540E-01
3.15063,13.6954,-0.614486E-01
3.15125,13.6980,0.451270E-01
3.15186,13.7007,0.550367E-01
3.15247,13.7034,0.615003E-01
3.15308,13.7060,-0.276341E-01
3.15369,13.7087,0.223190E-01
3.15430,13.7113,-0.115877
3.15491,13.7140,-0.196899E-01
3.15552,13.7166,0.993638E-01
3.15613,13.7193,-0.522379E-01
3.15674,13.7219,0.223343E-01
3.15735,13.7246,-0.804552E-01
3.15796,13.7272,0.442011E-01
3.15857,13.7299,-0.622630E-01
3.15918,13.7325,-0.184040E-01
3.15979,13.7352,-0.131946E-01
3.16040,13.7378,0.250125E-01
3.16101,13.7405,-0.589179E-01
3.16162,13.7431,0.973810E-01
3.16223,13.7458,0.368000E-01
3.16284,13.7485,0.252169E-01
3.16345,13.7511,-0.220717E-01
3.16406,13.7538,0.901423E-01
3.16467,13.7564,0.312711E-01
3.16528,13.7591,0.118116E-01
3.16589,13.7617,0.214590E-01
3.16650,13.7644,0.126959
3.16711,13.7670,-0.126758E-01
3.16772,13.7697,-0.473200E-01
3.16833,13.7723,0.651200E-01
3.16895,13.7750,-0.120904E-01
3.16956,13.7776,0.166863
3.17017,13.7803,0.173349
3.17078,13.7829,-0.132870E-02
3.17139,13.7856,-0.224738E-01
3.17200,13.7883,0.910714E-01
3.17261,13.7909,-0.361620E-01
3.17322,13.7936,0.442960E-02
3.17383,13.7962,-0.989552E-01
3.17444,13.7989,0.167863E-01
3.17505,13.8015,0.342006E-01
3.17566,13.8042,-0.126316
3.17627,13.8068,-0.159035E-01
3.17688,13.8095,-0.291121E-01
3.17749,13.8121,-0.281371E-01
3.17810,13.8148,-0.901438E-02
3.17871,13.8174,0.108293
3.17932,13.8201,-0.230095E-01
3.17993,13.8227,0.243540E-01
3.18054,13.8254,0.187769E-01
3.18115,13.8280,0.537581E-01
3.18176,13.8307,0.365211E-01
3.18237,13.8334,0.358806E-01
3.18298,13.8360,-0.491809E-03
3.18359,13.8387,0.217360E-01
3.18420,13.8413,0.124733E-01
3.18481,13.8440,0.448134E-01
3.18542,13.8466,0.199995E-01
3.18604,13.8493,0.780110E-01
3.18665,13.8519,-0.131060E-01
3.18726,13.8546,0.581901E-02
3.18787,13.8572,0.461953E-01
3.18848,13.8599,-0.218230E-01
3.18909,13.8625,-0.162351E-01
3.18970,13.8652,-0.325956E-01
3.19031,13.8678,0.381711E-01
3.19092,13.8705,-0.889763E-01
3.19153,13.8732,-0.276474E-01
3.19214,13.8758,-0.181276E-01
3.19275,13.8785,0.292351E-01
3.19336,13.8811,-0.288509E-01
3.19397,13.8838,0.731083E-01
3.19458,13.8864,0.258748
3.19519,13.8891,0.149999E-01
3.19580,13.8917,-0.284931E-01
3.19641,13.8944,-0.825335E-02
3.19702,13.8970,0.887884E-02
3.19763,13.8997,-0.254496E-01
3.19824,13.9023,-0.143751E-01
3.19885,13.9050,0.109339E-01
3.19946,13.9076,-0.206876E-01
3.20007,13.9103,0.146475E-01
3.20068,13.9129,-0.434775E-02
3.20129,13.9156,-0.162191E-01
3.20190,13.9183,0.142735E-01
3.20251,13.9209,-0.167185E-01
3.20312,13.9236,-0.831970E-02
3.20374,13.9262,-0.812290E-02
3.20435,13.9289,-0.486007E-01
3.20496,13.9315,0.187105
3.20557,13.9342,-0.429028E-01
3.20618,13.9368,-0.108773E-01
3.20679,13.9395,0.106735E-01
3.20740,13.9421,0.116273
3.20801,13.9448,-0.144622E-01
3.20862,13.9474,-0.155620
3.20923,13.9501,0.476130E-02
3.20984,13.9527,0.403455E-02
3.21045,13.9554,-0.860094E-02
3.21106,13.9581,0.283238E-01
3.21167,13.9607,0.349104E-01
3.21228,13.9634,0.612744E-02
3.21289,13.9660,0.542007E-01
3.21350,13.9687,-0.155083E-02
3.21411,13.9713,-0.289817E-02
3.21472,13.9740,-0.240154E-01
3.21533,13.9766,-0.678963E-01
3.21594,13.9793,0.213419E-01
3.21655,13.9819,0.530072E-01
3.21716,13.9846,0.675097E-02
3.21777,13.9872,-0.980904E-02
3.21838,13.9899,-0.476132E-01
3.21899,13.9925,-0.375276E-02
3.21960,13.9952,-0.310292E-01
3.22021,13.9978,0.610901E-01
3.22083,14.0005,0.142158E-01
3.22144,14.0032,0.413508E-01
3.22205,14.0058,-0.272656E-01
3.22266,14.0085,0.157754E-01
3.22327,14.0111,-0.127537E-01
3.22388,14.0138,0.282697E-01
3.22449,14.0164,0.236923E-01
3.22510,14.0191,-0.279126E-01
3.22571,14.0217,0.143868E-01
3.22632,14.0244,-0.362726E-01
3.22693,14.0270,-0.427685E-02
3.22754,14.0297,-0.290969E-01
3.22815,14.0323,0.564612E-02
3.22876,14.0350,-0.290672E-01
3.22937,14.0376,0.308103E-01
3.22998,14.0403,0.475613E-02
3.23059,14.0430,0.594359E-02
3.23120,14.0456,0.812733E-02
3.23181,14.0483,0.244668E-01
3.23242,14.0509,0.460199E-03
3.23303,14.0536,-0.131982E-01
3.23364,14.0562,0.154963
3.23425,14.0589,0.153750E-01
3.23486,14.0615,0.467306E-02
3.23547,14.0642,0.102061E-01
3.23608,14.0668,0.559388E-01
3.23669,14.0695,-0.126177E-01
3.23730,14.0721,0.101203E-01
3.23792,14.0748,0.530453E-01
3.23853,14.0774,-0.987825E-03
3.23914,14.0801,0.620926E-01
3.23975,14.0827,-0.145414E-01
3.24036,14.0854,0.128174E-01
3.24097,14.0881,-0.266882E-01
3.24158,14.0907,-0.791699E-02
3.24219,14.0934,-0.423243E-02
3.24280,14.0960,-0.630736E-02
3.24341,14.0987,0.796282E-02
3.24402,14.1013,0.172087E-01
3.24463,14.1040,-0.250051E-01
3.24524,14.1066,0.166879E-02
3.24585,14.1093,0.637128E-01
3.24646,14.1119,0.106319E-01
3.24707,14.1146,0.386705E-01
3.24768,14.1172,0.331188E-01
3.24829,14.1199,-0.562968E-02
3.24890,14.1225,0.400388E-01
3.24951,14.1252,0.291483E-01
3.25012,14.1279,0.428512E-01
3.25073,14.1305,-0.429026E-01
3.25134,14.1332,-0.118463E-01
3.25195,14.1358,0.358002E-01
3.25256,14.1385,0.994397E-02
3.25317,14.1411,-0.126896E-01
3.25378,14.1438,0.227194E-01
3.25439,14.1464,-0.194260E-01
3.25500,14.1491,-0.110321E-01
3.25562,14.1517,0.129460
3.25623,14.1544,0.155554E-02
3.25684,14.1570,0.179264E-01
3.25745,14.1597,0.632099E-02
3.25806,14.1623,0.834860E-02
3.25867,14.1650,0.395599E-01
3.25928,14.1676,-0.163162E-01
3.25989,14.1703,0.895027E-01
3.26050,14.1730,-0.177642E-01
3.26111,14.1756,-0.101473
3.26172,14.1783,0.146188E-01
3.26233,14.1809,0.112937
3.26294,14.1836,0.352390E-01
3.26355,14.1862,0.275739E-02
3.26416,14.1889,-0.556122E-01
3.26477,14.1915,-0.278311E-02
3.26538,14.1942,-0.119075E-02
3.26599,14.1968,-0.356016E-02
3.26660,14.1995,-0.847773E-02
3.26721,14.2021,0.185137E-01
3.26782,14.2048,-0.526995E-02
3.26843,14.2074,-0.140950E-01
3.26904,14.2101,0.203674E-01
3.26965,14.2127,-0.461004E-03
3.27026,14.2154,-0.122917E-01
3.27087,14.2181,-0.180099E-01
3.27148,14.2207,-0.374642E-01
3.27209,14.2234,0.396752E-01
3.27271,14.2260,0.110729E-02
3.27332,14.2287,-0.325090E-01
3.27393,14.2313,0.264829E-01
3.27454,14.2340,-0.278679E-01
3.27515,14.2366,-0.164493E-01
3.27576,14.2393,0.726144E-02
3.27637,14.2419,0.462978E-01
3.27698,14.2446,0.145233E-02
3.27759,14.2472,0.111537E-02
3.27820,14.2499,0.575840E-03
3.27881,14.2525,0.353241E-01
3.27942,14.2552,-0.207013E-01
3.28003,14.2579,0.405442E-01
3.28064,14.2605,-0.263060E-01
3.28125,14.2632,0.378858E-01
3.28186,14.2658,-0.140590E-02
3.28247,14.2685,-0.180200E-01
3.28308,14.2711,-0.447418E-01
3.28369,14.2738,0.299816E-02
3.28430,14.2764,0.545274E-01
3.28491,14.2791,0.146638E-01
3.28552,14.2817,0.130611E-01
3.28613,14.2844,-0.106250E-01
3.28674,14.2870,-0.335340E-02
3.28735,14.2897,0.421597E-01
3.28796,14.2923,-0.126487E-02
3.28857,14.2950,-0.994647E-03
3.28918,14.2976,0.477596E-02
3.28979,14.3003,0.757510E-01
3.29041,14.3030,0.112451
3.29102,14.3056,0.656412E-02
3.29163,14.3083,-0.232231E-01
3.29224,14.3109,-0.253453E-03
3.29285,14.3136,-0.761151E-01
3.29346,14.3162,-0.128821E-02
3.29407,14.3189,-0.837661E-02
3.29468,14.3215,-0.172906E-01
3.29529,14.3242,-0.181739E-01
3.29590,14.3268,-0.959180E-02
3.29651,14.3295,-0.202679E-01
3.29712,14.3321,0.307082E-02
3.29773,14.3348,-0.651623E-02
3.29834,14.3374,0.184792E-01
3.29895,14.3401,0.121409E-01
3.29956,14.3428,0.421498E-01
3.30017,14.3454,0.423290E-02
3.30078,14.3481,0.238782E-01
3.30139,14.3507,0.126637E-01
3.30200,14.3534,-0.609029E-02
3.30261,14.3560,-0.989772E-02
3.30322,14.3587,-0.136321E-01
3.30383,14.3613,-0.142382E-01
3.30444,14.3640,0.336474E-01
3.30505,14.3666,-0.339116E-01
3.30566,14.3693,0.163522E-01
3.30627,14.3719,-0.206215E-02
3.30688,14.3746,-0.314642E-01
3.30750,14.3772,0.736248E-02
3.30811,14.3799,0.469508E-02
3.30872,14.3825,-0.477544E-01
3.30933,14.3852,0.831575E-01
3.30994,14.3879,-0.448326E-01
3.31055,14.3905,-0.175955E-01
3.31116,14.3932,-0.191384E-01
3.31177,14.3958,0.336013E-01
3.31238,14.3985,-0.578365E-02
3.31299,14.4011,-0.154996E-01
3.31360,14.4038,0.167911E-01
3.31421,14.4064,0.737224E-02
3.31482,14.4091,-0.102839E-01
3.31543,14.4117,-0.117541E-01
3.31604,14.4144,-0.748929E-02
3.31665,14.4170,0.521881E-01
3.31726,14.4197,-0.103424
3.31787,14.4223,0.595003E-01
3.31848,14.4250,-0.724005E-02
3.31909,14.4277,0.801008E-01
3.31970,14.4303,-0.255576E-01
3.32031,14.4330,-0.190079E-01
3.32092,14.4356,0.141432E-01
3.32153,14.4383,0.301927E-01
3.32214,14.4409,-0.259601E-01
3.32275,14.4436,0.265893E-01
3.32336,14.4462,-0.572031E-01
3.32397,14.4489,0.293658E-01
3.32458,14.4515,-0.291719E-02
3.32520,14.4542,-0.884231E-02
3.32581,14.4568,0.426473E-02
3.32642,14.4595,-0.771183E-03
3.32703,14.4621,0.428499E-01
3.32764,14.4648,0.187715E-01
3.32825,14.4674,-0.232831E-02
3.32886,14.4701,0.263962E-01
3.32947,14.4728,-0.175514E-01
3.33008,14.4754,0.191486E-01
3.33069,14.4781,-0.154724E-01
3.33130,14.4807,-0.637044E-01
3.33191,14.4834,0.615349E-02
3.33252,14.4860,0.194594E-02
3.33313,14.4887,0.131048E-01
3.33374,14.4913,-0.818054E-01
3.33435,14.4940,0.555226E-01
3.33496,14.4966,0.315999E-01
3.33557,14.4993,-0.209089E-01
3.33618,14.5019,0.178373E-04
3.33679,14.5046,-0.749102E-01
3.33740,14.5072,-0.609401E-03
3.33801,14.5099,-0.363160E-01
3.33862,14.5126,0.333437E-02
3.33923,14.5152,-0.517943E-02
3.33984,14.5179,0.199473E-01
3.34045,14.5205,-0.262119E-01
3.34106,14.5232,0.740454E-02
3.34167,14.5258,-0.445065E-02
3.34229,14.5285,0.159374E-01
3.34290,14.5311,0.353391E-03
3.34351,14.5338,-0.737422E-01
3.34412,14.5364,0.405716E-01
3.34473,14.5391,-0.180665E-01
3.34534,14.5417,0.135694
3.34595,14.5444,-0.474566E-01
3.34656,14.5470,-0.188200E-01
3.34717,14.5497,0.197777E-01
3.34778,14.5523,-0.448369E-02
3.34839,14.5550,-0.156370E-01
3.34900,14.5577,0.446430E-01
3.34961,14.5603,0.746432E-01
3.35022,14.5630,0.201080E-01
3.35083,14.5656,0.106677E-01
3.35144,14.5683,0.126552
3.35205,14.5709,0.116154E-01
3.35266,14.5736,-0.672617E-02
3.35327,14.5762,0.469684E-01
3.35388,14.5789,0.678605E-02
3.35449,14.5815,-0.142199E-01
3.35510,14.5842,-0.472112E-01
3.35571,14.5868,-0.231213E-01
3.35632,14.5895,0.531063E-01
3.35693,14.5921,-0.161346E-01
3.35754,14.5948,0.116259E-01
3.35815,14.5975,0.509050E-02
3.35876,14.6001,-0.177566E-01
3.35938,14.6028,-0.255453E-02
3.35999,14.6054,0.123021E-01
3.36060,14.6081,-0.159997E-01
3.36121,14.6107,-0.161266E-01
3.36182,14.6134,0.106623E-01
3.36243,14.6160,-0.683984E-02
3.36304,14.6187,-0.297857E-01
3.36365,14.6213,0.982866E-02
3.36426,14.6240,0.549298E-01
3.36487,14.6266,0.340670E-02
3.36548,14.6293,-0.111467E-01
3.36609,14.6319,-0.532582E-01
3.36670,14.6346,0.651069E-01
3.36731,14.6372,-0.270411E-01
3.36792,14.6399,-0.985784E-01
3.36853,14.6426,0.130384
3.36914,14.6452,-0.304731E-01
3.36975,14.6479,0.144001
3.37036,14.6505,-0.934007E-02
3.37097,14.6532,-0.179205E-02
3.37158,14.6558,-0.577625E-01
3.37219,14.6585,0.130614E-01
3.37280,14.6611,-0.177289E-01
3.37341,14.6638,0.200988E-02
3.37402,14.6664,0.623426E-01
3.37463,14.6691,-0.514855E-01
3.37524,14.6717,-0.246930E-01
3.37585,14.6744,0.635491E-02
3.37646,14.6770,0.868790E-03
3.37708,14.6797,0.212496E-01
3.37769,14.6824,-0.188780E-01
3.37830,14.6850,0.255505E-01
3.37891,14.6877,0.116074
3.37952,14.6903,-0.754003E-01
3.38013,14.6930,0.857345E-02
3.38074,14.6956,0.516906E-01
3.38135,14.6983,0.737207E-01
3.38196,14.7009,0.170907E-01
3.38257,14.7036,0.120251E-01
3.38318,14.7062,-0.227524E-01
3.38379,14.7089,0.302840E-01
3.38440,14.7115,0.841439E-04
3.38501,14.7142,-0.407476E-01
3.38562,14.7168,-0.695611E-01
3.38623,14.7195,0.277030E-01
3.38684,14.7221,-0.290185E-01
3.38745,14.7248,-0.884844E-01
3.38806,14.7275,-0.155067E-01
3.38867,14.7301,0.489600E-02
3.38928,14.7328,0.365911E-01
3.38989,14.7354,0.250908E-02
3.39050,14.7381,-0.799963E-02
3.39111,14.7407,0.141653E-01
3.39172,14.7434,-0.580329E-05
3.39233,14.7460,-0.101119
3.39294,14.7487,-0.101233E-01
3.39355,14.7513,0.104369E-01
3.39417,14.7540,0.498564E-01
3.39478,14.7566,0.236761E-01
3.39539,14.7593,0.753771E-02
3.39600,14.7619,0.148942E-01
3.39661,14.7646,0.423994E-01
3.39722,14.7673,-0.634183E-02
3.39783,14.7699,-0.485928E-02
3.39844,14.7726,-0.909821E-02
3.39905,14.7752,-0.218254E-01
3.39966,14.7779,-0.263547E-02
3.40027,14.7805,-0.164659E-01
3.40088,14.7832,-0.126979E-01
3.40149,14.7858,-0.469912E-01
3.40210,14.7885,0.477553E-01
3.40271,14.7911,0.604603E-01
3.40332,14.7938,0.195806E-02
3.40393,14.7964,-0.526390E-01
3.40454,14.7991,0.272214E-01
3.40515,14.8017,0.100035
3.40576,14.8044,-0.526410E-01
3.40637,14.8070,-0.246242E-01
3.40698,14.8097,-0.141267E-01
3.40759,14.8124,-0.347561E-01
3.40820,14.8150,-0.301488E-01
3.40881,14.8177,-0.591816E-01
3.40942,14.8203,0.809168E-01
3.41003,14.8230,0.522009E-02
3.41064,14.8256,0.696916E-02
3.41125,14.8283,0.417135E-01
3.41187,14.8309,-0.407564E-02
3.41248,14.8336,-0.322073E-01
3.41309,14.8362,0.137244E-01
3.41370,14.8389,0.242352E-01
3.41431,14.8415,0.383283E-02
3.41492,14.8442,0.231956E-01
3.41553,14.8468,0.305819E-01
3.41614,14.8495,0.188862E-01
3.41675,14.8522,0.391086E-01
3.41736,14.8548,0.138308E-01
3.41797,14.8575,0.647193E-03
3.41858,14.8601,0.645154E-02
3.41919,14.8628,0.152340E-01
3.41980,14.8654,0.702260E-01
3.42041,14.8681,-0.195300E-01
3.42102,14.8707,-0.259683E-01
3.42163,14.8734,0.245721E-02
3.42224,14.8760,-0.539653E-01
3.42285,14.8787,-0.567160E-02
3.42346,14.8813,-0.181840E-01
3.42407,14.8840,-0.100927
3.42468,14.8866,0.118543
3.42529,14.8893,-0.547267E-01
3.42590,14.8919,0.106507E-01
3.42651,14.8946,0.708951E-01
3.42712,14.8973,-0.362583E-01
3.42773,14.8999,-0.419379E-02
3.42834,14.9026,0.758465E-01
3.42896,14.9052,0.423687E-01
3.42957,14.9079,-0.412887E-01
3.43018,14.9105,0.602659E-02
3.43079,14.9132,0.306050E-02
3.43140,14.9158,-0.202291E-01
3.43201,14.9185,-0.138151E-01
3.43262,14.9211,-0.154644E-02
3.43323,14.9238,0.453286E-02
3.43384,14.9264,0.153452E-01
3.43445,14.9291,0.115303E-01
3.43506,14.9317,-0.884195E-02
3.43567,14.9344,0.212267E-01
3.43628,14.9371,-0.222587E-01
3.43689,14.9397,-0.194802E-01
3.43750,14.9424,0.123126E-01
3.43811,14.9450,-0.422879E-01
3.43872,14.9477,-0.547273E-01
3.43933,14.9503,-0.547203E-01
3.43994,14.9530,0.309008E-02
3.44055,14.9556,-0.132701
3.44116,14.9583,-0.128031E-01
3.44177,14.9609,-0.185173E-01
3.44238,14.9636,-0.113785E-02
3.44299,14.9662,0.116349E-02
3.44360,14.9689,-0.313804E-01
3.44421,14.9715,-0.416374E-01
3.44482,14.9742,0.693275E-02
3.44543,14.9768,-0.118746E-01
3.44604,14.9795,0.258390E-01
3.44666,14.9822,-0.197515E-02
3.44727,14.9848,-0.125110
3.44788,14.9875,0.376684E-01
3.44849,14.9901,-0.129256E-02
3.44910,14.9928,-0.375973E-01
3.44971,14.9954,-0.415136E-02
3.45032,14.9981,-0.163770E-01
3.45093,15.0007,0.550368E-01
3.45154,15.0034,-0.128819E-01
3.45215,15.0060,0.687847E-01
3.45276,15.0087,-0.282836E-02
3.45337,15.0113,-0.144170E-02
3.45398,15.0140,0.264474E-01
3.45459,15.0166,0.125206E-01
3.45520,15.0193,-0.567988E-01
3.45581,15.0220,-0.115340E-01
3.45642,15.0246,-0.387618E-01
3.45703,15.0273,-0.592227E-02
3.45764,15.0299,0.450852E-01
3.45825,15.0326,0.932747E-02
3.45886,15.0352,-0.323037E-01
3.45947,15.0379,0.990880E-02
3.46008,15.0405,0.473640E-01
3.46069,15.0432,0.605977E-02
3.46130,15.0458,0.685558E-03
3.46191,15.0485,0.556890E-02
3.46252,15.0511,0.102985E-01
3.46313,15.0538,-0.481841E-01
3.46375,15.0564,-0.725984E-03
3.46436,15.0591,-0.137337
3.46497,15.0617,-0.253180E-01
3.46558,15.0644,0.822817E-02
3.46619,15.0671,-0.211358E-01
3.46680,15.0697,-0.366033E-01
3.46741,15.0724,-0.298336E-03
3.46802,15.0750,0.381270E-01
3.46863,15.0777,-0.407587E-01
3.46924,15.0803,0.279783E-01
3.46985,15.0830,0.197281E-02
3.47046,15.0856,0.477411E-01
3.47107,15.0883,0.629752E-01
3.47168,15.0909,-0.153829E-01
3.47229,15.0936,0.516146E-01
3.47290,15.0962,-0.471833E-01
3.47351,15.0989,0.168699E-01
3.47412,15.1015,0.237133E-01
3.47473,15.1042,-0.149403E-01
3.47534,15.1069,0.434018E-01
3.47595,15.1095,0.126432E-02
3.47656,15.1122,-0.326071E-02
3.47717,15.1148,0.389527E-01
3.47778,15.1175,0.292032E-01
3.47839,15.1201,0.109723
3.47900,15.1228,0.134356E-01
3.47961,15.1254,0.925791E-02
3.48022,15.1281,-0.418050E-01
3.48083,15.1307,-0.116540E-01
3.48145,15.1334,-0.737554E-02
3.48206,15.1360,-0.438739E-01
3.48267,15.1387,-0.280485E-01
3.48328,15.1413,-0.637761E-01
3.48389,15.1440,0.922046E-01
3.48450,15.1466,-0.127009E-01
3.48511,15.1493,-0.673319E-01
3.48572,15.1520,0.335424E-02
3.48633,15.1546,0.428000E-01
3.48694,15.1573,0.145292E-01
3.48755,15.1599,-0.146589E-02
3.48816,15.1626,-0.641681E-01
3.48877,15.1652,-0.168928E-01
3.48938,15.1679,0.130652E-01
3.48999,15.1705,-0.147580
3.49060,15.1732,-0.230170E-01
3.49121,15.1758,-0.736703E-02
3.49182,15.1785,0.305952E-01
3.49243,15.1811,-0.523854E-01
3.49304,15.1838,0.807573E-01
3.49365,15.1864,0.324645E-01
3.49426,15.1891,0.155592E-01
3.49487,15.1918,0.712251E-02
3.49548,15.1944,0.192682
3.49609,15.1971,0.219011E-01
3.49670,15.1997,0.520505E-01
3.49731,15.2024,0.891029E-01
3.49792,15.2050,0.664362E-01
3.49854,15.2077,-0.125121E-01
3.49915,15.2103,-0.411199E-01
3.49976,15.2130,0.859541E-02
3.50037,15.2156,0.288487E-01
3.50098,15.2183,-0.108036E-02
3.50159,15.2209,-0.190173E-01
3.50220,15.2236,0.831705E-02
3.50281,15.2262,0.215369E-01
3.50342,15.2289,-0.247614E-01
3.50403,15.2315,0.375939E-01
3.50464,15.2342,-0.349956E-01
3.50525,15.2369,-0.998642E-02
3.50586,15.2395,-0.109883E-01
3.50647,15.2422,0.922613E-01
3.50708,15.2448,-0.684517E-01
3.50769,15.2475,-0.125281E-01
3.50830,15.2501,0.693371E-01
3.50891,15.2528,-0.110210E-02
3.50952,15.2554,0.292154E-01
3.51013,15.2581,-0.195432E-01
3.51074,15.2607,-0.409799E-01
3.51135,15.2634,-0.175969E-01
3.51196,15.2660,0.256903E-01
3.51257,15.2687,0.529373E-01
3.51318,15.2713,0.176008E-01
3.51379,15.2740,-0.349151E-01
3.51440,15.2766,0.497365E-01
3.51501,15.2793,0.340792E-01
3.51562,15.2820,-0.163233E-01
3.51624,15.2846,0.594341E-01
3.51685,15.2873,-0.290641E-01
3.51746,15.2899,0.255150E-01
3.51807,15.2926,-0.724608E-02
3.51868,15.2952,0.198660E-01
3.51929,15.2979,-0.845270E-02
3.51990,15.3005,0.908639E-01
3.52051,15.3032,-0.548959E-02
3.52112,15.3058,-0.464328E-01
3.52173,15.3085,0.693379E-01
3.52234,15.3111,-0.319157E-01
3.52295,15.3138,0.335764E-02
3.52356,15.3164,-0.111131
3.52417,15.3191,-0.144917E-01
3.52478,15.3218,0.404547E-01
3.52539,15.3244,0.548461E-01
3.52600,15.3271,0.175089E-02
3.52661,15.3297,-0.350274E-01
3.52722,15.3324,0.264929E-01
3.52783,15.3350,-0.169210E-01
3.52844,15.3377,-0.386749E-01
3.52905,15.3403,-0.452943E-01
3.52966,15.3430,0.138620E-01
3.53027,15.3456,-0.142260E-01
3.53088,15.3483,0.138762
3.53149,15.3509,0.206636E-01
3.53210,15.3536,-0.187276E-01
3.53271,15.3562,-0.194121E-01
3.53333,15.3589,0.407776E-01
3.53394,15.3615,-0.123721E-01
3.53455,15.3642,-0.182365E-01
3.53516,15.3669,-0.402364E-02
3.53577,15.3695,0.396633E-03
3.53638,15.3722,0.409716E-01
3.53699,15.3748,-0.225579E-01
3.53760,15.3775,-0.235116E-01
3.53821,15.3801,-0.643461E-02
3.53882,15.3828,0.493754E-01
3.53943,15.3854,0.876610E-02
3.54004,15.3881,0.550433E-01
3.54065,15.3907,0.509018E-01
3.54126,15.3934,0.378165E-01
3.54187,15.3960,0.803383E-02
3.54248,15.3987,-0.535046E-02
3.54309,15.4013,0.161183E-01
3.54370,15.4040,0.308393E-01
3.54431,15.4067,0.134597E-01
3.54492,15.4093,0.292507E-01
3.54553,15.4120,0.895264E-02
3.54614,15.4146,-0.478036E-01
3.54675,15.4173,0.894031E-02
3.54736,15.4199,0.270376E-01
3.54797,15.4226,-0.159595E-01
3.54858,15.4252,0.128669
3.54919,15.4279,0.282618E-01
3.54980,15.4305,-0.634148E-01
3.55042,15.4332,0.518447E-01
3.55103,15.4358,0.738407E-02
3.55164,15.4385,-0.616171E-02
3.55225,15.4411,0.598858E-02
3.55286,15.4438,-0.952548E-02
3.55347,15.4464,0.652389E-02
3.55408,15.4491,-0.328105E-01
3.55469,15.4518,0.313430E-02
3.55530,15.4544,0.223111E-01
3.55591,15.4571,0.805239E-01
3.55652,15.4597,-0.293140E-01
3.55713,15.4624,-0.227760E-01
3.55774,15.4650,-0.191311E-01
3.55835,15.4677,-0.503906E-01
3.55896,15.4703,0.183608E-01
3.55957,15.4730,0.125381E-02
3.56018,15.4756,0.534135E-01
3.56079,15.4783,-0.421516E-01
3.56140,15.4809,0.188123E-01
3.56201,15.4836,-0.307925E-02
3.56262,15.4862,-0.302644E-01
3.56323,15.4889,0.176470E-01
3.56384,15.4916,0.282702E-02
3.56445,15.4942,-0.531270E-01
3.56506,15.4969,0.267612E-03
3.56567,15.4995,-0.771972E-04
3.56628,15.5022,-0.237342E-01
3.56689,15.5048,0.261011E-02
3.56750,15.5075,-0.628566E-01
3.56812,15.5101,0.118280E-01
3.56873,15.5128,0.115669E-01
3.56934,15.5154,0.162019E-01
3.56995,15.5181,0.169925E-02
3.57056,15.5207,-0.211576E-01
3.57117,15.5234,0.387115E-01
3.57178,15.5260,-0.304816E-01
3.57239,15.5287,-0.111598E-01
3.57300,15.5313,-0.137630E-01
3.57361,15.5340,-0.279853E-01
3.57422,15.5367,-0.147815
3.57483,15.5393,0.675738E-02
3.57544,15.5420,0.261539E-01
3.57605,15.5446,-0.153972E-01
3.57666,15.5473,-0.928560E-02
3.57727,15.5499,0.374438E-02
3.57788,15.5526,0.276944E-01
3.57849,15.5552,-0.170412E-01
3.57910,15.5579,-0.421559E-01
3.57971,15.5605,0.582008E-02
3.58032,15.5632,-0.688337E-02
3.58093,15.5658,-0.157107E-02
3.58154,15.5685,-0.136801E-01
3.58215,15.5711,0.410005E-01
3.58276,15.5738,0.835267E-01
3.58337,15.5765,-0.627193E-01
3.58398,15.5791,-0.435769E-01
3.58459,15.5818,0.431738E-01
3.58521,15.5844,0.125065E-01
3.58582,15.5871,-0.500219E-01
3.58643,15.5897,0.103986
3.58704,15.5924,-0.350780E-02
3.58765,15.5950,-0.186323E-02
3.58826,15.5977,0.445943E-01
3.58887,15.6003,-0.146037
3.58948,15.6030,0.270113E-01
3.59009,15.6056,0.166498E-01
3.59070,15.6083,-0.197298E-01
3.59131,15.6109,-0.272222E-02
3.59192,15.6136,-0.333666E-01
3.59253,15.6162,-0.153413E-02
3.59314,15.6189,-0.112020E-01
3.59375,15.6216,-0.146104E-01
3.59436,15.6242,-0.224790E-01
3.59497,15.6269,-0.183725E-01
3.59558,15.6295,0.418498E-01
3.59619,15.6322,0.127204E-01
3.59680,15.6348,0.275935E-01
3.59741,15.6375,-0.204357E-01
3.59802,15.6401,-0.147644E-01
3.59863,15.6428,-0.865996E-03
3.59924,15.6454,-0.371640E-01
3.59985,15.6481,0.404272E-01
3.60046,15.6507,0.198652E-01
3.60107,15.6534,0.207010E-02
3.60168,15.6560,0.149185E-01
3.60229,15.6587,-0.406432E-01
3.60291,15.6614,-0.163860E-01
3.60352,15.6640,0.202400E-02
3.60413,15.6667,-0.182102E-01
3.60474,15.6693,0.428965E-01
3.60535,15.6720,-0.200727E-01
3.60596,15.6746,-0.100244E-01
3.60657,15.6773,0.427295E-01
3.60718,15.6799,0.922302E-02
3.60779,15.6826,0.662667E-02
3.60840,15.6852,0.111878
3.60901,15.6879,0.230560E-01
3.60962,15.6905,0.508823E-02
3.61023,15.6932,0.899740E-01
3.61084,15.6958,0.111197E-01
3.61145,15.6985,-0.759753E-01
3.61206,15.7011,0.248144E-01
3.61267,15.7038,-0.399041E-02
3.61328,15.7065,0.180345E-01
3.61389,15.7091,0.294845E-01
3.61450,15.7118,-0.377467E-01
3.61511,15.7144,0.177658E-02
3.61572,15.7171,-0.560759E-02
3.61633,15.7197,-0.172304E-01
3.61694,15.7224,0.958632E-03
3.61755,15.7250,0.136004E-01
3.61816,15.7277,-0.115904E-01
3.61877,15.7303,-0.855187E-02
3.61938,15.7330,-0.170847E-01
3.62000,15.7356,0.129887E-01
3.62061,15.7383,0.263074E-01
3.62122,15.7409,0.256960E-01
3.62183,15.7436,0.523505E-03
3.62244,15.7463,-0.559305E-02
3.62305,15.7489,0.192192E-02
3.62366,15.7516,0.249603E-02
3.62427,15.7542,0.966792E-01
3.62488,15.7569,0.915757E-02
3.62549,15.7595,0.384434E-01
3.62610,15.7622,0.266249E-01
3.62671,15.7648,-0.167517E-01
3.62732,15.7675,0.159814E-01
3.62793,15.7701,0.407858E-01
3.62854,15.7728,-0.314515E-01
3.62915,15.7754,0.129204E-01
3.62976,15.7781,0.203737E-01
3.63037,15.7807,0.106446E-01
3.63098,15.7834,-0.121982E-01
3.63159,15.7860,0.265229E-02
3.63220,15.7887,-0.307263E-02
3.63281,15.7914,0.137199E-01
3.63342,15.7940,0.211230E-01
3.63403,15.7967,-0.157734E-01
3.63464,15.7993,0.136264E-01
3.63525,15.8020,-0.196849E-01
3.63586,15.8046,0.186522E-01
3.63647,15.8073,-0.904297E-01
3.63708,15.8099,0.692222E-02
3.63770,15.8126,-0.229511E-02
3.63831,15.8152,0.692591E-02
3.63892,15.8179,0.545456E-02
3.63953,15.8205,-0.183194E-01
3.64014,15.8232,0.381051E-01
3.64075,15.8258,-0.173579E-01
3.64136,15.8285,0.102967E-01
3.64197,15.8312,0.788411E-02
3.64258,15.8338,-0.473974E-02
3.64319,15.8365,0.395921E-01
3.64380,15.8391,0.168076E-01
3.64441,15.8418,0.380028E-01
3.64502,15.8444,0.362249E-01
3.64563,15.8471,0.118028
3.64624,15.8497,-0.182522E-02
3.64685,15.8524,-0.344582E-02
3.64746,15.8550,-0.135982E-01
3.64807,15.8577,0.723476E-01
3.64868,15.8603,0.389499E-02
3.64929,15.8630,0.578412E-01
3.64990,15.8656,-0.102349E-01
3.65051,15.8683,-0.533037E-02
3.65112,15.8709,0.226842E-01
3.65173,15.8736,-0.334350E-01
3.65234,15.8763,0.637409E-01
3.65295,15.8789,0.611971E-01
3.65356,15.8816,0.112834E-01
3.65417,15.8842,-0.289274E-02
3.65479,15.8869,-0.645354E-01
3.65540,15.8895,-0.387544E-01
3.65601,15.8922,0.345992E-02
3.65662,15.8948,-0.508486E-01
3.65723,15.8975,0.558163E-01
3.65784,15.9001,-0.265755E-01
3.65845,15.9028,-0.260920E-01
3.65906,15.9054,-0.321689E-01
3.65967,15.9081,-0.211639E-01
3.66028,15.9107,0.475140E-01
3.66089,15.9134,-0.667393E-01
3.66150,15.9161,-0.905669E-02
3.66211,15.9187,0.224996E-01
3.66272,15.9214,0.718826E-01
3.66333,15.9240,-0.126698E-01
3.66394,15.9267,-0.435452E-01
3.66455,15.9293,-0.780641E-03
3.66516,15.9320,-0.135744E-01
3.66577,15.9346,0.365480E-02
3.66638,15.9373,-0.305084E-01
3.66699,15.9399,0.277657E-01
3.66760,15.9426,-0.362432E-01
3.66821,15.9452,-0.313099E-01
3.66882,15.9479,-0.194752E-01
3.66943,15.9505,-0.974731E-01
3.67004,15.9532,-0.850486E-02
3.67065,15.9558,0.976053E-02
3.67126,15.9585,-0.551328E-01
3.67188,15.9612,0.335988E-02
3.67249,15.9638,0.285858E-01
3.67310,15.9665,-0.184757E-01
3.67371,15.9691,0.197376E-01
3.67432,15.9718,0.148040E-01
3.67493,15.9744,-0.733123E-02
3.67554,15.9771,0.423528E-01
3.67615,15.9797,-0.161077E-01
3.67676,15.9824,0.513034E-01
3.67737,15.9850,0.201221E-03
3.67798,15.9877,0.461267E-01
3.67859,15.9903,0.441656E-02
3.67920,15.9930,0.321940E-02
3.67981,15.9956,0.363940E-02
3.68042,15.9983,0.126083E-01
3.68103,16.0010,0.805463E-01
3.68164,16.0036,0.109806
3.68225,16.0063,-0.333446E-01
3.68286,16.0089,-0.576699E-02
3.68347,16.0116,0.161198E-01
3.68408,16.0142,0.148008E-03
3.68469,16.0169,0.450672E-01
3.68530,16.0195,0.421073E-01
3.68591,16.0222,0.293365E-01
3.68652,16.0248,-0.116663E-03
3.68713,16.0275,0.535189E-01
3.68774,16.0301,-0.792106E-01
3.68835,16.0328,-0.909337E-02
3.68896,16.0354,0.776648E-02
3.68958,16.0381,0.102615E-01
3.69019,16.0407,-0.587658E-01
3.69080,16.0434,0.260235E-01
3.69141,16.0461,-0.369814E-03
3.69202,16.0487,-0.435692E-01
3.69263,16.0514,-0.697285E-01
3.69324,16.0540,0.213039E-01
3.69385,16.0567,0.363914E-01
3.69446,16.0593,0.216163E-01
3.69507,16.0620,0.223353E-01
3.69568,16.0646,-0.155766E-01
3.69629,16.0673,0.106033E-01
3.69690,16.0699,0.232795E-01
3.69751,16.0726,0.956944E-02
3.69812,16.0752,-0.304200E-01
3.69873,16.0779,-0.372449E-02
3.69934,16.0805,0.583075E-01
3.69995,16.0832,-0.322147E-01
3.70056,16.0859,-0.143592E-02
3.70117,16.0885,0.331581E-01
3.70178,16.0912,0.383965E-01
3.70239,16.0938,0.533807E-01
3.70300,16.0965,-0.522923E-02
3.70361,16.0991,-0.544105E-01
3.70422,16.1018,-0.427430E-01
3.70483,16.1044,0.210037E-01
3.70544,16.1071,-0.568798E-01
3.70605,16.1097,-0.476360E-02
3.70667,16.1124,0.399656E-01
3.70728,16.1150,-0.395058E-01
3.70789,16.1177,-0.125172E-01
3.70850,16.1203,0.110221E-01
3.70911,16.1230,-0.964804E-03
3.70972,16.1256,-0.863280E-02
3.71033,16.1283,-0.528803E-02
3.71094,16.1310,-0.213962E-02
3.71155,16.1336,-0.573709E-02
3.71216,16.1363,-0.611975E-04
3.71277,16.1389,0.351096E-01
3.71338,16.1416,-0.204078E-01
3.71399,16.1442,0.287285E-01
3.71460,16.1469,-0.861028E-01
3.71521,16.1495,0.125633E-01
3.71582,16.1522,-0.543190E-02
3.71643,16.1548,-0.668608E-02
3.71704,16.1575,0.238887E-01
3.71765,16.1601,-0.316949E-01
3.71826,16.1628,0.110195E-01
3.71887,16.1654,0.973631E-02
3.71948,16.1681,-0.356731E-01
3.72009,16.1708,0.151038E-01
3.72070,16.1734,0.328146E-02
3.72131,16.1761,0.121321E-01
3.72192,16.1787,-0.395743E-01
3.72253,16.1814,-0.769664E-01
3.72314,16.1840,-0.153967E-01
3.72375,16.1867,-0.163426E-01
3.72437,16.1893,0.259773E-01
3.72498,16.1920,0.271674E-02
3.72559,16.1946,0.416606E-02
3.72620,16.1973,-0.475624E-02
3.72681,16.1999,-0.469182E-01
3.72742,16.2026,0.129946
3.72803,16.2052,-0.844601E-02
3.72864,16.2079,0.329542E-01
3.72925,16.2105,0.111610E-01
3.72986,16.2132,-0.114345E-01
3.73047,16.2159,0.153887E-01
3.73108,16.2185,0.726035E-02
3.73169,16.2212,-0.414879E-01
3.73230,16.2238,0.167417E-01
3.73291,16.2265,-0.129240E-01
3.73352,16.2291,-0.211875E-01
3.73413,16.2318,0.158710E-01
3.73474,16.2344,-0.263047E-01
3.73535,16.2371,0.278275E-02
3.73596,16.2397,-0.854472E-02
3.73657,16.2424,0.286711E-01
3.73718,16.2450,-0.263503E-01
3.73779,16.2477,-0.221389E-02
3.73840,16.2503,0.305259E-01
3.73901,16.2530,-0.413781E-01
3.73962,16.2557,-0.761460E-02
3.74023,16.2583,-0.136552E-01
3.74084,16.2610,0.338010E-02
3.74146,16.2636,-0.314545E-01
3.74207,16.2663,-0.979698E-02
3.74268,16.2689,0.207746E-02
3.74329,16.2716,-0.125153
3.74390,16.2742,-0.199940E-01
3.74451,16.2769,-0.949171E-02
3.74512,16.2795,-0.177006E-01
3.74573,16.2822,-0.748075E-02
3.74634,16.2848,-0.133082E-01
3.74695,16.2875,0.720263E-01
3.74756,16.2901,-0.197437E-01
3.74817,16.2928,0.380710E-01
3.74878,16.2954,-0.454747E-01
3.74939,16.2981,-0.881752E-02
3.75000,16.3008,-0.172555E-01
3.75061,16.3034,-0.110335E-01
3.75122,16.3061,0.242399E-01
3.75183,16.3087,0.162708E-01
3.75244,16.3114,-0.208160E-01
3.75305,16.3140,0.267715E-01
3.75366,16.3167,0.418907E-02
3.75427,16.3193,-0.474390E-01
3.75488,16.3220,0.383397E-01
3.75549,16.3246,0.562782E-02
3.75610,16.3273,0.726874E-02
3.75671,16.3299,-0.339956E-02
3.75732,16.3326,-0.242575E-01
3.75793,16.3352,-0.770765E-02
3.75854,16.3379,0.971049E-02
3.75916,16.3406,0.119224E-02
3.75977,16.3432,-0.212290E-01
3.76038,16.3459,-0.190041E-01
3.76099,16.3485,0.191921E-01
3.76160,16.3512,-0.531078E-02
3.76221,16.3538,0.128168E-01
3.76282,16.3565,0.171165E-01
3.76343,16.3591,0.940422E-01
3.76404,16.3618,-0.268345E-03
3.76465,16.3644,0.872515E-01
3.76526,16.3671,0.499344E-01
3.76587,16.3697,-0.208242E-01
3.76648,16.3724,0.433582E-02
3.76709,16.3750,0.104836E-01
3.76770,16.3777,0.424512E-01
3.76831,16.3803,-0.135817E-01
3.76892,16.3830,-0.503036E-01
3.76953,16.3857,-0.478962E-02
3.77014,16.3883,0.436008E-02
3.77075,16.3910,0.103197E-01
3.77136,16.3936,0.185455E-01
3.77197,16.3963,-0.384711E-02
3.77258,16.3989,-0.395662E-01
3.77319,16.4016,0.487386E-01
3.77380,16.4042,0.123043E-01
3.77441,16.4069,0.579477E-02
3.77502,16.4095,-0.413027E-02
3.77563,16.4122,-0.393395E-01
3.77625,16.4148,0.257622E-01
3.77686,16.4175,-0.449700E-01
3.77747,16.4201,-0.202203E-01
3.77808,16.4228,0.926035E-03
3.77869,16.4254,0.328114E-01
3.77930,16.4281,-0.126487E-02
3.77991,16.4308,-0.396617E-01
3.78052,16.4334,-0.616477E-02
3.78113,16.4361,-0.484543E-01
3.78174,16.4387,-0.468229E-02
3.78235,16.4414,-0.510262E-01
3.78296,16.4440,-0.181201E-01
3.78357,16.4467,0.632421E-02
3.78418,16.4493,-0.119597E-01
3.78479,16.4520,0.192746E-01
3.78540,16.4546,-0.127882
3.78601,16.4573,-0.547904E-02
3.78662,16.4599,0.128322E-01
3.78723,16.4626,0.988624E-01
3.78784,16.4652,0.414134E-02
3.78845,16.4679,0.155725E-01
3.78906,16.4706,0.629281E-02
3.78967,16.4732,-0.495927E-02
3.79028,16.4759,0.595465E-02
3.79089,16.4785,0.231088E-02
3.79150,16.4812,0.102372E-01
3.79211,16.4838,0.471625E-01
3.79272,16.4865,0.284095E-01
3.79333,16.4891,-0.221191E-01
3.79395,16.4918,0.461907E-01
3.79456,16.4944,-0.220336E-01
3.79517,16.4971,-0.338337E-01
3.79578,16.4997,-0.130073E-01
3.79639,16.5024,-0.397692E-02
3.79700,16.5050,0.519104E-01
3.79761,16.5077,-0.220968E-01
3.79822,16.5103,0.187206E-02
3.79883,16.5130,0.104710E-01
3.79944,16.5157,0.438256E-01
3.80005,16.5183,0.222060E-02
3.80066,16.5210,-0.868516E-02
3.80127,16.5236,0.215112E-01
3.80188,16.5263,-0.550671E-01
3.80249,16.5289,-0.634564E-02
3.80310,16.5316,0.115545E-02
3.80371,16.5342,-0.801340E-02
3.80432,16.5369,0.524112E-01
3.80493,16.5395,0.649066E-02
3.80554,16.5422,0.758031E-02
3.80615,16.5448,-0.591059E-01
3.80676,16.5475,0.967425E-01
3.80737,16.5501,0.303369E-01
3.80798,16.5528,0.860254E-02
3.80859,16.5555,0.878892E-02
3.80920,16.5581,-0.303763E-01
3.80981,16.5608,0.306425E-01
3.81042,16.5634,-0.991291E-02
3.81104,16.5661,0.531060E-01
3.81165,16.5687,-0.523477E-01
3.81226,16.5714,0.550721E-02
3.81287,16.5740,-0.419338E-01
3.81348,16.5767,0.104341
3.81409,16.5793,0.535313E-01
3.81470,16.5820,0.134913E-01
3.81531,16.5846,0.348871E-03
3.81592,16.5873,0.549111E-01
3.81653,16.5899,-0.747573E-02
3.81714,16.5926,-0.382384E-02
3.81775,16.5952,0.117277E-02
3.81836,16.5979,0.758783E-02
3.81897,16.6006,0.259999E-01
3.81958,16.6032,0.298964E-02
3.82019,16.6059,-0.302929E-01
3.82080,16.6085,0.209784E-01
3.82141,16.6112,-0.171490E-02
3.82202,16.6138,0.179356E-01
3.82263,16.6165,-0.198464E-01
3.82324,16.6191,-0.373706E-01
3.82385,16.6218,-0.147093E-01
3.82446,16.6244,-0.299190E-01
3.82507,16.6271,0.135157E-01
3.82568,16.6297,0.161054E-01
3.82629,16.6324,-0.318591E-02
3.82690,16.6350,-0.872115E-02
3.82751,16.6377,0.395225E-02
3.82812,16.6404,0.380755E-01
3.82874,16.6430,-0.286046E-01
3.82935,16.6457,0.303093E-02
3.82996,16.6483,-0.403894E-01
3.83057,16.6510,0.129694E-02
3.83118,16.6536,-0.266669E-01
3.83179,16.6563,0.182787E-01
3.83240,16.6589,-0.262600E-01
3.83301,16.6616,-0.343518E-01
3.83362,16.6642,-0.144364E-01
3.83423,16.6669,-0.315404E-02
3.83484,16.6695,0.609760E-02
3.83545,16.6722,0.266171E-01
3.83606,16.6748,-0.279612E-01
3.83667,16.6775,0.267600E-01
3.83728,16.6801,0.196583E-01
3.83789,16.6828,0.778189E-02
3.83850,16.6855,0.403529E-01
3.83911,16.6881,-0.534994E-02
3.83972,16.6908,0.321055E-02
3.84033,16.6934,0.298248E-01
3.84094,16.6961,-0.193097E-01
3.84155,16.6987,0.410763E-01
3.84216,16.7014,-0.123474E-01
3.84277,16.7040,-0.620245E-01
3.84338,16.7067,0.165953E-02
3.84399,16.7093,0.114208E-01
3.84460,16.7120,-0.712798E-02
3.84521,16.7146,0.295082E-01
3.84583,16.7173,0.501075E-02
3.84644,16.7199,0.636565E-01
3.84705,16.7226,-0.127919E-01
3.84766,16.7253,0.136236E-01
3.84827,16.7279,0.695558E-01
3.84888,16.7306,-0.231978E-01
3.84949,16.7332,-0.301976E-01
3.85010,16.7359,0.543534E-01
3.85071,16.7385,-0.685279E-01
3.85132,16.7412,0.130530E-01
3.85193,16.7438,-0.479580E-01
3.85254,16.7465,0.806798E-02
3.85315,16.7491,-0.908705E-02
3.85376,16.7518,0.443897E-01
3.85437,16.7544,0.504212E-01
3.85498,16.7571,-0.264637E-01
3.85559,16.7597,0.127035E-01
3.85620,16.7624,0.344729E-01
3.85681,16.7650,-0.391120E-01
3.85742,16.7677,-0.163783E-02
3.85803,16.7704,0.194173E-01
3.85864,16.7730,-0.518486E-01
3.85925,16.7757,-0.663029E-02
3.85986,16.7783,0.651655E-02
3.86047,16.7810,0.739940E-01
3.86108,16.7836,0.149469E-01
3.86169,16.7863,0.427575E-02
3.86230,16.7889,0.506660E-02
3.86292,16.7916,-0.162770E-01
3.86353,16.7942,0.194863E-02
3.86414,16.7969,-0.246051E-01
3.86475,16.7995,0.400619E-01
3.86536,16.8022,0.306731E-01
3.86597,16.8048,0.325360E-01
3.86658,16.8075,-0.368726E-02
3.86719,16.8102,-0.277553E-01
3.86780,16.8128,-0.906929E-02
3.86841,16.8155,-0.142244E-01
3.86902,16.8181,0.339582E-01
3.86963,16.8208,-0.195443E-01
3.87024,16.8234,-0.189177E-01
3.87085,16.8261,0.148385E-01
3.87146,16.8287,0.156635E-01
3.87207,16.8314,-0.811147E-02
3.87268,16.8340,-0.363659E-01
3.87329,16.8367,-0.522293E-01
3.87390,16.8393,0.330936E-01
3.87451,16.8420,-0.418460E-02
3.87512,16.8446,-0.203376E-01
3.87573,16.8473,-0.760894E-02
3.87634,16.8499,0.122544E-01
3.87695,16.8526,0.213027E-01
3.87756,16.8553,-0.877336E-01
3.87817,16.8579,0.701531E-01
3.87878,16.8606,-0.756371E-02
3.87939,16.8632,-0.216439E-01
3.88000,16.8659,-0.373542E-01
3.88062,16.8685,-0.614259E-01
3.88123,16.8712,-0.158454E-01
3.88184,16.8738,-0.468211E-01
3.88245,16.8765,-0.189820E-01
3.88306,16.8791,0.382706E-01
3.88367,16.8818,0.234156E-02
3.88428,16.8844,-0.260159E-01
3.88489,16.8871,-0.137517E-02
3.88550,16.8897,0.205488E-02
3.88611,16.8924,0.325597E-01
3.88672,16.8951,-0.665458E-01
3.88733,16.8977,-0.166152E-01
3.88794,16.9004,0.150446E-02
3.88855,16.9030,-0.685483E-01
3.88916,16.9057,0.205633
3.88977,16.9083,-0.847261E-02
3.89038,16.9110,-0.281686E-01
3.89099,16.9136,-0.358426E-01
3.89160,16.9163,0.476913E-02
3.89221,16.9189,0.689548E-01
3.89282,16.9216,0.235228E-01
3.89343,16.9242,-0.416717E-01
3.89404,16.9269,0.326694E-01
3.89465,16.9295,-0.523761E-01
3.89526,16.9322,0.150292E-01
3.89587,16.9348,0.112960E-01
3.89648,16.9375,-0.328353E-01
3.89709,16.9402,-0.123501E-01
3.89771,16.9428,0.427238E-02
3.89832,16.9455,-0.216855E-01
3.89893,16.9481,-0.693020E-01
3.89954,16.9508,-0.282690E-01
3.90015,16.9534,0.761955E-01
3.90076,16.9561,0.763360E-03
3.90137,16.9587,0.192274E-01
3.90198,16.9614,-0.573802E-02
3.90259,16.9640,-0.339641E-01
3.90320,16.9667,-0.459973E-01
3.90381,16.9693,-0.294903E-01
3.90442,16.9720,-0.380951E-02
3.90503,16.9746,0.153162E-02
3.90564,16.9773,0.622207E-01
3.90625,16.9800,0.165709E-01
3.90686,16.9826,-0.339448E-01
3.90747,16.9853,-0.181907E-01
3.90808,16.9879,0.845669E-02
3.90869,16.9906,0.115146E-01
3.90930,16.9932,0.226872E-01
3.90991,16.9959,-0.712269E-01
3.91052,16.9985,0.360242E-01
3.91113,17.0012,-0.712130E-01
3.91174,17.0038,-0.588705E-01
3.91235,17.0065,0.287094E-01
3.91296,17.0091,-0.347717E-01
3.91357,17.0118,-0.254646E-02
3.91418,17.0144,-0.665472E-01
3.91479,17.0171,-0.995401E-02
3.91541,17.0197,0.249478E-02
3.91602,17.0224,0.858492E-02
3.91663,17.0251,0.112819E-01
3.91724,17.0277,0.196649E-01
3.91785,17.0304,0.118944E-01
3.91846,17.0330,-0.135001E-01
3.91907,17.0357,0.640616E-01
3.91968,17.0383,0.256816E-01
3.92029,17.0410,-0.113353E-01
3.92090,17.0436,-0.576592E-01
3.92151,17.0463,-0.776183E-01
3.92212,17.0489,0.360549E-01
3.92273,17.0516,0.673959E-01
3.92334,17.0542,-0.636877E-02
3.92395,17.0569,0.400249E-03
3.92456,17.0595,-0.202222E-03
3.92517,17.0622,0.208156E-01
3.92578,17.0649,-0.201453E-02
3.92639,17.0675,0.127129E-01
3.92700,17.0702,-0.415683E-02
3.92761,17.0728,0.395598E-02
3.92822,17.0755,0.292713E-01
3.92883,17.0781,0.972022E-02
3.92944,17.0808,0.379150E-01
3.93005,17.0834,-0.363373E-01
3.93066,17.0861,0.534837E-02
3.93127,17.0887,-0.129733E-03
3.93188,17.0914,0.475117E-01
3.93250,17.0940,-0.420029E-01
3.93311,17.0967,0.178445E-01
3.93372,17.0993,0.132307
3.93433,17.1020,-0.587508E-01
3.93494,17.1046,0.240582E-01
3.93555,17.1073,0.652166E-02
3.93616,17.1100,-0.251218E-01
3.93677,17.1126,0.206880E-01
3.93738,17.1153,0.756282E-01
3.93799,17.1179,-0.458381E-03
3.93860,17.1206,0.378529E-01
3.93921,17.1232,-0.530610E-02
3.93982,17.1259,0.100653E-01
3.94043,17.1285,-0.210551E-01
3.94104,17.1312,0.143171E-01
3.94165,17.1338,-0.144294E-01
3.94226,17.1365,-0.811174E-01
3.94287,17.1391,0.250974E-01
3.94348,17.1418,0.210927E-01
3.94409,17.1444,-0.487968E-01
3.94470,17.1471,-0.197589E-02
3.94531,17.1498,-0.478535E-02
3.94592,17.1524,0.559415E-02
3.94653,17.1551,-0.448733E-01
3.94714,17.1577,-0.204308E-01
3.94775,17.1604,0.452993E-02
3.94836,17.1630,-0.287689E-01
3.94897,17.1657,-0.197236E-01
3.94958,17.1683,0.283319E-01
3.95020,17.1710,-0.400608E-02
3.95081,17.1736,0.535525E-01
3.95142,17.1763,-0.160413E-02
3.95203,17.1789,0.376060E-01
3.95264,17.1816,-0.593881E-01
3.95325,17.1842,0.334432E-01
3.95386,17.1869,-0.433554E-02
3.95447,17.1895,-0.191122E-02
3.95508,17.1922,-0.298154E-01
3.95569,17.1949,-0.525408E-02
3.95630,17.1975,0.467335E-02
3.95691,17.2002,0.157127E-01
3.95752,17.2028,0.605901E-01
3.95813,17.2055,0.260824E-02
3.95874,17.2081,-0.135896E-01
3.95935,17.2108,0.141270E-01
3.95996,17.2134,-0.442631E-02
3.96057,17.2161,0.350156E-01
3.96118,17.2187,-0.948449E-02
3.96179,17.2214,-0.390319E-01
3.96240,17.2240,-0.126802
3.96301,17.2267,0.582712E-02
3.96362,17.2293,0.358390E-02
3.96423,17.2320,0.161490E-01
3.96484,17.2347,0.421740E-01
3.96545,17.2373,0.752185E-01
3.96606,17.2400,0.152951E-01
3.96667,17.2426,0.407081E-01
3.96729,17.2453,0.125553E-01
3.96790,17.2479,0.314078E-01
3.96851,17.2506,0.748846E-03
3.96912,17.2532,0.370938E-01
3.96973,17.2559,-0.237630E-01
3.97034,17.2585,0.276776E-01
3.97095,17.2612,0.418202E-01
3.97156,17.2638,0.299938E-01
3.97217,17.2665,0.177932E-01
3.97278,17.2691,0.284903E-01
3.97339,17.2718,0.221743E-01
3.97400,17.2744,0.138269
3.97461,17.2771,-0.105793E-01
3.97522,17.2798,-0.223657E-01
3.97583,17.2824,-0.448934E-01
3.97644,17.2851,0.712284E-02
3.97705,17.2877,-0.864678E-01
3.97766,17.2904,0.964876E-01
3.97827,17.2930,-0.182689E-02
3.97888,17.2957,0.171963
3.97949,17.2983,-0.149121E-01
3.98010,17.3010,0.251746E-01
3.98071,17.3036,-0.157892E-01
3.98132,17.3063,-0.363630E-01
3.98193,17.3089,-0.339644E-02
3.98254,17.3116,-0.651069E-01
3.98315,17.3142,-0.339290E-01
3.98376,17.3169,-0.177752E-01
3.98438,17.3196,-0.791199E-02
3.98499,17.3222,-0.105833E-01
3.98560,17.3249,-0.208510E-02
3.98621,17.3275,0.268259E-01
3.98682,17.3302,0.213074E-01
3.98743,17.3328,-0.747828E-02
3.98804,17.3355,0.448464E-01
3.98865,17.3381,-0.240735E-01
3.98926,17.3408,0.100097E-01
3.98987,17.3434,-0.187835
3.99048,17.3461,-0.697372E-02
3.99109,17.3487,0.966749E-02
3.99170,17.3514,0.842280E-02
3.99231,17.3540,0.264082E-01
3.99292,17.3567,-0.738322E-01
3.99353,17.3593,0.103912E-01
3.99414,17.3620,-0.368018E-01
3.99475,17.3647,-0.320246E-01
3.99536,17.3673,-0.366981E-01
3.99597,17.3700,-0.712774E-01
3.99658,17.3726,-0.904930E-02
3.99719,17.3753,0.632220E-01
3.99780,17.3779,0.179436E-01
3.99841,17.3806,0.593184E-01
3.99902,17.3832,-0.237971E-01
3.99963,17.3859,0.259298E-01
4.00024,17.3885,0.944843E-02
4.00085,17.3912,0.592649E-01
4.00146,17.3938,-0.350580E-01
4.00208,17.3965,-0.184181E-01
4.00269,17.3991,-0.236618E-01
4.00330,17.4018,0.110419E-01
4.00391,17.4045,0.185300E-02
4.00452,17.4071,-0.902823E-02
4.00513,17.4098,0.295663E-01
4.00574,17.4124,0.663401E-02
4.00635,17.4151,0.713014E-02
4.00696,17.4177,0.222012E-01
4.00757,17.4204,0.798451E-01
4.00818,17.4230,0.740656E-02
4.00879,17.4257,0.443343E-03
4.00940,17.4283,0.359234E-01
4.01001,17.4310,-0.140885E-01
4.01062,17.4336,0.183641E-03
4.01123,17.4363,0.286723E-02
4.01184,17.4389,-0.112016E-01
4.01245,17.4416,-0.212438E-01
4.01306,17.4442,-0.459046E-02
4.01367,17.4469,-0.263234E-01
4.01428,17.4496,0.787042E-03
4.01489,17.4522,-0.866516E-02
4.01550,17.4549,0.521690E-01
4.01611,17.4575,-0.406346E-01
4.01672,17.4602,-0.298546E-01
4.01733,17.4628,0.597714E-01
4.01794,17.4655,0.347571E-01
4.01855,17.4681,0.431273E-01
4.01917,17.4708,0.387990E-01
4.01978,17.4734,0.180954E-01
4.02039,17.4761,-0.421649E-01
4.02100,17.4787,-0.852638E-02
4.02161,17.4814,-0.108516E-01
4.02222,17.4840,-0.131104E-02
4.02283,17.4867,0.127287E-01
4.02344,17.4893,-0.116368E-01
4.02405,17.4920,0.179815E-01
4.02466,17.4947,-0.265730E-01
4.02527,17.4973,0.539573E-02
4.02588,17.5000,-0.281862E-02
4.02649,17.5026,-0.343191E-01
4.02710,17.5053,0.312720E-02
4.02771,17.5079,0.885454E-02
4.02832,17.5106,0.421530E-02
4.02893,17.5132,0.367841E-01
4.02954,17.5159,-0.277405E-01
4.03015,17.5185,0.626966E-01
4.03076,17.5212,-0.241297E-01
4.03137,17.5238,0.239535E-01
4.03198,17.5265,0.430817E-01
4.03259,17.5291,-0.751268E-02
4.03320,17.5318,0.320840E-02
4.03381,17.5345,0.150938
4.03442,17.5371,0.569483E-01
4.03503,17.5398,0.697803E-01
4.03564,17.5424,0.405848E-01
4.03625,17.5451,-0.498283E-01
4.03687,17.5477,0.515005E-01
4.03748,17.5504,0.341171E-01
4.03809,17.5530,0.171542E-01
4.03870,17.5557,-0.478742E-02
4.03931,17.5583,0.195840E-01
4.03992,17.5610,-0.206391E-01
4.04053,17.5636,0.525145E-02
4.04114,17.5663,-0.157141E-01
4.04175,17.5689,0.486937E-02
4.04236,17.5716,-0.584498E-03
4.04297,17.5742,-0.294593E-01
4.04358,17.5769,-0.110081E-01
4.04419,17.5796,-0.166267E-01
4.04480,17.5822,-0.909123E-02
4.04541,17.5849,-0.483409E-01
4.04602,17.5875,0.341063E-01
4.04663,17.5902,0.297960E-01
4.04724,17.5928,0.628517E-01
4.04785,17.5955,0.442654E-01
4.04846,17.5981,0.280337E-01
4.04907,17.6008,0.130669E-01
4.04968,17.6034,0.132121E-01
4.05029,17.6061,-0.710777E-01
4.05090,17.6087,-0.250789E-01
4.05151,17.6114,0.274253E-01
4.05212,17.6140,-0.199614E-01
4.05273,17.6167,-0.222768E-01
4.05334,17.6194,0.406022E-02
4.05396,17.6220,-0.121756E-03
4.05457,17.6247,-0.117912
4.05518,17.6273,-0.413273E-02
4.05579,17.6300,-0.125261E-01
4.05640,17.6326,-0.210190E-01
4.05701,17.6353,-0.174524E-01
4.05762,17.6379,0.440475E-01
4.05823,17.6406,0.654867E-01
4.05884,17.6432,0.856100E-02
4.05945,17.6459,0.225632E-02
4.06006,17.6485,0.134283E-01
4.06067,17.6512,-0.575880E-01
4.06128,17.6538,-0.327470E-01
4.06189,17.6565,0.488492E-02
4.06250,17.6591,0.307610E-01
4.06311,17.6618,0.413212E-01
4.06372,17.6645,0.108425E-01
4.06433,17.6671,-0.370409E-01
4.06494,17.6698,0.480870E-01
4.06555,17.6724,-0.142891
4.06616,17.6751,0.625662E-01
4.06677,17.6777,0.601513E-01
4.06738,17.6804,0.313497E-01
4.06799,17.6830,-0.573552E-01
4.06860,17.6857,0.744663E-01
4.06921,17.6883,0.102089E-01
4.06982,17.6910,-0.371261E-01
4.07043,17.6936,0.756023E-02
4.07104,17.6963,0.644863E-01
4.07166,17.6989,0.314494E-01
4.07227,17.7016,-0.412815E-01
4.07288,17.7043,-0.743230E-02
4.07349,17.7069,0.357649E-01
4.07410,17.7096,-0.837964E-02
4.07471,17.7122,0.352081E-01
4.07532,17.7149,0.135690E-01
4.07593,17.7175,0.550144E-01
4.07654,17.7202,0.592998E-01
4.07715,17.7228,0.686383E-02
4.07776,17.7255,-0.158899E-01
4.07837,17.7281,0.127667E-01
4.07898,17.7308,-0.103519
4.07959,17.7334,-0.151526E-01
4.08020,17.7361,0.592554E-01
4.08081,17.7387,0.232236E-02
4.08142,17.7414,0.107347E-01
4.08203,17.7440,-0.316075E-01
4.08264,17.7467,-0.170089E-01
4.08325,17.7494,-0.672907E-02
4.08386,17.7520,-0.295111E-02
4.08447,17.7547,-0.237915E-02
4.08508,17.7573,-0.199403E-01
4.08569,17.7600,-0.113195E-01
4.08630,17.7626,0.361832E-01
4.08691,17.7653,-0.418040E-01
4.08752,17.7679,0.527091E-02
4.08813,17.7706,-0.294750E-01
4.08875,17.7732,-0.387853E-01
4.08936,17.7759,0.342082E-02
4.08997,17.7785,0.369051E-01
4.09058,17.7812,0.611950E-03
4.09119,17.7838,-0.110344E-01
4.09180,17.7865,0.809689E-02
4.09241,17.7892,-0.208355E-01
4.09302,17.7918,-0.231041E-01
4.09363,17.7945,-0.889579E-02
4.09424,17.7971,-0.575311E-01
4.09485,17.7998,-0.547357E-01
4.09546,17.8024,0.141667E-01
4.09607,17.8051,-0.811646E-02
4.09668,17.8077,-0.387951E-01
4.09729,17.8104,-0.138046E-01
4.09790,17.8130,0.800315E-02
4.09851,17.8157,-0.466946E-03
4.09912,17.8183,-0.171312E-01
4.09973,17.8210,0.270497E-02
4.10034,17.8236,0.761537E-02
4.10095,17.8263,-0.534944E-01
4.10156,17.8289,0.248441E-02
4.10217,17.8316,-0.408597E-02
4.10278,17.8343,0.173628E-01
4.10339,17.8369,0.696990E-02
4.10400,17.8396,-0.533869E-02
4.10461,17.8422,0.427539E-01
4.10522,17.8449,-0.130022E-01
4.10583,17.8475,-0.327043E-01
4.10645,17.8502,0.181355E-01
4.10706,17.8528,-0.685791E-02
4.10767,17.8555,-0.687266E-01
4.10828,17.8581,-0.202521E-01
4.10889,17.8608,-0.342311E-01
4.10950,17.8634,0.203117E-01
4.11011,17.8661,-0.945661E-02
4.11072,17.8687,0.468174E-01
4.11133,17.8714,0.578510E-02
4.11194,17.8741,0.687495E-01
4.11255,17.8767,-0.206045E-01
4.11316,17.8794,-0.528773E-01
4.11377,17.8820,-0.948290E-04
4.11438,17.8847,-0.197696E-01
4.11499,17.8873,0.119545E-01
4.11560,17.8900,0.192843E-02
4.11621,17.8926,0.104695
4.11682,17.8953,0.493329E-02
4.11743,17.8979,-0.291061E-01
4.11804,17.9006,-0.446478E-01
4.11865,17.9032,0.264029E-02
4.11926,17.9059,-0.267005E-01
4.11987,17.9085,-0.113887E-01
4.12048,17.9112,0.318793E-01
4.12109,17.9138,0.194900E-01
4.12170,17.9165,-0.610883E-01
4.12231,17.9192,-0.778114E-02
4.12292,17.9218,-0.202319E-02
4.12354,17.9245,-0.869982E-02
4.12415,17.9271,0.333079E-02
4.12476,17.9298,-0.217823E-01
4.12537,17.9324,0.206875E-01
4.12598,17.9351,0.291276E-03
4.12659,17.9377,-0.190720E-01
4.12720,17.9404,0.775541E-02
4.12781,17.9430,-0.165472E-01
4.12842,17.9457,0.154949E-02
4.12903,17.9483,0.614739E-02
4.12964,17.9510,-0.849586E-03
4.13025,17.9536,-0.280133E-01
4.13086,17.9563,-0.580316E-02
4.13147,17.9590,-0.126929E-01
4.13208,17.9616,-0.107109E-01
4.13269,17.9643,0.341385E-01
4.13330,17.9669,0.232779E-02
4.13391,17.9696,0.229082E-01
4.13452,17.9722,-0.401667E-01
4.13513,17.9749,-0.448879E-02
4.13574,17.9775,0.633656E-01
4.13635,17.9802,-0.201262E-01
4.13696,17.9828,0.316368E-01
4.13757,17.9855,0.362324E-01
4.13818,17.9881,-0.647117E-01
4.13879,17.9908,0.655225E-01
4.13940,17.9934,0.553771E-01
4.14001,17.9961,0.778612E-01
4.14062,17.9987,-0.145953E-01
4.14124,18.0014,0.901797E-02
4.14185,18.0041,0.122936
4.14246,18.0067,0.303944E-02
4.14307,18.0094,0.365733E-02
4.14368,18.0120,0.131924E-01
4.14429,18.0147,0.459160E-02
4.14490,18.0173,0.169289E-01
4.14551,18.0200,0.166848E-02
4.14612,18.0226,-0.914391E-02
4.14673,18.0253,-0.887789E-02
4.14734,18.0279,0.270542E-01
4.14795,18.0306,0.130301E-01
4.14856,18.0332,0.474028E-01
4.14917,18.0359,0.908852E-01
4.14978,18.0385,0.265088E-02
4.15039,18.0412,-0.211417E-01
4.15100,18.0439,0.335540E-02
4.15161,18.0465,0.960172E-03
4.15222,18.0492,0.251418E-03
4.15283,18.0518,-0.471411E-01
4.15344,18.0545,0.714977E-02
4.15405,18.0571,0.503674E-02
4.15466,18.0598,0.564900E-01
4.15527,18.0624,-0.423518E-01
4.15588,18.0651,0.449447E-01
4.15649,18.0677,-0.167031E-01
4.15710,18.0704,0.100040E-01
4.15771,18.0730,-0.456398E-02
4.15833,18.0757,0.147483E-01
4.15894,18.0783,-0.155462E-01
4.15955,18.0810,-0.165040E-01
4.16016,18.0836,-0.936488E-01
4.16077,18.0863,0.166509E-02
4.16138,18.0890,-0.338024E-01
4.16199,18.0916,0.385475E-01
4.16260,18.0943,0.420906E-01
4.16321,18.0969,0.212568
4.16382,18.0996,-0.682506E-01
4.16443,18.1022,-0.292664E-02
4.16504,18.1049,0.817793E-01
4.16565,18.1075,0.153031E-01
4.16626,18.1102,-0.460816E-01
4.16687,18.1128,-0.238240E-02
4.16748,18.1155,0.658318E-02
4.16809,18.1181,0.934716E-03
4.16870,18.1208,-0.336567E-01
4.16931,18.1234,-0.817551E-02
4.16992,18.1261,-0.354779E-01
4.17053,18.1288,0.140427E-02
4.17114,18.1314,0.266802E-01
4.17175,18.1341,-0.767007E-02
4.17236,18.1367,-0.437387E-01
4.17297,18.1394,-0.560868E-02
4.17358,18.1420,-0.224988E-01
4.17419,18.1447,0.593654E-01
4.17480,18.1473,0.443027E-01
4.17542,18.1500,-0.344287E-02
4.17603,18.1526,-0.231909E-01
4.17664,18.1553,0.635245E-02
4.17725,18.1579,-0.126528
4.17786,18.1606,0.139295E-01
4.17847,18.1632,-0.974347E-02
4.17908,18.1659,0.237249E-01
4.17969,18.1685,0.102831E-01
4.18030,18.1712,0.168303E-01
4.18091,18.1739,0.210869E-01
4.18152,18.1765,0.747635E-02
4.18213,18.1792,-0.183207E-01
4.18274,18.1818,-0.464812E-02
4.18335,18.1845,0.580354E-02
4.18396,18.1871,-0.689301E-03
4.18457,18.1898,0.315474E-01
4.18518,18.1924,-0.200584E-02
4.18579,18.1951,-0.128423E-01
4.18640,18.1977,-0.366213E-02
4.18701,18.2004,0.132742E-02
4.18762,18.2030,0.853503E-02
4.18823,18.2057,0.580595E-02
4.18884,18.2083,-0.243129E-01
4.18945,18.2110,0.351756E-02
4.19006,18.2137,-0.499574E-01
4.19067,18.2163,0.468966E-01
4.19128,18.2190,0.564134E-01
4.19189,18.2216,0.676550E-01
4.19250,18.2243,0.155657E-01
4.19312,18.2269,0.331182E-02
4.19373,18.2296,0.566370E-01
4.19434,18.2322,-0.972531E-02
4.19495,18.2349,0.442267E-01
4.19556,18.2375,0.389912E-01
4.19617,18.2402,-0.127427E-01
4.19678,18.2428,0.484485E-02
4.19739,18.2455,0.137023E-01
4.19800,18.2481,-0.515635E-02
4.19861,18.2508,0.105683E-01
4.19922,18.2534,0.155049E-01
4.19983,18.2561,-0.540682E-01
4.20044,18.2588,-0.134501E-01
4.20105,18.2614,-0.238888E-02
4.20166,18.2641,-0.468885E-01
4.20227,18.2667,-0.263476E-01
4.20288,18.2694,-0.543928E-02
4.20349,18.2720,0.293837E-01
4.20410,18.2747,0.418389E-01
4.20471,18.2773,-0.301184E-02
4.20532,18.2800,-0.451833E-01
4.20593,18.2826,-0.315498E-01
4.20654,18.2853,0.110143E-01
4.20715,18.2879,0.329475E-01
4.20776,18.2906,-0.158112E-01
4.20837,18.2932,-0.228672E-01
4.20898,18.2959,0.728622E-01
4.20959,18.2986,0.494775E-01
4.21021,18.3012,-0.127340E-01
4.21082,18.3039,0.214988E-02
4.21143,18.3065,0.209436E-02
4.21204,18.3092,0.149505E-01
4.21265,18.3118,0.263840E-01
4.21326,18.3145,0.465129E-01
4.21387,18.3171,0.946025E-01
4.21448,18.3198,-0.350063E-01
4.21509,18.3224,-0.791375E-02
4.21570,18.3251,-0.255615E-01
4.21631,18.3277,-0.856472E-02
4.21692,18.3304,-0.233260E-01
4.21753,18.3330,0.479750E-02
4.21814,18.3357,0.136795E-02
4.21875,18.3383,0.819972E-02
4.21936,18.3410,0.716593E-01
4.21997,18.3437,0.587697E-02
4.22058,18.3463,0.146516E-01
4.22119,18.3490,0.240573E-02
4.22180,18.3516,-0.348497E-01
4.22241,18.3543,0.743473E-02
4.22302,18.3569,0.472776E-01
4.22363,18.3596,0.442047E-01
4.22424,18.3622,-0.746533E-01
4.22485,18.3649,0.464991E-01
4.22546,18.3675,-0.370209E-01
4.22607,18.3702,0.317800E-01
4.22668,18.3728,-0.791729E-02
4.22729,18.3755,0.247294E-01
4.22791,18.3781,-0.296863E-02
4.22852,18.3808,0.349063E-02
4.22913,18.3835,0.316608E-01
4.22974,18.3861,0.958067E-01
4.23035,18.3888,-0.846465E-01
4.23096,18.3914,0.400434E-02
4.23157,18.3941,0.589593E-02
4.23218,18.3967,0.102226E-01
4.23279,18.3994,-0.173608E-01
4.23340,18.4020,-0.857220E-02
4.23401,18.4047,-0.280887E-01
4.23462,18.4073,0.119897E-01
4.23523,18.4100,0.242539E-01
4.23584,18.4126,0.480924E-01
4.23645,18.4153,0.177137E-01
4.23706,18.4179,0.290694E-01
4.23767,18.4206,0.336413E-01
4.23828,18.4232,0.369877E-01
4.23889,18.4259,0.138876E-01
4.23950,18.4286,0.372703E-01
4.24011,18.4312,-0.286676E-01
4.24072,18.4339,-0.840357E-01
4.24133,18.4365,0.839256E-02
4.24194,18.4392,-0.508154E-02
4.24255,18.4418,-0.209726E-01
4.24316,18.4445,-0.452235E-01
4.24377,18.4471,-0.351078E-01
4.24438,18.4498,0.519448E-02
4.24500,18.4524,0.375600E-01
4.24561,18.4551,0.765817E-02
4.24622,18.4577,0.185649E-01
4.24683,18.4604,0.828918E-03
4.24744,18.4630,0.392012E-02
4.24805,18.4657,-0.629175E-01
4.24866,18.4684,0.281130E-01
4.24927,18.4710,-0.332668E-01
4.24988,18.4737,0.108303E-01
4.25049,18.4763,-0.123598E-01
4.25110,18.4790,-0.116405E-01
4.25171,18.4816,0.118190
4.25232,18.4843,0.469422E-01
4.25293,18.4869,-0.127511E-01
4.25354,18.4896,0.244247E-01
4.25415,18.4922,0.193006E-01
4.25476,18.4949,0.425794E-02
4.25537,18.4975,0.116163E-01
4.25598,18.5002,0.452553E-01
4.25659,18.5028,-0.136066E-01
4.25720,18.5055,-0.252263E-01
4.25781,18.5081,-0.368176E-01
4.25842,18.5108,-0.807477E-01
4.25903,18.5135,0.502383E-01
4.25964,18.5161,-0.573870E-01
4.26025,18.5188,0.209830E-01
4.26086,18.5214,0.831027E-02
4.26147,18.5241,-0.674709E-02
4.26208,18.5267,-0.979889E-01
4.26270,18.5294,-0.276554E-01
4.26331,18.5320,0.297851E-02
4.26392,18.5347,-0.234801E-02
4.26453,18.5373,-0.209426E-01
4.26514,18.5400,-0.125489E-01
4.26575,18.5426,0.111547E-01
4.26636,18.5453,-0.309737E-01
4.26697,18.5479,-0.736045E-01
4.26758,18.5506,-0.480765E-02
4.26819,18.5532,-0.689687E-02
4.26880,18.5559,-0.540401E-01
4.26941,18.5586,0.337917E-01
4.27002,18.5612,0.426852E-01
4.27063,18.5639,-0.634223E-02
4.27124,18.5665,-0.161359E-01
4.27185,18.5692,-0.183990E-01
4.27246,18.5718,-0.216675E-01
4.27307,18.5745,-0.676212E-01
4.27368,18.5771,0.522538E-01
4.27429,18.5798,0.474557E-01
4.27490,18.5824,0.777017E-01
4.27551,18.5851,-0.733391E-02
4.27612,18.5877,0.164104E-01
4.27673,18.5904,-0.179853E-01
4.27734,18.5930,0.176772E-01
4.27795,18.5957,-0.742005E-01
4.27856,18.5984,0.289193E-02
4.27917,18.6010,-0.819833E-02
4.27979,18.6037,0.174388E-01
4.28040,18.6063,0.503837E-02
4.28101,18.6090,0.760863E-02
4.28162,18.6116,0.251718E-02
4.28223,18.6143,-0.185692E-01
4.28284,18.6169,-0.163265E-01
4.28345,18.6196,-0.128375E-01
4.28406,18.6222,0.535817E-02
4.28467,18.6249,0.448301E-01
4.28528,18.6275,0.105159E-01
4.28589,18.6302,0.150173E-01
4.28650,18.6328,0.549756E-01
4.28711,18.6355,0.233760E-01
4.28772,18.6381,-0.237188E-01
4.28833,18.6408,0.622302E-02
4.28894,18.6435,0.510271E-01
4.28955,18.6461,0.112438E-01
4.29016,18.6488,0.328988E-01
4.29077,18.6514,-0.155186E-01
4.29138,18.6541,-0.892193E-04
4.29199,18.6567,-0.618595E-01
4.29260,18.6594,0.206279E-01
4.29321,18.6620,0.157896E-02
4.29382,18.6647,-0.710284E-01
4.29443,18.6673,0.127959
4.29504,18.6700,0.588585E-01
4.29565,18.6726,0.714157E-02
4.29626,18.6753,-0.769519E-01
4.29688,18.6779,-0.257263E-01
4.29749,18.6806,0.640638E-01
4.29810,18.6833,-0.833007E-02
4.29871,18.6859,-0.287554E-01
4.29932,18.6886,-0.759356E-02
4.29993,18.6912,-0.640965E-01
4.30054,18.6939,0.106929
4.30115,18.6965,-0.110675E-01
4.30176,18.6992,-0.176868E-01
4.30237,18.7018,-0.741520E-01
4.30298,18.7045,-0.721071E-01
4.30359,18.7071,-0.810321E-01
4.30420,18.7098,-0.701720E-02
4.30481,18.7124,-0.464880E-02
4.30542,18.7151,-0.170303E-01
4.30603,18.7177,-0.105543E-01
4.30664,18.7204,0.569925E-01
4.30725,18.7230,-0.909270E-02
4.30786,18.7257,-0.311473E-02
4.30847,18.7284,0.146091E-01
4.30908,18.7310,0.654373E-03
4.30969,18.7337,-0.290114E-01
4.31030,18.7363,0.728189E-02
4.31091,18.7390,0.979038E-01
4.31152,18.7416,0.475426E-02
4.31213,18.7443,0.263526E-02
4.31274,18.7469,0.142241E-03
4.31335,18.7496,0.319757E-01
4.31396,18.7522,0.111332E-02
4.31458,18.7549,0.599295E-01
4.31519,18.7575,0.679328E-01
4.31580,18.7602,-0.148559
4.31641,18.7628,-0.495511E-01
4.31702,18.7655,0.257371E-01
4.31763,18.7682,-0.771563E-01
4.31824,18.7708,0.167262E-01
4.31885,18.7735,0.225920E-01
4.31946,18.7761,0.694192E-02
4.32007,18.7788,-0.347908E-01
4.32068,18.7814,0.281506E-01
4.32129,18.7841,0.984666E-01
4.32190,18.7867,0.418926E-01
4.32251,18.7894,-0.337465E-01
4.32312,18.7920,-0.426383E-01
4.32373,18.7947,0.326025E-01
4.32434,18.7973,0.762690E-01
4.32495,18.8000,0.261049E-01
4.32556,18.8026,0.652027E-01
4.32617,18.8053,-0.784738E-01
4.32678,18.8079,-0.516007E-01
4.32739,18.8106,0.321606E-02
4.32800,18.8133,0.140078E-01
4.32861,18.8159,0.124841E-01
4.32922,18.8186,0.198308E-01
4.32983,18.8212,-0.286684E-02
4.33044,18.8239,-0.322387E-01
4.33105,18.8265,0.101931
4.33167,18.8292,-0.131425E-02
4.33228,18.8318,0.105577
4.33289,18.8345,0.678385E-02
4.33350,18.8371,0.149255E-01
4.33411,18.8398,-0.139584E-01
4.33472,18.8424,0.144413E-01
4.33533,18.8451,0.226839E-01
4.33594,18.8477,-0.133768E-01
4.33655,18.8504,0.200282E-01
4.33716,18.8531,0.504898E-01
4.33777,18.8557,0.313394E-01
4.33838,18.8584,0.109275
4.33899,18.8610,-0.132525E-01
4.33960,18.8637,0.248303E-01
4.34021,18.8663,0.124921
4.34082,18.8690,0.111641E-01
4.34143,18.8716,0.222743E-01
4.34204,18.8743,0.616142E-01
4.34265,18.8769,0.635912E-02
4.34326,18.8796,0.772848E-02
4.34387,18.8822,0.418446E-02
4.34448,18.8849,-0.243810E-01
4.34509,18.8875,0.392604E-01
4.34570,18.8902,-0.102169E-02
4.34631,18.8928,0.119903E-01
4.34692,18.8955,-0.238484E-01
4.34753,18.8982,-0.789746E-01
4.34814,18.9008,0.121302E-02
4.34875,18.9035,0.711750E-01
4.34937,18.9061,0.886565E-02
4.34998,18.9088,0.295256E-01
4.35059,18.9114,-0.149090E-01
4.35120,18.9141,0.260144E-01
4.35181,18.9167,0.111729E-01
4.35242,18.9194,0.353315E-02
4.35303,18.9220,0.504415E-01
4.35364,18.9247,-0.113994E-01
4.35425,18.9273,0.268036E-01
4.35486,18.9300,0.280847E-01
4.35547,18.9326,-0.675732E-01
4.35608,18.9353,0.231104E-01
4.35669,18.9380,0.123956E-01
4.35730,18.9406,-0.641785E-01
4.35791,18.9433,-0.122598E-01
4.35852,18.9459,-0.326995E-01
4.35913,18.9486,-0.880339E-02
4.35974,18.9512,-0.276094E-01
4.36035,18.9539,-0.542115E-01
4.36096,18.9565,0.677865E-01
4.36157,18.9592,0.164456E-01
4.36218,18.9618,-0.160607E-01
4.36279,18.9645,-0.111520E-01
4.36340,18.9671,0.362873E-01
4.36401,18.9698,0.464279E-01
4.36462,18.9724,0.356421E-01
4.36523,18.9751,-0.176677E-01
4.36584,18.9777,-0.587028E-02
4.36646,18.9804,-0.106931E-01
4.36707,18.9831,0.654677E-01
4.36768,18.9857,0.261000E-01
4.36829,18.9884,-0.310049E-01
4.36890,18.9910,-0.989797E-02
4.36951,18.9937,-0.359363E-01
4.37012,18.9963,0.169874E-01
4.37073,18.9990,0.175621E-01
4.37134,19.0016,0.217175E-01
4.37195,19.0043,-0.240773E-02
4.37256,19.0069,-0.184133E-01
4.37317,19.0096,-0.287982E-01
4.37378,19.0122,0.631617E-01
4.37439,19.0149,-0.457293E-01
4.37500,19.0175,0.115246E-01
4.37561,19.0202,0.894608E-02
4.37622,19.0229,0.396274E-01
4.37683,19.0255,0.430505E-02
4.37744,19.0282,-0.421512E-01
4.37805,19.0308,0.286196E-01
4.37866,19.0335,0.569928E-02
4.37927,19.0361,0.969810E-02
4.37988,19.0388,0.217205E-02
4.38049,19.0414,0.701425E-01
4.38110,19.0441,0.684600E-01
4.38171,19.0467,0.217185
4.38232,19.0494,-0.634179E-01
4.38293,19.0520,0.115209E-02
4.38354,19.0547,0.612988E-02
4.38416,19.0573,-0.178276E-01
4.38477,19.0600,-0.968674E-02
4.38538,19.0626,-0.504004E-01
4.38599,19.0653,0.883836E-02
4.38660,19.0680,0.420956E-02
4.38721,19.0706,-0.179351E-01
4.38782,19.0733,-0.407148E-01
4.38843,19.0759,-0.486591E-02
4.38904,19.0786,0.774231E-02
4.38965,19.0812,0.370998E-01
4.39026,19.0839,0.767947E-02
4.39087,19.0865,0.224923E-01
4.39148,19.0892,-0.297553E-01
4.39209,19.0918,-0.158100E-01
4.39270,19.0945,-0.133248E-01
4.39331,19.0971,0.112607E-01
4.39392,19.0998,0.242137E-01
4.39453,19.1024,0.399577E-01
4.39514,19.1051,0.497721E-01
4.39575,19.1078,-0.709765E-02
4.39636,19.1104,0.412258E-01
4.39697,19.1131,0.996124E-02
4.39758,19.1157,0.376967E-01
4.39819,19.1184,-0.569528E-02
4.39880,19.1210,-0.574917E-02
4.39941,19.1237,0.365541E-01
4.40002,19.1263,0.976666E-01
4.40063,19.1290,0.434278E-01
4.40125,19.1316,-0.588544E-03
4.40186,19.1343,-0.591710E-03
4.40247,19.1369,0.492835E-02
4.40308,19.1396,0.338911E-01
4.40369,19.1422,-0.389735E-01
4.40430,19.1449,-0.544550E-01
4.40491,19.1475,-0.118820E-01
4.40552,19.1502,0.107650E-01
4.40613,19.1529,-0.450803E-01
4.40674,19.1555,0.297155E-02
4.40735,19.1582,-0.401872E-01
4.40796,19.1608,0.554217E-03
4.40857,19.1635,-0.281048E-02
4.40918,19.1661,-0.108230E-01
4.40979,19.1688,-0.194075E-01
4.41040,19.1714,0.318802E-01
4.41101,19.1741,-0.202081E-01
4.41162,19.1767,-0.152470
4.41223,19.1794,-0.723223E-01
4.41284,19.1820,0.724696E-01
4.41345,19.1847,-0.610244E-02
4.41406,19.1873,-0.516132E-01
4.41467,19.1900,-0.320421E-01
4.41528,19.1927,0.935237E-02
4.41589,19.1953,-0.305657E-01
4.41650,19.1980,-0.451727E-01
4.41711,19.2006,0.275544E-01
4.41772,19.2033,0.785360E-02
4.41833,19.2059,0.705691E-01
4.41895,19.2086,-0.596513E-03
4.41956,19.2112,-0.323847E-01
4.42017,19.2139,0.306811E-01
4.42078,19.2165,-0.246320E-02
4.42139,19.2192,-0.794477E-01
4.42200,19.2218,-0.242433E-01
4.42261,19.2245,0.675052E-01
4.42322,19.2271,-0.434424E-01
4.42383,19.2298,-0.112562
4.42444,19.2324,0.216798E-01
4.42505,19.2351,-0.278135E-01
4.42566,19.2378,-0.106955E-01
4.42627,19.2404,0.751947E-01
4.42688,19.2431,-0.313846E-01
4.42749,19.2457,0.264130E-02
4.42810,19.2484,-0.164675E-01
4.42871,19.2510,0.444268E-01
4.42932,19.2537,-0.469753E-03
4.42993,19.2563,0.114685E-01
4.43054,19.2590,0.260659E-01
4.43115,19.2616,0.414011E-01
4.43176,19.2643,0.323273E-01
4.43237,19.2669,0.246768E-01
4.43298,19.2696,-0.238601E-01
4.43359,19.2722,-0.100829E-01
4.43420,19.2749,-0.572371E-01
4.43481,19.2776,0.356471E-01
4.43542,19.2802,-0.443032E-01
4.43604,19.2829,0.409128E-01
4.43665,19.2855,-0.122126E-01
4.43726,19.2882,-0.131088E-01
4.43787,19.2908,0.802439E-01
4.43848,19.2935,-0.351810E-01
4.43909,19.2961,-0.626629E-03
4.43970,19.2988,-0.131918E-01
4.44031,19.3014,-0.458681E-01
4.44092,19.3041,0.107096E-01
4.44153,19.3067,0.235196E-02
4.44214,19.3094,-0.555301E-01
4.44275,19.3120,-0.111872E-01
4.44336,19.3147,0.283956E-01
4.44397,19.3173,-0.179161E-01
4.44458,19.3200,-0.129315E-01
4.44519,19.3227,0.401230E-01
4.44580,19.3253,0.131803E-02
4.44641,19.3280,-0.548922E-01
4.44702,19.3306,-0.101154E-01
4.44763,19.3333,-0.127107E-01
4.44824,19.3359,-0.565020E-02
4.44885,19.3386,-0.282365E-01
4.44946,19.3412,0.263680E-01
4.45007,19.3439,0.265621E-02
4.45068,19.3465,-0.290319E-01
4.45129,19.3492,-0.798473E-01
4.45190,19.3518,0.243977E-01
4.45251,19.3545,0.314524E-01
4.45312,19.3571,0.369660E-03
4.45374,19.3598,0.241696E-01
4.45435,19.3625,0.133651E-02
4.45496,19.3651,0.461263E-02
4.45557,19.3678,-0.300539E-02
4.45618,19.3704,-0.269523E-02
4.45679,19.3731,0.834570E-02
4.45740,19.3757,0.941767E-02
4.45801,19.3784,0.143625
4.45862,19.3810,-0.142737E-01
4.45923,19.3837,-0.154781
4.45984,19.3863,0.865190E-01
4.46045,19.3890,0.282430E-01
4.46106,19.3916,0.921091E-03
4.46167,19.3943,0.197921E-01
4.46228,19.3969,-0.467442E-01
4.46289,19.3996,0.593677E-01
4.46350,19.4022,-0.550584E-02
4.46411,19.4049,0.104320E-01
4.46472,19.4076,0.451371E-01
4.46533,19.4102,0.762160E-01
4.46594,19.4129,0.365100E-03
4.46655,19.4155,0.676809E-01
4.46716,19.4182,-0.264207E-01
4.46777,19.4208,-0.127039E-01
4.46838,19.4235,0.135713E-01
4.46899,19.4261,-0.232060E-02
4.46960,19.4288,0.102666E-02
4.47021,19.4314,0.251130E-01
4.47083,19.4341,-0.155837E-01
4.47144,19.4367,-0.872379E-02
4.47205,19.4394,-0.578086E-01
4.47266,19.4420,0.149547E-01
4.47327,19.4447,-0.144825E-01
4.47388,19.4474,-0.526504E-02
4.47449,19.4500,0.740401E-03
4.47510,19.4527,0.143701E-01
4.47571,19.4553,0.196820E-01
4.47632,19.4580,0.208149E-01
4.47693,19.4606,0.757674E-02
4.47754,19.4633,-0.903682E-02
4.47815,19.4659,-0.109100
4.47876,19.4686,0.520653E-01
4.47937,19.4712,-0.507710E-02
4.47998,19.4739,-0.457333E-02
4.48059,19.4765,0.126526E-01
4.48120,19.4792,0.416437E-01
4.48181,19.4818,0.948123E-01
4.48242,19.4845,0.157688E-01
4.48303,19.4871,-0.328561E-02
4.48364,19.4898,-0.120672E-01
4.48425,19.4925,-0.975890E-01
4.48486,19.4951,-0.789852E-01
4.48547,19.4978,0.156561
4.48608,19.5004,-0.651900E-02
4.48669,19.5031,0.475869E-01
4.48730,19.5057,-0.380122E-01
4.48792,19.5084,0.158532E-01
4.48853,19.5110,0.472717E-01
4.48914,19.5137,-0.944952E-01
4.48975,19.5163,-0.111579E-02
4.49036,19.5190,-0.603031E-01
4.49097,19.5216,-0.134181E-01
4.49158,19.5243,0.239719E-01
4.49219,19.5269,-0.368901E-01
4.49280,19.5296,0.122052
4.49341,19.5323,0.854788E-01
4.49402,19.5349,0.402897E-01
4.49463,19.5376,0.150654
4.49524,19.5402,-0.121064E-01
4.49585,19.5429,0.771610E-02
4.49646,19.5455,0.466432E-01
4.49707,19.5482,-0.680830E-01
4.49768,19.5508,0.598519E-01
4.49829,19.5535,-0.137137E-02
4.49890,19.5561,0.843272E-02
4.49951,19.5588,-0.350545E-01
4.50012,19.5614,0.190267E-01
4.50073,19.5641,0.113440E-01
4.50134,19.5667,0.292218E-01
4.50195,19.5694,-0.168544E-01
4.50256,19.5720,-0.270760E-01
4.50317,19.5747,0.286736E-01
4.50378,19.5774,-0.634336E-03
4.50439,19.5800,0.201433E-02
4.50500,19.5827,-0.446683E-02
4.50562,19.5853,0.111310E-01
4.50623,19.5880,-0.270884E-01
4.50684,19.5906,0.950244E-02
4.50745,19.5933,0.428606E-01
4.50806,19.5959,0.319032E-01
4.50867,19.5986,0.247647E-01
4.50928,19.6012,-0.440597E-01
4.50989,19.6039,0.478036E-01
4.51050,19.6065,-0.206749E-01
4.51111,19.6092,-0.303861E-02
4.51172,19.6118,0.150839E-01
4.51233,19.6145,0.111632
4.51294,19.6172,-0.552769E-01
4.51355,19.6198,-0.191892E-01
4.51416,19.6225,-0.185663E-01
4.51477,19.6251,0.759465E-01
4.51538,19.6278,0.162758E-01
4.51599,19.6304,0.937664E-01
4.51660,19.6331,0.432289E-02
4.51721,19.6357,-0.127294E-02
4.51782,19.6384,0.349373E-01
4.51843,19.6410,0.152706E-01
4.51904,19.6437,-0.260628E-01
4.51965,19.6463,-0.500894E-01
4.52026,19.6490,0.245024E-01
4.52087,19.6516,-0.496423E-01
4.52148,19.6543,-0.145056E-01
4.52209,19.6569,0.104339
4.52271,19.6596,0.231392E-01
4.52332,19.6623,-0.114105E-01
4.52393,19.6649,0.170469E-01
4.52454,19.6676,0.634464E-01
4.52515,19.6702,0.869280E-01
4.52576,19.6729,0.422324E-01
4.52637,19.6755,-0.286904E-01
4.52698,19.6782,0.846476E-01
4.52759,19.6808,0.672483E-01
4.52820,19.6835,0.181738E-02
4.52881,19.6861,0.170303E-01
4.52942,19.6888,0.646664E-01
4.53003,19.6914,-0.777813E-02
4.53064,19.6941,0.670493E-02
4.53125,19.6967,0.247808E-02
4.53186,19.6994,-0.276669E-01
4.53247,19.7020,0.104899E-01
4.53308,19.7047,0.658995E-01
4.53369,19.7074,0.273456E-01
4.53430,19.7100,0.433076E-02
4.53491,19.7127,-0.668571E-01
4.53552,19.7153,-0.543253E-01
4.53613,19.7180,0.410944E-01
4.53674,19.7206,0.535712E-01
4.53735,19.7233,0.808413E-01
4.53796,19.7259,-0.496651E-02
4.53857,19.7286,0.325233E-01
4.53918,19.7312,-0.504065E-02
4.53979,19.7339,0.193510E-01
4.54041,19.7365,-0.107325
4.54102,19.7392,-0.255764E-01
4.54163,19.7418,-0.561039E-06
4.54224,19.7445,0.391505E-01
4.54285,19.7472,-0.743424E-02
4.54346,19.7498,0.199273E-01
4.54407,19.7525,-0.199014E-02
4.54468,19.7551,0.100569
4.54529,19.7578,-0.110740E-02
4.54590,19.7604,-0.803912E-01
4.54651,19.7631,0.165247E-01
4.54712,19.7657,-0.686202E-02
4.54773,19.7684,0.181917
4.54834,19.7710,-0.742642E-01
4.54895,19.7737,0.254252E-02
4.54956,19.7763,0.141412
4.55017,19.7790,-0.154222E-02
4.55078,19.7816,-0.338418E-02
4.55139,19.7843,-0.909564E-04
4.55200,19.7869,-0.843710E-02
4.55261,19.7896,-0.280315E-01
4.55322,19.7923,-0.147135E-01
4.55383,19.7949,0.226672E-01
4.55444,19.7976,-0.301346E-01
4.55505,19.8002,0.762903E-01
4.55566,19.8029,-0.160926E-01
4.55627,19.8055,-0.949007E-01
4.55688,19.8082,-0.871026E-02
4.55750,19.8108,0.864749E-04
4.55811,19.8135,-0.413664E-01
4.55872,19.8161,0.333955E-01
4.55933,19.8188,0.673738E-02
4.55994,19.8214,0.729739E-02
4.56055,19.8241,0.471820E-02
4.56116,19.8267,0.111384E-01
4.56177,19.8294,0.528539E-01
4.56238,19.8321,0.513557E-02
4.56299,19.8347,0.246954E-01
4.56360,19.8374,-0.176273E-01
4.56421,19.8400,-0.275909E-01
4.56482,19.8427,-0.400068E-02
4.56543,19.8453,0.684136E-01
4.56604,19.8480,0.222971E-01
4.56665,19.8506,-0.255083E-02
4.56726,19.8533,-0.542525E-01
4.56787,19.8559,-0.227543E-01
4.56848,19.8586,-0.398036E-01
4.56909,19.8612,-0.537550E-01
4.56970,19.8639,-0.375063E-02
4.57031,19.8665,0.567467E-01
4.57092,19.8692,-0.235614E-01
4.57153,19.8718,0.204319E-01
4.57214,19.8745,0.769301E-01
4.57275,19.8772,0.269538E-02
4.57336,19.8798,0.625529E-01
4.57397,19.8825,-0.912835E-01
4.57458,19.8851,0.451997E-01
4.57520,19.8878,-0.623068E-02
4.57581,19.8904,-0.168080E-01
4.57642,19.8931,-0.506012E-01
4.57703,19.8957,0.304499E-01
4.57764,19.8984,0.288984E-02
4.57825,19.9010,-0.218884E-01
4.57886,19.9037,0.411561E-01
4.57947,19.9063,0.417539E-01
4.58008,19.9090,0.741283E-01
4.58069,19.9116,0.182054E-02
4.58130,19.9143,-0.193460E-01
4.58191,19.9170,0.239102E-01
4.58252,19.9196,0.137731E-01
4.58313,19.9223,0.553435E-01
4.58374,19.9249,-0.618521E-02
4.58435,19.9276,-0.165864E-02
4.58496,19.9302,-0.548782E-01
4.58557,19.9329,-0.956602E-01
4.58618,19.9355,0.499005E-01
4.58679,19.9382,0.167330E-01
4.58740,19.9408,0.402677E-02
4.58801,19.9435,0.446601E-01
4.58862,19.9461,0.462691E-01
4.58923,19.9488,-0.495156E-01
4.58984,19.9514,-0.274254E-01
4.59045,19.9541,-0.165851E-01
4.59106,19.9567,0.925121E-01
4.59167,19.9594,0.151791E-01
4.59229,19.9621,-0.153244E-01
4.59290,19.9647,0.123217E-01
4.59351,19.9674,0.540306E-01
4.59412,19.9700,-0.256075E-01
4.59473,19.9727,-0.500101E-02
4.59534,19.9753,0.406273E-01
4.59595,19.9780,-0.558447E-01
4.59656,19.9806,0.486322E-02
4.59717,19.9833,0.829743E-01
4.59778,19.9859,0.289221E-01
4.59839,19.9886,0.144074E-01
4.59900,19.9912,0.372479E-01
4.59961,19.9939,-0.285661E-01
4.60022,19.9965,-0.667373E-01
4.60083,19.9992,0.435997E-01
4.60144,20.0019,-0.631079E-02
4.60205,20.0045,-0.980853E-02
4.60266,20.0072,0.141038
4.60327,20.0098,-0.508152E-01
4.60388,20.0125,-0.380049E-01
4.60449,20.0151,-0.466723E-02
4.60510,20.0178,0.922416E-02
4.60571,20.0204,-0.471314E-01
4.60632,20.0231,0.137287E-02
4.60693,20.0257,0.443826E-01
4.60754,20.0284,0.190078
4.60815,20.0310,-0.668371E-01
4.60876,20.0337,0.112210
4.60938,20.0363,-0.440966E-02
4.60999,20.0390,0.628095E-01
4.61060,20.0416,0.229957E-01
4.61121,20.0443,-0.245429E-01
4.61182,20.0470,0.272067E-01
4.61243,20.0496,-0.263845E-01
4.61304,20.0523,-0.181136E-01
4.61365,20.0549,-0.272717E-02
4.61426,20.0576,0.995665E-01
4.61487,20.0602,-0.205716E-01
4.61548,20.0629,-0.149793E-01
4.61609,20.0655,0.715944E-02
4.61670,20.0682,0.763375E-02
4.61731,20.0708,0.278973E-01
4.61792,20.0735,-0.117981E-01
4.61853,20.0761,0.746881E-02
4.61914,20.0788,0.618946E-02
4.61975,20.0814,0.167488E-01
4.62036,20.0841,0.680920E-02
4.62097,20.0868,-0.236638E-02
4.62158,20.0894,0.139042E-01
4.62219,20.0921,0.479112E-02
4.62280,20.0947,-0.747903E-01
4.62341,20.0974,0.923109E-01
4.62402,20.1000,0.631992E-01
4.62463,20.1027,-0.267501E-01
4.62524,20.1053,-0.210949E-01
4.62585,20.1080,-0.493374E-01
4.62646,20.1106,0.273985E-01
4.62708,20.1133,-0.995050E-01
4.62769,20.1159,0.756221E-01
4.62830,20.1186,0.107552E-01
4.62891,20.1212,0.429900E-01
4.62952,20.1239,0.389461E-01
4.63013,20.1265,0.190734E-01
4.63074,20.1292,0.966986E-01
4.63135,20.1319,-0.149314E-01
4.63196,20.1345,0.344481E-01
4.63257,20.1372,0.675543E-02
4.63318,20.1398,-0.291584E-01
4.63379,20.1425,-0.216767E-02
4.63440,20.1451,-0.233955E-01
4.63501,20.1478,-0.307862E-01
4.63562,20.1504,-0.194880E-01
4.63623,20.1531,-0.722228E-01
4.63684,20.1557,0.114527E-01
4.63745,20.1584,0.108504E-01
4.63806,20.1610,-0.110371E-01
4.63867,20.1637,0.451288E-03
4.63928,20.1663,-0.951324E-03
4.63989,20.1690,-0.495045E-01
4.64050,20.1717,0.985441E-04
4.64111,20.1743,0.423245E-01
4.64172,20.1770,-0.344252E-01
4.64233,20.1796,-0.123481E-01
4.64294,20.1823,-0.112736E-01
4.64355,20.1849,0.189425E-01
4.64417,20.1876,-0.130470E-01
4.64478,20.1902,-0.157767E-01
4.64539,20.1929,-0.113539E-02
4.64600,20.1955,0.619013E-01
4.64661,20.1982,0.415650E-02
4.64722,20.2008,-0.249214E-01
4.64783,20.2035,0.103007
4.64844,20.2061,0.411998E-01
4.64905,20.2088,-0.724510E-02
4.64966,20.2114,-0.383780E-01
4.65027,20.2141,0.483765E-01
4.65088,20.2168,-0.300669E-01
4.65149,20.2194,-0.649418E-01
4.65210,20.2221,-0.879848E-02
4.65271,20.2247,0.137717E-01
4.65332,20.2274,-0.661299E-01
4.65393,20.2300,0.122114
4.65454,20.2327,-0.435741E-01
4.65515,20.2353,-0.157930E-02
4.65576,20.2380,-0.168266E-01
4.65637,20.2406,0.434081E-01
4.65698,20.2433,0.296856E-02
4.65759,20.2459,-0.394915E-01
4.65820,20.2486,-0.361831E-01
4.65881,20.2512,0.267154E-01
4.65942,20.2539,-0.132034E-02
4.66003,20.2566,0.341502E-01
4.66064,20.2592,-0.388126E-01
4.66125,20.2619,-0.123534E-02
4.66187,20.2645,0.164365E-01
4.66248,20.2672,0.313337E-01
4.66309,20.2698,0.271755E-01
4.66370,20.2725,-0.996740E-01
4.66431,20.2751,-0.118662E-02
4.66492,20.2778,-0.718500E-02
4.66553,20.2804,0.702143E-02
4.66614,20.2831,-0.961686E-02
4.66675,20.2857,-0.109268E-01
4.66736,20.2884,0.248375E-01
4.66797,20.2910,0.659558E-01
4.66858,20.2937,-0.789071E-02
4.66919,20.2963,-0.806703E-05
4.66980,20.2990,-0.200633E-01
4.67041,20.3017,-0.910441E-01
4.67102,20.3043,-0.423343E-01
4.67163,20.3070,-0.265482E-01
4.67224,20.3096,-0.859524E-02
4.67285,20.3123,-0.135256E-01
4.67346,20.3149,0.692629E-01
4.67407,20.3176,0.109450E-01
4.67468,20.3202,-0.536352E-02
4.67529,20.3229,0.185693E-01
4.67590,20.3255,0.157092E-01
4.67651,20.3282,-0.482836E-01
4.67712,20.3308,-0.121292E-01
4.67773,20.3335,0.983211E-01
4.67834,20.3361,0.396738E-01
4.67896,20.3388,0.927415E-02
4.67957,20.3415,0.787046E-01
4.68018,20.3441,0.829431E-02
4.68079,20.3468,-0.356915E-01
4.68140,20.3494,-0.153036E-01
4.68201,20.3521,0.541616E-01
4.68262,20.3547,-0.979410E-01
4.68323,20.3574,0.254489E-01
4.68384,20.3600,0.207001E-01
4.68445,20.3627,0.976550E-02
4.68506,20.3653,-0.968476E-01
4.68567,20.3680,0.631547E-01
4.68628,20.3706,-0.769664E-03
4.68689,20.3733,0.688790E-01
4.68750,20.3759,-0.126153E-01
4.68811,20.3786,-0.465035E-01
4.68872,20.3812,-0.514068E-01
4.68933,20.3839,-0.218756E-01
4.68994,20.3866,-0.532623E-02
4.69055,20.3892,0.188306E-01
4.69116,20.3919,-0.125970E-01
4.69177,20.3945,-0.750364E-01
4.69238,20.3972,-0.275744E-02
4.69299,20.3998,0.562062E-02
4.69360,20.4025,0.459747E-02
4.69421,20.4051,0.956429E-02
4.69482,20.4078,-0.505941E-01
4.69543,20.4104,-0.915448E-02
4.69604,20.4131,-0.460087E-03
4.69666,20.4157,0.146630E-01
4.69727,20.4184,-0.811384E-02
4.69788,20.4210,-0.170005E-01
4.69849,20.4237,0.518179E-01
4.69910,20.4264,-0.501003E-01
4.69971,20.4290,-0.991144E-02
4.70032,20.4317,0.426533E-01
4.70093,20.4343,0.107235E-01
4.70154,20.4370,-0.287097E-01
4.70215,20.4396,0.302805E-01
4.70276,20.4423,-0.390585E-01
4.70337,20.4449,0.415506E-01
4.70398,20.4476,-0.160780E-02
4.70459,20.4502,-0.384591E-01
4.70520,20.4529,0.787391E-02
4.70581,20.4555,-0.611401E-01
4.70642,20.4582,0.417091E-01
4.70703,20.4608,-0.381816E-01
4.70764,20.4635,-0.540863E-01
4.70825,20.4661,0.388534E-01
4.70886,20.4688,0.386933E-01
4.70947,20.4715,0.279295E-01
4.71008,20.4741,-0.122047E-02
4.71069,20.4768,0.586659E-01
4.71130,20.4794,0.485571E-01
4.71191,20.4821,0.453629E-01
4.71252,20.4847,-0.133390E-01
4.71313,20.4874,0.163600E-01
4.71375,20.4900,-0.668653E-03
4.71436,20.4927,-0.506137E-01
4.71497,20.4953,-0.388532E-01
4.71558,20.4980,-0.121811E-01
4.71619,20.5006,0.320018E-01
4.71680,20.5033,0.661289E-02
4.71741,20.5059,0.161555E-01
4.71802,20.5086,0.216211E-01
4.71863,20.5113,-0.423199E-01
4.71924,20.5139,0.164727E-02
4.71985,20.5166,-0.222659E-02
4.72046,20.5192,0.226353E-01
4.72107,20.5219,-0.504883E-01
4.72168,20.5245,-0.212734E-01
4.72229,20.5272,0.322607E-01
4.72290,20.5298,0.192356E-01
4.72351,20.5325,-0.330672E-02
4.72412,20.5351,-0.135431E-01
4.72473,20.5378,0.220993E-01
4.72534,20.5404,-0.250399E-01
4.72595,20.5431,-0.403667E-01
4.72656,20.5457,0.231519E-01
4.72717,20.5484,-0.274233E-01
4.72778,20.5510,-0.497132E-01
4.72839,20.5537,0.575145E-01
4.72900,20.5564,0.522922E-01
4.72961,20.5590,0.468287E-01
4.73022,20.5617,-0.853119E-02
4.73083,20.5643,-0.239730E-01
4.73145,20.5670,0.723277E-01
4.73206,20.5696,-0.126660
4.73267,20.5723,-0.148712E-01
4.73328,20.5749,-0.995509E-03
4.73389,20.5776,-0.190571E-02
4.73450,20.5802,0.419035E-01
4.73511,20.5829,0.421451E-01
4.73572,20.5855,0.947775E-01
4.73633,20.5882,0.935649E-02
4.73694,20.5908,-0.121490E-01
4.73755,20.5935,-0.870877E-02
4.73816,20.5962,0.122606E-01
4.73877,20.5988,-0.101183E-01
4.73938,20.6015,-0.140572E-01
4.73999,20.6041,-0.658176E-02
4.74060,20.6068,-0.751229E-01
4.74121,20.6094,-0.144321E-01
4.74182,20.6121,0.155097E-01
4.74243,20.6147,-0.322773E-01
4.74304,20.6174,-0.323904E-01
4.74365,20.6200,0.382931E-01
4.74426,20.6227,0.196747E-01
4.74487,20.6253,-0.372986E-01
4.74548,20.6280,-0.679112E-02
4.74609,20.6306,-0.916607E-02
4.74670,20.6333,0.114625E-02
4.74731,20.6359,0.149050E-02
4.74792,20.6386,-0.145859E-02
4.74854,20.6413,-0.146890E-01
4.74915,20.6439,0.353102E-01
4.74976,20.6466,0.117158E-01
4.75037,20.6492,-0.282777E-01
4.75098,20.6519,0.597124E-01
4.75159,20.6545,-0.242830E-01
4.75220,20.6572,0.158740E-01
4.75281,20.6598,-0.243380E-01
4.75342,20.6625,0.146540E-01
4.75403,20.6651,-0.495950E-01
4.75464,20.6678,0.542666E-02
4.75525,20.6704,0.175515E-02
4.75586,20.6731,0.269792E-01
4.75647,20.6757,-0.709590E-01
4.75708,20.6784,-0.259201E-01
4.75769,20.6811,-0.490537E-02
4.75830,20.6837,0.384404E-01
4.75891,20.6864,0.240186E-01
4.75952,20.6890,-0.116462E-01
4.76013,20.6917,0.182415E-01
4.76074,20.6943,0.723497E-01
4.76135,20.6970,-0.737841E-02
4.76196,20.6996,0.263411E-01
4.76257,20.7023,-0.945356E-02
4.76318,20.7049,-0.649524E-01
4.76379,20.7076,0.691344E-01
4.76440,20.7102,0.247452E-02
4.76501,20.7129,-0.763564E-02
4.76562,20.7155,-0.114449E-01
4.76624,20.7182,-0.268002E-01
4.76685,20.7208,0.565460E-01
4.76746,20.7235,0.421645E-01
4.76807,20.7262,0.329170E-01
4.76868,20.7288,0.906977E-02
4.76929,20.7315,0.557438E-01
4.76990,20.7341,0.946447E-02
4.77051,20.7368,-0.831996E-03
4.77112,20.7394,0.468931E-01
4.77173,20.7421,-0.139820E-02
4.77234,20.7447,0.121960E-01
4.77295,20.7474,-0.448471E-02
4.77356,20.7500,-0.143981E-01
4.77417,20.7527,0.573794E-01
4.77478,20.7553,-0.529453E-02
4.77539,20.7580,0.751258E-01
4.77600,20.7606,0.162066E-01
4.77661,20.7633,0.161486E-01
4.77722,20.7659,0.279616E-01
4.77783,20.7686,0.298576E-02
4.77844,20.7713,-0.469050E-02
4.77905,20.7739,-0.501497E-01
4.77966,20.7766,0.100237E-01
4.78027,20.7792,0.144715E-01
4.78088,20.7819,-0.333469E-01
4.78149,20.7845,-0.233419E-01
4.78210,20.7872,-0.352389E-02
4.78271,20.7898,-0.491424E-01
4.78333,20.7925,0.130011E-01
4.78394,20.7951,0.513220E-01
4.78455,20.7978,0.575014E-01
4.78516,20.8004,0.710242E-01
4.78577,20.8031,0.276310E-01
4.78638,20.8057,-0.445313E-01
4.78699,20.8084,0.373307E-01
4.78760,20.8111,0.338669E-01
4.78821,20.8137,0.205702E-02
4.78882,20.8164,0.651268E-01
4.78943,20.8190,0.255209E-01
4.79004,20.8217,0.117051E-01
4.79065,20.8243,-0.470330E-01
4.79126,20.8270,-0.975889E-02
4.79187,20.8296,0.425805E-01
4.79248,20.8323,0.992864E-03
4.79309,20.8349,0.188240E-01
4.79370,20.8376,-0.498356E-01
4.79431,20.8402,-0.135354E-01
4.79492,20.8429,-0.351610E-01
4.79553,20.8455,0.264746E-01
4.79614,20.8482,0.173134E-01
4.79675,20.8508,-0.206983E-01
4.79736,20.8535,-0.481288E-01
4.79797,20.8562,0.446397E-02
4.79858,20.8588,-0.262645E-01
4.79919,20.8615,0.305594E-01
4.79980,20.8641,0.381222E-01
4.80042,20.8668,-0.391949E-02
4.80103,20.8694,0.607732E-01
4.80164,20.8721,-0.459992E-02
4.80225,20.8747,0.150085E-01
4.80286,20.8774,0.554151E-02
4.80347,20.8800,0.625839E-01
4.80408,20.8827,-0.267984E-01
4.80469,20.8853,0.397662E-01
4.80530,20.8880,-0.300227E-01
4.80591,20.8906,-0.733044E-01
4.80652,20.8933,-0.368864E-01
4.80713,20.8960,0.231444E-01
4.80774,20.8986,-0.107556
4.80835,20.9013,-0.890790E-02
4.80896,20.9039,-0.584194E-02
4.80957,20.9066,-0.755920E-02
4.81018,20.9092,0.177353E-01
4.81079,20.9119,0.303529E-01
4.81140,20.9145,-0.426651E-01
4.81201,20.9172,-0.105574
4.81262,20.9198,0.137266
4.81323,20.9225,-0.155586E-01
4.81384,20.9251,0.565997E-01
4.81445,20.9278,0.552796E-02
4.81506,20.9304,0.217231E-01
4.81567,20.9331,0.439330E-01
4.81628,20.9357,0.141208E-01
4.81689,20.9384,0.648894E-01
4.81750,20.9411,0.229376E-01
4.81812,20.9437,0.176151E-02
4.81873,20.9464,0.257757E-02
4.81934,20.9490,-0.214943E-02
4.81995,20.9517,0.109784
4.82056,20.9543,-0.499059E-01
4.82117,20.9570,-0.203175E-02
4.82178,20.9596,0.161096E-02
4.82239,20.9623,-0.129094E-01
4.82300,20.9649,0.327734E-01
4.82361,20.9676,0.599042E-01
4.82422,20.9702,0.134807E-02
4.82483,20.9729,0.538231E-01
4.82544,20.9755,0.152873E-01
4.82605,20.9782,0.394264E-01
4.82666,20.9809,-0.729288E-01
4.82727,20.9835,0.447466E-01
4.82788,20.9862,-0.364844E-01
4.82849,20.9888,0.432830E-04
4.82910,20.9915,0.567676E-01
4.82971,20.9941,-0.144845E-01
4.83032,20.9968,-0.885721E-02
4.83093,20.9994,0.348929E-02
4.83154,21.0021,0.352601E-01
4.83215,21.0047,0.491487E-02
4.83276,21.0074,-0.719469E-02
4.83337,21.0100,-0.919750E-01
4.83398,21.0127,0.395013E-01
4.83459,21.0153,0.348794E-01
4.83521,21.0180,-0.425067E-01
4.83582,21.0206,0.108380E-01
4.83643,21.0233,-0.202619E-02
4.83704,21.0260,0.287335E-01
4.83765,21.0286,-0.241291E-01
4.83826,21.0313,0.969398E-01
4.83887,21.0339,0.163449
4.83948,21.0366,-0.622259E-01
4.84009,21.0392,-0.545121E-01
4.84070,21.0419,0.177425E-01
4.84131,21.0445,-0.837279E-01
4.84192,21.0472,-0.296975E-02
4.84253,21.0498,0.333718E-01
4.84314,21.0525,-0.192989E-01
4.84375,21.0551,-0.136491E-01
4.84436,21.0578,-0.167051E-01
4.84497,21.0604,0.276275E-01
4.84558,21.0631,0.987192E-01
4.84619,21.0658,0.211224E-02
4.84680,21.0684,-0.539004E-02
4.84741,21.0711,-0.141487E-02
4.84802,21.0737,0.617698E-02
4.84863,21.0764,0.965828E-02
4.84924,21.0790,0.362078E-01
4.84985,21.0817,-0.556217E-02
4.85046,21.0843,0.845280E-02
4.85107,21.0870,-0.399952E-01
4.85168,21.0896,0.858357E-02
4.85229,21.0923,-0.135870E-01
4.85291,21.0949,-0.989099E-02
4.85352,21.0976,-0.264305E-01
4.85413,21.1002,0.132731E-01
4.85474,21.1029,0.321505E-01
4.85535,21.1055,0.602711E-01
4.85596,21.1082,-0.335531E-01
4.85657,21.1109,0.151736E-01
4.85718,21.1135,0.369269E-01
4.85779,21.1162,0.372961E-01
4.85840,21.1188,0.679393E-01
4.85901,21.1215,0.108227
4.85962,21.1241,0.294192E-01
4.86023,21.1268,0.347745E-01
4.86084,21.1294,-0.112155
4.86145,21.1321,0.393005E-02
4.86206,21.1347,-0.123598E-01
4.86267,21.1374,0.525445E-02
4.86328,21.1400,0.596834E-02
4.86389,21.1427,-0.320521E-01
4.86450,21.1453,0.380676E-01
4.86511,21.1480,-0.162777E-01
4.86572,21.1507,-0.480876E-01
4.86633,21.1533,0.764807E-01
4.86694,21.1560,-0.865570E-01
4.86755,21.1586,0.155669E-02
4.86816,21.1613,0.505906E-02
4.86877,21.1639,-0.291086E-01
4.86938,21.1666,-0.123902E-02
4.87000,21.1692,0.425780E-01
4.87061,21.1719,-0.406499E-01
4.87122,21.1745,0.292596E-02
4.87183,21.1772,-0.223495E-01
4.87244,21.1798,-0.893494E-02
4.87305,21.1825,0.411398E-01
4.87366,21.1851,-0.145243
4.87427,21.1878,0.391694E-02
4.87488,21.1904,-0.645325E-01
4.87549,21.1931,-0.321866E-01
4.87610,21.1958,0.918343E-02
4.87671,21.1984,0.115519E-01
4.87732,21.2011,-0.484143E-03
4.87793,21.2037,0.486648E-01
4.87854,21.2064,-0.190324E-01
4.87915,21.2090,-0.346123E-01
4.87976,21.2117,-0.182087E-01
4.88037,21.2143,0.489501E-01
4.88098,21.2170,0.690661E-02
4.88159,21.2196,-0.910826E-03
4.88220,21.2223,0.542059E-02
4.88281,21.2249,0.702535E-02
4.88342,21.2276,-0.306385E-01
4.88403,21.2302,0.684596E-01
4.88464,21.2329,-0.786192E-02
4.88525,21.2356,0.792320E-01
4.88586,21.2382,-0.402069E-01
4.88647,21.2409,-0.319527E-01
4.88708,21.2435,-0.465931E-01
4.88770,21.2462,0.653116E-02
4.88831,21.2488,0.443382E-01
4.88892,21.2515,-0.724154E-01
4.88953,21.2541,0.596478E-01
4.89014,21.2568,0.197055E-01
4.89075,21.2594,0.114131
4.89136,21.2621,-0.534146E-01
4.89197,21.2647,-0.257182E-02
4.89258,21.2674,-0.378096E-01
4.89319,21.2700,0.670353E-02
4.89380,21.2727,-0.750915E-02
4.89441,21.2753,0.120236E-01
4.89502,21.2780,-0.656249E-02
4.89563,21.2807,0.105278E-02
4.89624,21.2833,0.869410E-02
4.89685,21.2860,-0.205807E-01
4.89746,21.2886,0.107439
4.89807,21.2913,0.424607E-01
4.89868,21.2939,-0.424331E-01
4.89929,21.2966,-0.809489E-01
4.89990,21.2992,0.195641E-01
4.90051,21.3019,-0.252531E-01
4.90112,21.3045,0.173891E-01
4.90173,21.3072,0.462665E-02
4.90234,21.3098,-0.200488E-01
4.90295,21.3125,0.290108E-01
4.90356,21.3151,0.447327E-01
4.90417,21.3178,-0.910683E-02
4.90479,21.3205,-0.168500E-01
4.90540,21.3231,-0.676706E-02
4.90601,21.3258,-0.375396E-01
4.90662,21.3284,-0.113044E-01
4.90723,21.3311,0.432273E-02
4.90784,21.3337,0.267543E-01
4.90845,21.3364,-0.296749E-01
4.90906,21.3390,0.420990E-01
4.90967,21.3417,-0.332102E-01
4.91028,21.3443,-0.644457E-01
4.91089,21.3470,-0.978633E-01
4.91150,21.3496,0.107808E-01
4.91211,21.3523,-0.398186E-02
4.91272,21.3549,-0.324845E-01
4.91333,21.3576,-0.790801E-03
4.91394,21.3602,0.406996E-01
4.91455,21.3629,-0.683488E-01
4.91516,21.3656,0.890476E-02
4.91577,21.3682,0.191470E-02
4.91638,21.3709,0.458266E-01
4.91699,21.3735,0.327522E-01
4.91760,21.3762,0.309345E-02
4.91821,21.3788,-0.736823E-02
4.91882,21.3815,-0.146183E-01
4.91943,21.3841,0.519801E-01
4.92004,21.3868,-0.291112E-01
4.92065,21.3894,-0.128467E-02
4.92126,21.3921,0.289139E-01
4.92188,21.3947,0.530299E-01
4.92249,21.3974,-0.966698E-02
4.92310,21.4000,-0.194364E-01
4.92371,21.4027,-0.477653E-02
4.92432,21.4054,-0.984862E-01
4.92493,21.4080,0.613823E-01
4.92554,21.4107,-0.631171E-01
4.92615,21.4133,0.589536E-01
4.92676,21.4160,0.869843E-01
4.92737,21.4186,-0.174331E-01
4.92798,21.4213,0.713758E-01
4.92859,21.4239,0.295252E-01
4.92920,21.4266,-0.145256E-01
4.92981,21.4292,0.370977E-01
4.93042,21.4319,-0.945716E-02
4.93103,21.4345,0.394644E-01
4.93164,21.4372,0.845147E-02
4.93225,21.4398,-0.624814E-01
4.93286,21.4425,0.241859E-01
4.93347,21.4451,-0.358657E-01
4.93408,21.4478,0.651458E-01
4.93469,21.4505,0.199965E-01
4.93530,21.4531,0.781838E-02
4.93591,21.4558,-0.369150E-01
4.93652,21.4584,-0.182825E-01
4.93713,21.4611,-0.283917E-01
4.93774,21.4637,-0.398483E-02
4.93835,21.4664,-0.889861E-03
4.93896,21.4690,0.387679E-01
4.93958,21.4717,0.690275E-01
4.94019,21.4743,0.251697E-01
4.94080,21.4770,0.769897E-01
4.94141,21.4796,-0.205408E-02
4.94202,21.4823,-0.359955E-01
4.94263,21.4849,0.149802E-02
4.94324,21.4876,0.640988E-01
4.94385,21.4903,0.174955
4.94446,21.4929,0.427543E-01
4.94507,21.4956,0.519968E-01
4.94568,21.4982,-0.187419E-01
4.94629,21.5009,0.467558E-01
4.94690,21.5035,-0.351186E-01
4.94751,21.5062,0.141295
4.94812,21.5088,0.128424E-01
4.94873,21.5115,0.282190E-01
4.94934,21.5141,-0.143102E-01
4.94995,21.5168,-0.927895E-03
4.95056,21.5194,0.334809E-01
4.95117,21.5221,-0.886636E-02
4.95178,21.5247,0.345659E-01
4.95239,21.5274,-0.629757E-01
4.95300,21.5300,0.192386E-01
4.95361,21.5327,0.143284E-01
4.95422,21.5354,0.781176E-02
4.95483,21.5380,0.582147E-01
4.95544,21.5407,-0.384450E-01
4.95605,21.5433,0.121221E-02
4.95667,21.5460,0.207982E-01
4.95728,21.5486,-0.590939E-01
4.95789,21.5513,0.562485E-02
4.95850,21.5539,0.340750E-01
4.95911,21.5566,-0.556292E-01
4.95972,21.5592,0.442493E-01
4.96033,21.5619,-0.132665
4.96094,21.5645,-0.130708
4.96155,21.5672,0.614177E-01
4.96216,21.5698,0.382800E-01
4.96277,21.5725,-0.716289E-01
4.96338,21.5752,0.378831E-02
4.96399,21.5778,0.146080E-01
4.96460,21.5805,-0.484422E-01
4.96521,21.5831,0.208028E-01
4.96582,21.5858,-0.613038E-02
4.96643,21.5884,0.178582E-02
4.96704,21.5911,-0.874539E-01
4.96765,21.5937,-0.493354E-01
4.96826,21.5964,0.852447E-02
4.96887,21.5990,0.550010E-01
4.96948,21.6017,-0.256343E-01
4.97009,21.6043,-0.813137E-01
4.97070,21.6070,0.331559E-01
4.97131,21.6096,0.659121E-02
4.97192,21.6123,-0.829821E-01
4.97253,21.6149,-0.108584
4.97314,21.6176,0.165877E-01
4.97375,21.6203,-0.270687E-01
4.97437,21.6229,0.253316E-01
4.97498,21.6256,0.519315E-01
4.97559,21.6282,0.296221E-01
4.97620,21.6309,-0.464211E-02
4.97681,21.6335,0.313052E-02
4.97742,21.6362,0.119893E-01
4.97803,21.6388,0.243071E-01
4.97864,21.6415,-0.208177E-01
4.97925,21.6441,0.366336E-02
4.97986,21.6468,0.592509E-02
4.98047,21.6494,0.778857E-01
4.98108,21.6521,-0.592633E-02
4.98169,21.6547,0.134869E-02
4.98230,21.6574,0.119178
4.98291,21.6601,0.650447E-01
4.98352,21.6627,-0.317805E-01
4.98413,21.6654,0.176663E-01
4.98474,21.6680,-0.497799E-01
4.98535,21.6707,-0.132550
4.98596,21.6733,-0.664503E-01
4.98657,21.6760,-0.154495E-01
4.98718,21.6786,-0.637340E-02
4.98779,21.6813,0.607133E-01
4.98840,21.6839,-0.463144E-01
4.98901,21.6866,0.867176E-02
4.98962,21.6892,0.112886E-01
4.99023,21.6919,0.457645E-02
4.99084,21.6945,0.319036E-01
4.99146,21.6972,0.500955E-02
4.99207,21.6998,-0.911634E-02
4.99268,21.7025,-0.955896E-02
4.99329,21.7052,-0.329610E-01
4.99390,21.7078,-0.129094E-01
4.99451,21.7105,-0.159061E-01
4.99512,21.7131,0.112680E-01
4.99573,21.7158,-0.875216E-03
4.99634,21.7184,-0.218314E-01
4.99695,21.7211,-0.503127E-01
4.99756,21.7237,-0.192929E-01
4.99817,21.7264,-0.790885E-01
4.99878,21.7290,0.195599E-01
4.99939,21.7317,-0.571306E-01
5.00000,21.7343,0.647190E-01
